sim_time,wall_time,seq,x_fa_meas,y_fa_meas,psi_meas,u_meas,v_meas,omega_meas,x_fa_true,y_fa_true,psi_true,u_true,x_fa_comp,y_fa_comp,psi_comp,u_comp,v_comp,omega_comp,ax_state,delta_prev_state,x_ref_0,y_ref_0,psi_ref_0,v_ref_0,delta_dot,Jx,mpc_cost,solver_status,solver_iters,terrain_class_est,terrain_confidence,n_terrain_est,terrain_update_applied,residual_enabled,residual_du_pred,residual_dv_pred,residual_domega_pred,residual_updates,residual_last_loss,residual_last_update_ms,steering,throttle,braking,steering_angle,acceleration,tau_one_way_ms,tau_solve_ms,tau_comp_ms,solve_time_ms,crosstrack_err,heading_err_deg,speed_err,pred1_age_s,pred1_pos_err_m,pred1_psi_err_deg,pred1_u_err_mps,pred1_v_err_mps,pred1_omega_err_radps,actual_Fy_front,actual_Fy_rear,pred_Fy_front,pred_Fy_rear,alpha_f,alpha_r,Fz_f_mean,Fz_r_mean,kappa_diag,kappa_meas_diag,sr_diag,u_safe_diag,speed_fade_diag,force_resid_dFy_f,force_resid_dFy_r,force_resid_updates,force_resid_bias_f,force_resid_bias_r
0.0000,1778843152.553898,0,1.669487,-0.012621,0.000395,-0.0117,-0.0150,-0.001654,1.648994,-0.000000,-0.000000,-0.0020,1.669377,-0.012756,0.000385,-0.0050,-0.0001,-0.000003,-0.112873,0.0000,1.669377,0.000000,-0.000000,1.3876,0.000000,2.000000,330.3259,4,1,clay,1.0000,0.500000,0,0,0.000000,0.000000,0.000000,0,nan,0.00,0.000000,0.0505,0.0000,0.000000,0.2000,17.08,9.36,43.51,5.72,-0.000000,-0.0000,-1.3897,nan,nan,nan,nan,nan,nan,0.0,0.0,-125.63172253102613,-0.6542315065725575,0.035196,0.024280,6560.5,6060.0,-0.049837,0.000000,0.000000,0.5000,1.0000,,,,,
0.0120,1778843152.560270,1,1.740682,-0.051906,-0.004870,-0.0876,0.0768,0.001073,1.648913,-0.000001,-0.000000,-0.0094,1.740623,-0.051890,-0.004874,-0.0024,0.0000,0.000001,-0.021098,0.0000,1.740623,0.000000,-0.000000,1.2660,0.000000,2.000000,316.8160,4,1,clay,1.0000,0.500000,0,0,0.000000,0.000000,0.000000,0,nan,0.00,0.000000,0.0549,0.0000,0.000000,0.2240,15.32,8.40,39.05,3.01,-0.000001,-0.0000,-1.2753,nan,nan,nan,nan,nan,nan,0.0,0.0,-103.00471834688571,29.77850414456654,-0.002011,-0.009451,6557.6,6063.0,-0.044639,0.000000,0.000000,0.5000,1.0000,,,,,
0.0240,1778843152.563860,2,1.668582,0.040024,-0.002976,-0.0396,0.0671,0.001561,1.648775,-0.000002,-0.000002,-0.0125,1.668546,0.040145,-0.002976,-0.0016,0.0002,0.000008,-0.012382,0.0000,1.668546,0.000000,-0.000000,1.3889,0.000000,2.000000,279.3592,4,1,clay,1.0000,0.500000,0,0,0.000000,0.000000,0.000000,0,nan,0.00,0.000000,0.0597,0.0000,0.000000,0.2480,13.18,8.20,34.55,7.01,-0.000002,-0.0001,-1.4014,nan,nan,nan,nan,nan,nan,0.0,0.0,-13.762932652658023,57.2528864323905,-0.028547,-0.032549,6552.7,6067.9,-0.036164,0.000000,0.000000,0.5000,1.0000,,,,,
0.0360,1778843152.575580,3,1.689790,0.066193,-0.000272,-0.1131,-0.0471,0.001493,1.648627,-0.000004,-0.000003,-0.0121,1.689773,0.066217,-0.000273,-0.0008,0.0001,0.000003,0.004082,0.0000,1.689773,0.000000,-0.000000,1.3559,0.000000,2.000000,294.8249,4,1,clay,1.0000,0.500000,0,0,0.000000,0.000000,0.000000,0,nan,0.00,0.000000,0.0651,0.0000,0.000000,0.2720,11.29,7.40,29.97,2.90,-0.000004,-0.0002,-1.3679,nan,nan,nan,nan,nan,nan,0.0,0.0,-75.88964123266527,36.960629186692216,-0.005702,-0.007023,6546.5,6074.0,-0.025369,0.000000,0.000000,0.5000,1.0000,,,,,
0.0480,1778843152.587481,4,1.597010,0.049844,0.000803,0.0342,0.0326,0.000916,1.648492,-0.000007,-0.000005,-0.0106,1.597182,0.049915,0.000805,0.0065,0.0003,0.000013,0.023897,0.0000,1.597182,0.000000,0.000000,1.4857,0.000000,2.000000,301.5699,4,1,clay,1.0000,0.500000,0,0,0.000000,0.000000,0.000000,0,nan,0.00,0.000000,0.0710,0.0000,0.000000,0.2960,9.68,6.72,26.08,2.88,-0.000007,-0.0003,-1.4963,nan,nan,nan,nan,nan,nan,0.0,0.0,-33.428157485790194,47.36357674207564,-0.017762,-0.017657,6539.5,6081.1,-0.013080,0.000000,0.000000,0.5000,1.0000,,,,,
0.0600,1778843152.599489,5,1.736028,0.052007,-0.003765,0.0485,0.0177,0.000958,1.648462,-0.000004,-0.000003,-0.0000,1.736377,0.052090,-0.003763,0.0154,0.0006,0.000024,0.052895,0.0000,1.736377,0.000000,-0.000000,1.2741,0.000000,2.000000,353.9357,4,1,clay,1.0000,0.500000,0,0,0.000000,0.000000,0.000000,0,nan,0.00,0.000000,0.0773,0.0000,0.000000,0.3200,8.31,6.14,22.76,2.84,-0.000004,-0.0002,-1.2742,nan,nan,nan,nan,nan,nan,0.0,0.0,-15.224126895703122,41.27971020648789,-0.021778,-0.020469,6530.4,6090.2,0.002745,0.000000,0.000000,0.5000,1.0000,,,,,
0.0720,1778843152.611520,6,1.747918,-0.024869,-0.000194,0.0036,-0.0113,0.000977,1.648468,0.000002,0.000000,0.0005,1.748184,-0.024818,-0.000191,0.0136,0.0005,0.000022,0.072236,0.0000,1.748184,0.000000,-0.000000,1.2511,0.000000,2.000000,323.1736,4,1,clay,1.0000,0.500000,0,0,0.000000,0.000000,0.000000,0,nan,0.00,0.000000,0.0840,0.0000,0.000000,0.3440,7.15,5.65,19.94,2.84,0.000002,0.0000,-1.2507,nan,nan,nan,nan,nan,nan,0.0,0.0,-33.195780769668076,39.761848767163386,-0.013808,-0.011504,6524.0,6096.5,0.013847,0.000000,0.000000,0.5000,1.0000,,,,,
0.0840,1778843152.623341,7,1.717916,-0.039255,-0.003181,0.0793,-0.0843,0.001088,1.648452,0.000007,0.000003,-0.0009,1.718383,-0.039336,-0.003180,0.0267,-0.0012,-0.000038,0.086225,0.0000,1.718383,0.000000,-0.000000,1.3073,0.000000,2.000000,364.4128,4,1,clay,1.0000,0.500000,0,0,0.000000,0.000000,0.000000,0,nan,0.00,0.000000,0.0910,0.0000,0.000000,0.3680,6.16,5.25,17.57,3.01,0.000007,0.0002,-1.3082,nan,nan,nan,nan,nan,nan,0.0,0.0,-42.90374460005866,76.96048705566213,0.020840,0.024088,6519.2,6101.3,0.022209,0.000000,0.000000,0.5000,1.0000,,,,,
0.0960,1778843152.635380,8,1.530575,0.021574,-0.007026,-0.0547,-0.0661,0.001094,1.648434,0.000013,0.000007,-0.0008,1.530911,0.021420,-0.007027,0.0219,-0.0030,-0.000090,0.104100,0.0000,1.530911,0.000000,0.000000,1.5637,0.000000,2.000000,293.9548,4,1,clay,1.0000,0.500000,0,0,0.000000,0.000000,0.000000,0,nan,0.00,0.000000,0.0985,0.0000,0.000000,0.3920,5.32,4.95,15.58,3.21,0.000013,0.0004,-1.5645,nan,nan,nan,nan,nan,nan,0.0,0.0,14.010179871823013,145.11958516160348,0.041697,0.045707,6513.6,6106.9,0.031938,0.000000,0.000000,0.5000,1.0000,,,,,
0.1080,1778843152.649912,9,1.557433,0.163884,0.000857,0.0008,0.0621,0.001147,1.648415,0.000020,0.000011,-0.0007,1.557681,0.163851,0.000859,0.0183,-0.0010,-0.000007,0.123558,0.0000,1.557681,0.000000,0.000000,1.5329,0.000000,2.000000,292.4550,4,1,clay,1.0000,0.500000,0,0,0.000000,0.000000,0.000000,0,nan,0.00,0.000000,0.1064,0.0000,0.000000,0.4160,4.62,4.75,13.99,3.63,0.000020,0.0006,-1.5336,0.008000,0.239626,0.0253,-0.483276,-0.005588,0.000414,0.0,0.0,-44.11388856137063,65.98303249326898,0.008906,0.013612,6507.9,6112.7,0.042028,0.000000,0.000000,0.5000,1.0000,,,,,
0.1200,1778843152.659449,10,1.626915,0.015385,-0.000098,-0.1289,-0.0363,0.000945,1.648397,0.000026,0.000015,-0.0006,1.627098,0.015314,-0.000097,0.0151,-0.0024,-0.000043,0.141981,0.0000,1.627098,0.000000,0.000000,1.4474,0.000000,2.000000,312.0402,4,1,clay,1.0000,0.500000,0,0,0.000000,0.000000,0.000000,0,nan,0.00,0.000000,0.1146,0.0000,0.000000,0.4400,4.01,4.48,12.50,2.96,0.000026,0.0008,-1.4480,0.008000,0.177084,0.2583,-0.486513,-0.011539,-0.001921,0.0,0.0,-21.18043055977003,102.12217974126807,0.020660,0.025662,6502.5,6118.1,0.051415,0.000000,0.000000,0.5000,1.0000,,,,,
0.1320,1778843152.671440,11,1.604634,0.000900,-0.002826,-0.0078,-0.0111,0.000146,1.648380,0.000033,0.000018,-0.0005,1.604768,0.000831,-0.002825,0.0126,-0.0028,-0.000029,0.160035,0.0000,1.604768,0.000000,0.000000,1.4762,0.000000,2.000000,308.7324,4,1,clay,1.0000,0.500000,0,0,0.000000,0.000000,0.000000,0,nan,0.00,0.000000,0.1232,0.0000,0.000000,0.4640,3.50,4.27,11.27,3.08,0.000033,0.0011,-1.4767,0.008000,0.120435,0.0117,-0.489123,-0.011449,0.001179,0.0,0.0,-17.788804481312,104.02206071857597,0.020857,0.025077,6497.3,6123.3,0.060523,0.000000,0.000000,0.5000,1.0000,,,,,
0.1440,1778843152.683402,12,1.658694,0.007261,-0.001495,0.0342,0.0055,0.003545,1.648364,0.000040,0.000022,-0.0004,1.658863,0.007219,-0.001491,0.0171,-0.0022,0.000046,0.178561,0.0000,1.658863,0.000000,-0.000000,1.4032,0.000000,2.000000,357.7914,4,1,clay,1.0000,0.500000,0,0,0.000000,0.000000,0.000000,0,nan,0.00,0.000000,0.1321,0.0000,0.000000,0.4880,3.05,4.07,10.16,2.94,0.000040,0.0013,-1.4036,0.008000,0.100273,-0.0589,-0.485026,-0.008173,0.003147,0.0,0.0,-41.53914064262375,87.94881865821492,0.012517,0.020450,6492.0,6128.6,0.069689,0.000000,0.000000,0.5000,1.0000,,,,,
0.1560,1778843152.695446,13,1.653179,-0.070610,-0.004734,0.0134,-0.0413,0.000629,1.648349,0.000047,0.000027,-0.0003,1.653328,-0.070687,-0.004731,0.0168,-0.0045,-0.000008,0.196697,0.0000,1.653328,0.000000,0.000000,1.4112,0.000000,2.000000,357.0844,4,1,clay,1.0000,0.500000,0,0,0.000000,0.000000,0.000000,0,nan,0.00,0.000000,0.1413,0.0000,0.000000,0.5120,2.67,3.91,9.26,2.99,0.000047,0.0015,-1.4115,0.008000,0.120702,-0.3076,-0.487388,-0.014589,0.002793,0.0,0.0,-0.4097118079219513,144.40358682933189,0.025698,0.032895,6486.9,6133.6,0.078530,0.000000,0.000000,0.5000,1.0000,,,,,
0.1680,1778843152.707428,14,1.642487,0.024910,0.001753,0.1380,-0.0182,0.001261,1.648334,0.000055,0.000031,-0.0002,1.642829,0.024835,0.001756,0.0406,-0.0052,0.000002,0.214913,0.0000,1.642829,0.000000,0.000000,1.4260,0.000000,2.000000,346.6479,4,1,clay,1.0000,0.500000,0,0,0.000000,0.000000,0.000000,0,nan,0.00,0.000000,0.1508,0.0000,0.000000,0.5360,2.35,3.75,8.46,2.84,0.000055,0.0018,-1.4263,0.008000,0.146920,0.3202,-0.466472,-0.015297,0.001854,0.0,0.0,3.447517202182567,155.67671579270092,0.027007,0.034421,6481.9,6138.7,0.087283,0.000000,0.000000,0.5000,1.0000,,,,,
0.1800,1778843152.719442,15,1.619174,0.026244,0.000984,-0.0161,-0.0284,0.001400,1.648320,0.000062,0.000035,-0.0002,1.619429,0.026159,0.000987,0.0331,-0.0066,0.000002,0.232579,0.0000,1.619429,0.000000,0.000000,1.4575,0.000000,2.000000,364.2239,4,1,clay,1.0000,0.500000,0,0,0.000000,0.000000,0.000000,0,nan,0.00,0.000000,0.1605,0.0000,0.000000,0.5600,2.09,3.61,7.79,2.85,0.000062,0.0020,-1.4576,0.008000,0.186848,0.0627,-0.475919,-0.017834,0.000371,0.0,0.0,25.274749349113293,189.38486235192167,0.031907,0.039671,6477.1,6143.5,0.095690,0.000000,0.000000,0.5000,1.0000,,,,,
0.1920,1778843152.731523,16,1.679615,0.017287,0.007730,0.0159,0.0289,0.001249,1.648307,0.000070,0.000039,-0.0001,1.679829,0.017251,0.007732,0.0301,-0.0036,0.000292,0.249909,0.0000,1.679829,0.000000,-0.000000,1.3716,0.000000,2.000000,297.0628,4,1,clay,1.0000,0.500000,0,0,0.000000,0.000000,0.000000,0,nan,0.00,0.000000,0.1705,0.0000,0.000000,0.5840,1.85,3.51,7.22,2.94,0.000070,0.0022,-1.3717,0.008000,0.106104,0.6139,-0.480296,-0.008798,-0.000755,0.0,0.0,-72.25954750416143,83.82289669293212,0.013800,0.021664,6472.4,6148.2,0.103881,0.000000,0.000000,0.5000,1.0000,,,,,
0.2040,1778843152.746293,17,1.711544,-0.022062,-0.000758,0.0196,-0.0502,0.000167,1.648295,0.000079,0.000044,-0.0000,1.711731,-0.022136,-0.000756,0.0284,-0.0073,0.000154,0.266458,0.0000,1.711731,0.000000,-0.000000,1.3190,0.000000,2.000000,289.5432,4,1,clay,1.0000,0.500000,0,0,0.000000,0.000000,0.000000,0,nan,0.00,0.000000,0.1807,0.0000,0.000000,0.6080,1.64,3.47,6.75,3.21,0.000079,0.0025,-1.3191,0.008000,0.136580,0.3536,-0.483774,-0.016804,0.000026,0.0,0.0,8.253862126089132,177.23710612355342,0.030436,0.036986,6467.9,6152.6,0.111652,0.000000,0.000000,0.5000,1.0000,,,,,
0.2160,1778843152.755435,18,1.735053,0.047508,-0.004594,0.0121,0.0112,0.001791,1.648284,0.000087,0.000048,0.0000,1.735211,0.047462,-0.004591,0.0256,-0.0052,0.000221,0.283201,0.0000,1.735211,0.000000,-0.000000,1.2764,0.000000,2.000000,289.7909,4,1,clay,1.0000,0.500000,0,0,0.000000,0.000000,0.000000,0,nan,0.00,0.000000,0.1912,0.0000,0.000000,0.6320,1.47,3.40,6.33,3.00,0.000087,0.0028,-1.2763,0.008000,0.171629,-0.2821,-0.488532,-0.011393,0.006434,0.0,0.0,-69.96990819168207,106.76572709126447,0.019128,0.026702,6463.5,6157.1,0.119388,0.000000,0.000000,0.5000,1.0000,,,,,
0.2280,1778843152.767502,19,1.566646,-0.013785,-0.006978,-0.0876,-0.0475,0.000862,1.648273,0.000096,0.000053,0.0001,1.566767,-0.013860,-0.006976,0.0210,-0.0087,0.000143,0.299885,0.0000,1.566767,0.000000,0.000000,1.5223,0.000000,2.000000,338.2754,4,1,clay,1.0000,0.500000,0,0,0.000000,0.000000,0.000000,0,nan,0.00,0.000000,0.2019,0.0000,0.000000,0.6560,1.33,3.31,5.98,2.82,0.000096,0.0030,-1.5222,0.008000,0.115593,-0.3916,-0.494985,-0.018374,0.001547,0.0,0.0,13.734659829738177,204.8413648625618,0.033255,0.040458,6459.1,6161.5,0.127057,0.000000,0.000000,0.5000,1.0000,,,,,
0.2400,1778843152.779478,20,1.670673,-0.092521,0.003043,0.0350,-0.0488,0.002657,1.648263,0.000105,0.000057,0.0001,1.670806,-0.092615,0.003045,0.0240,-0.0119,0.000175,0.316591,0.0000,1.670806,0.000000,-0.000000,1.3855,0.000000,2.000000,291.6129,4,1,clay,1.0000,0.500000,0,0,0.000000,0.000000,0.000000,0,nan,0.00,0.000000,0.2128,0.0000,0.000000,0.6800,1.21,3.24,5.65,2.84,0.000105,0.0033,-1.3854,0.008000,0.094298,0.3325,-0.493737,-0.024268,0.000759,0.0,0.0,91.95315260860332,310.0043491432798,0.044062,0.053253,6454.7,6165.9,0.134735,0.000000,0.000000,0.5000,1.0000,,,,,
0.2520,1778843152.791558,21,1.702701,-0.072084,0.010226,-0.0302,0.0652,-0.000181,1.648254,0.000115,0.000062,0.0001,1.702805,-0.072106,0.010229,0.0197,-0.0035,0.000253,0.333168,0.0000,1.702805,0.000000,-0.000000,1.3344,0.000000,2.000000,301.2827,4,1,clay,1.0000,0.500000,0,0,0.000000,0.000000,0.000000,0,nan,0.00,0.000000,0.2239,0.0000,0.000000,0.7040,1.12,3.19,5.42,2.90,0.000115,0.0036,-1.3342,0.008000,0.079624,0.6706,-0.499899,-0.006949,0.000966,0.0,0.0,-166.2502132306674,32.94553378120821,0.010425,0.017622,6450.4,6170.2,0.142274,0.000000,0.000000,0.5000,1.0000,,,,,
0.2640,1778843152.803522,22,1.692667,-0.000318,-0.005193,0.0061,-0.0623,0.001575,1.648245,0.000125,0.000067,0.0002,1.692754,-0.000382,-0.005190,0.0175,-0.0092,0.000188,0.348772,0.0000,1.692754,0.000000,-0.000000,1.3510,0.000000,2.000000,295.3631,4,1,clay,1.0000,0.500000,0,0,0.000000,0.000000,0.000000,0,nan,0.00,0.000000,0.2353,0.0000,0.000000,0.7280,1.03,3.13,5.20,2.83,0.000125,0.0038,-1.3508,0.008000,0.071735,-0.0456,-0.504011,-0.017662,-0.002158,0.0,0.0,-26.16844315078795,196.9398139223908,0.031542,0.039351,6446.3,6174.3,0.149352,0.000000,0.000000,0.5000,1.0000,,,,,
0.2760,1778843152.815397,23,1.727810,-0.044709,-0.015085,-0.0555,0.0106,0.000731,1.648237,0.000135,0.000072,0.0002,1.727878,-0.044751,-0.015082,0.0144,-0.0065,0.000222,0.363911,0.0000,1.727878,0.000000,-0.000000,1.2901,0.000000,2.000000,328.7923,4,1,clay,1.0000,0.500000,0,0,0.000000,0.000000,0.000000,0,nan,0.00,0.000000,0.2467,0.0000,0.000000,0.7520,0.96,3.09,5.01,2.81,0.000135,0.0041,-1.2899,0.008000,0.076987,-0.9580,-0.508863,-0.012191,0.002297,0.0,0.0,-125.69029833292397,99.60572920648386,0.020887,0.028123,6442.4,6178.2,0.156208,0.000000,0.000000,0.5000,1.0000,,,,,
0.2880,1778843152.827412,24,1.731757,0.116417,0.001836,0.0068,-0.0177,-0.000300,1.648229,0.000146,0.000077,0.0002,1.731818,0.116371,0.001838,0.0133,-0.0072,0.000134,0.378954,0.0000,1.731818,0.000000,-0.000000,1.2828,0.000000,2.000000,340.3596,4,1,clay,1.0000,0.500000,0,0,0.000000,0.000000,0.000000,0,nan,0.00,0.000000,0.2584,0.0000,0.000000,0.7760,0.91,3.04,4.85,2.77,0.000146,0.0044,-1.2825,0.008000,0.108339,0.0547,-0.511764,-0.013257,0.001890,0.0,0.0,-113.56123615793187,106.61629005635268,0.023877,0.029328,6438.5,6182.1,0.162994,0.000000,0.000000,0.5000,1.0000,,,,,
0.3000,1778843152.844585,25,1.551892,0.013268,-0.007011,-0.0115,0.0232,-0.000338,1.648222,0.000157,0.000082,0.0002,1.551940,0.013248,-0.007010,0.0111,-0.0035,0.000137,0.393092,0.0000,1.551940,0.000000,0.000000,1.5396,0.000000,2.000000,283.8152,4,1,clay,1.0000,0.500000,0,0,0.000000,0.000000,0.000000,0,nan,0.00,0.000000,0.2702,0.0000,0.000000,0.8000,0.84,3.03,4.70,2.96,0.000157,0.0047,-1.5393,0.008000,0.180489,-0.8310,-0.515722,-0.006209,0.002994,0.0,0.0,-225.1966746157433,-8.56494218603575,0.010504,0.014470,6434.8,6185.8,0.169400,0.000000,0.000000,0.5000,1.0000,,,,,
0.3120,1778843152.851455,26,1.593998,0.013283,0.007920,-0.0143,-0.0608,0.000746,1.648215,0.000169,0.000087,0.0002,1.594038,0.013226,0.007921,0.0093,-0.0095,0.000047,0.407769,0.0000,1.594038,0.000000,0.000000,1.4896,0.000000,2.000000,285.2123,4,1,clay,1.0000,0.500000,0,0,0.000000,0.000000,0.000000,0,nan,0.00,0.000000,0.2822,0.0000,0.000000,0.8240,0.79,3.00,4.57,2.84,0.000169,0.0050,-1.4893,0.008000,0.174047,0.4920,-0.519171,-0.016782,-0.000258,0.0,0.0,-61.51405709853741,160.3074041725299,0.031551,0.035699,6431.0,6189.5,0.175980,0.000000,0.000000,0.5000,1.0000,,,,,
0.3240,1778843152.863356,27,1.599299,0.075322,0.001767,0.0334,-0.0051,0.000948,1.648209,0.000181,0.000092,0.0003,1.599359,0.075274,0.001768,0.0144,-0.0083,0.000096,0.421479,0.0000,1.599359,0.000000,0.000000,1.4830,0.000000,2.000000,285.8124,4,1,clay,1.0000,0.500000,0,0,0.000000,0.000000,0.000000,0,nan,0.00,0.000000,0.2944,0.0000,0.000000,0.8480,0.74,2.97,4.45,2.79,0.000181,0.0053,-1.4827,0.008000,0.190824,0.3667,-0.515829,-0.014513,0.001107,0.0,0.0,-116.27587541879173,118.46302343452098,0.026819,0.031375,6427.5,6193.1,0.182144,0.000000,0.000000,0.5000,1.0000,,,,,
0.3360,1778843152.875481,28,1.680619,-0.057470,0.003380,0.0233,-0.0180,-0.000251,1.648203,0.000194,0.000097,0.0003,1.680687,-0.057520,0.003381,0.0165,-0.0088,0.000030,0.434967,0.0000,1.680687,0.000000,-0.000000,1.3703,0.000000,1.500000,117.9393,0,1,clay,1.0000,0.500000,0,0,0.000000,0.000000,0.000000,0,nan,0.00,0.000000,0.3065,0.0000,0.000000,0.8660,0.70,3.62,5.03,7.34,0.000194,0.0056,-1.3700,0.008000,0.074653,0.5812,-0.515414,-0.015184,-0.001616,0.0,0.0,-104.81337152983434,123.85317544686202,0.028741,0.032094,6424.0,6196.5,0.188191,0.000000,0.000000,0.5000,1.0000,,,,,
0.3480,1778843152.887417,29,1.657984,-0.069389,-0.007235,0.0089,-0.0041,0.001188,1.648198,0.000207,0.000103,0.0003,1.658056,-0.069435,-0.007234,0.0157,-0.0070,0.000075,0.442042,0.0000,1.658056,0.000000,-0.000000,1.4044,0.000000,1.000000,69.8450,0,1,clay,1.0000,0.500000,0,0,0.000000,0.000000,0.000000,0,nan,0.00,0.000000,0.3185,0.0000,0.000000,0.8780,0.67,3.87,5.22,5.29,0.000207,0.0059,-1.4041,0.008000,0.069902,-0.6019,-0.518186,-0.013035,-0.001607,0.0,0.0,-155.400262744552,87.64705609030833,0.024026,0.028249,6421.9,6198.7,0.191889,0.000000,0.000000,0.5000,1.0000,,,,,
0.3600,1778843152.899455,30,1.733894,-0.020926,0.008834,0.0354,-0.0636,-0.001470,1.648193,0.000220,0.000108,0.0002,1.733992,-0.021012,0.008834,0.0200,-0.0120,-0.000149,0.441641,0.0000,1.733992,0.000000,-0.000000,1.2787,0.000000,0.500000,60.0815,0,1,clay,1.0000,0.500000,0,0,0.000000,0.000000,0.000000,0,nan,0.00,0.000000,0.3302,0.0000,0.000000,0.8840,0.65,4.09,5.39,5.35,0.000220,0.0062,-1.2784,0.008000,0.055304,-0.0790,-0.515597,-0.022825,0.000380,0.0,0.0,71.25495664803493,270.2714718592721,0.044882,0.046408,6421.4,6199.1,0.192719,0.000000,0.000000,0.5000,1.0000,,,,,
0.3720,1778843152.911548,31,1.719597,-0.004509,0.002242,-0.0635,0.0176,-0.000139,1.648188,0.000235,0.000113,0.0002,1.719680,-0.004568,0.002242,0.0166,-0.0077,-0.000095,0.434583,0.0000,1.719680,0.000000,-0.000000,1.3050,0.000000,0.148489,54.5875,0,1,clay,1.0000,0.500000,0,0,0.000000,0.000000,0.000000,0,nan,0.00,0.000000,0.3414,0.0000,0.000000,0.8858,0.62,4.26,5.51,5.23,0.000235,0.0065,-1.3048,0.008000,0.026921,0.4185,-0.520587,-0.014994,-0.001114,0.0,0.0,-100.15768827641655,108.67744694541071,0.029471,0.030525,6422.6,6198.0,0.190706,0.000000,0.000000,0.5000,1.0000,,,,,
0.3840,1778843152.923609,32,1.558237,0.033129,0.004236,0.0487,-0.0041,-0.001456,1.648183,0.000249,0.000118,0.0002,1.558358,0.033077,0.004235,0.0233,-0.0065,-0.000165,0.424445,0.0000,1.558358,0.000000,0.000000,1.5321,0.000000,-0.002517,55.9377,0,1,clay,1.0000,0.500000,0,0,0.000000,0.000000,0.000000,0,nan,0.00,0.000000,0.3523,0.0000,0.000000,0.8858,0.61,4.42,5.64,5.33,0.000249,0.0068,-1.5319,0.008000,0.236735,1.0774,-0.515449,-0.012877,-0.005284,0.0,0.0,-128.28956022437305,62.73820980826193,0.026236,0.025226,6424.7,6195.9,0.187049,0.000000,0.000000,0.5000,1.0000,,,,,
0.3960,1778843152.943329,33,1.672855,0.091817,0.003467,-0.0116,-0.0731,0.001875,1.648181,0.000337,0.000146,0.0015,1.672956,0.091718,0.003466,0.0192,-0.0123,-0.000157,0.414011,0.0000,1.672956,0.000000,-0.000000,1.3822,0.000000,-0.087212,56.3546,0,1,clay,1.0000,0.500000,0,0,0.000000,0.000000,0.000000,0,nan,0.00,0.000000,0.3627,0.0000,0.000000,0.8847,0.58,4.57,5.74,5.41,0.000337,0.0084,-1.3807,0.008000,0.115416,0.1176,-0.521006,-0.024536,0.004481,119.45448280663359,72.67193355487854,113.55807088438391,304.256119514569,0.048271,0.049849,6427.1,6193.5,0.182807,0.000000,0.000000,0.5000,1.0000,,,,,
0.4080,1778843152.949184,34,1.700481,0.039234,-0.008175,0.0737,0.0296,0.013477,1.648268,0.000671,0.000275,0.0160,1.700662,0.039185,-0.008167,0.0307,-0.0065,0.000648,0.447291,0.0000,1.700662,0.000000,-0.000000,1.3380,0.000000,-0.170042,53.3664,0,1,clay,1.0000,0.500000,0,0,0.000000,0.000000,0.000000,0,nan,0.00,0.000000,0.3727,0.0000,0.000000,0.8827,0.81,4.69,6.31,5.33,0.000671,0.0158,-1.3220,0.008000,0.098217,-0.0741,-0.511419,-0.014053,0.001517,507.10688498082664,-485.6219504890646,-205.89438299958655,177.96238461132967,0.019179,0.037664,6418.6,6202.0,0.197734,0.000000,0.000000,0.5000,1.0000,,,,,
0.4200,1778843152.959739,35,1.599078,-0.054638,-0.000837,0.1011,0.0682,0.007687,1.648618,0.000960,0.000395,0.0412,1.599350,-0.054612,-0.000825,0.0451,0.0009,0.001035,0.478809,0.0000,1.599350,0.000000,0.000000,1.4830,0.000000,-0.231796,54.5662,0,1,clay,1.0000,0.500000,0,0,0.000000,0.000000,0.000000,0,nan,0.00,0.000000,0.3823,0.0000,0.000000,0.8799,0.79,4.80,6.37,5.46,0.000960,0.0227,-1.4418,0.008000,0.084074,-0.4881,-0.498719,0.001874,0.006126,319.88569616951645,220.2938501809749,-413.24810995234486,-65.68841298288224,-0.015685,0.009058,6410.4,6210.1,0.211882,0.000000,0.000000,0.5000,1.0000,,,,,
0.4320,1778843152.971619,36,1.581270,-0.016573,0.001519,0.0419,0.0363,-0.000904,1.649128,0.001032,0.000414,0.0556,1.581544,-0.016521,0.001528,0.0451,0.0040,0.000843,0.485069,0.0000,1.581544,0.000000,0.000000,1.5048,0.000000,-0.267341,54.4663,0,1,clay,1.0000,0.500000,0,0,0.000000,0.000000,0.000000,0,nan,0.00,0.000000,0.3914,0.0000,0.000000,0.8767,0.75,4.86,6.36,5.21,0.001032,0.0237,-1.4491,0.008000,0.116967,0.0024,-0.500120,0.008546,0.005755,285.05611034184767,17.27826736588122,-448.5997923573136,-163.41998009837152,-0.026156,-0.007361,6408.8,6211.8,0.214820,0.000000,0.000000,0.5000,1.0000,,,,,
0.4440,1778843152.983681,37,1.735606,0.006176,0.003211,0.0555,0.0328,0.002169,1.649734,0.001133,0.000438,0.0690,1.735898,0.006249,0.003220,0.0477,0.0061,0.000845,0.475750,0.0000,1.735898,0.000000,-0.000000,1.2750,0.000000,-0.299656,52.6515,0,1,clay,1.0000,0.500000,0,0,0.000000,0.000000,0.000000,0,nan,0.00,0.000000,0.4001,0.0000,0.000000,0.8731,0.73,4.92,6.38,5.27,0.001133,0.0251,-1.2061,0.008000,0.064591,-0.0099,-0.498854,0.022065,0.002686,965.1415673834626,100.49364590519053,-464.21946101259846,-213.16047620176812,-0.035137,-0.017215,6411.1,6209.5,0.210807,0.000000,0.000000,0.5000,1.0000,,,,,
0.4560,1778843152.995670,38,1.570599,0.026601,-0.009687,0.0795,-0.0115,0.005519,1.650481,0.001388,0.000520,0.0892,1.570933,0.026651,-0.009676,0.0544,0.0039,0.000954,0.476991,0.0000,1.570933,0.000000,0.000000,1.5174,0.000000,-0.291830,55.3823,0,1,clay,1.0000,0.500000,0,0,0.000000,0.000000,0.000000,0,nan,0.00,0.000000,0.4085,0.0000,0.000000,0.8696,0.69,4.97,6.35,5.20,0.001388,0.0298,-1.4282,0.008000,0.168310,-0.1410,-0.492809,0.015530,0.003400,184.43541251609258,502.8537315271169,-446.3486005386362,-153.23122302551215,-0.027279,-0.005767,6410.7,6209.9,0.211444,0.000000,0.000000,0.5000,1.0000,,,,,
0.4680,1778843153.007673,39,1.640054,-0.008307,-0.000586,0.1045,-0.0366,0.010646,1.651427,0.001728,0.000629,0.1084,1.640452,-0.008286,-0.000572,0.0647,-0.0001,0.001272,0.479387,0.0000,1.640452,0.000000,0.000000,1.4293,0.000000,-0.302534,53.2213,0,1,clay,1.0000,0.500000,0,0,0.000000,0.000000,0.000000,0,nan,0.00,0.000000,0.4164,0.0000,0.000000,0.8659,0.67,5.01,6.34,5.23,0.001728,0.0360,-1.3209,0.008000,0.144571,-0.5389,-0.482498,0.011747,0.005148,380.84837153032186,-272.8665091992443,-409.6426090363981,-13.253969372567198,-0.014396,0.016563,6410.1,6210.5,0.212480,0.000000,0.000000,0.5000,1.0000,,,,,
0.4800,1778843153.019634,40,1.689425,0.036208,-0.009795,0.1380,0.0861,0.005177,1.652479,0.002117,0.000745,0.1080,1.689916,0.036299,-0.009780,0.0794,0.0076,0.001434,0.462483,0.0000,1.689916,0.000000,-0.000000,1.3556,0.000000,-0.298531,53.7632,0,1,clay,1.0000,0.500000,0,0,0.000000,0.000000,0.000000,0,nan,0.00,0.000000,0.4240,0.0000,0.000000,0.8624,0.64,5.04,6.33,5.26,0.002117,0.0427,-1.2476,0.008000,0.090340,-0.6891,-0.467009,0.024291,0.004966,-1.8278573124052855,1515.956955848862,-477.39422484971243,-205.69182593123477,-0.048086,-0.016535,6414.4,6206.2,0.205044,0.000000,0.000000,0.5000,1.0000,,,,,
0.4920,1778843153.031607,41,1.623140,-0.021663,-0.002581,0.1284,-0.0245,0.009251,1.653471,0.002551,0.000848,0.0947,1.623695,-0.021599,-0.002564,0.0892,0.0040,0.001603,0.418020,0.0000,1.623695,0.000000,0.000000,1.4519,0.000000,-0.243564,53.5626,0,1,clay,1.0000,0.500000,0,0,0.000000,0.000000,0.000000,0,nan,0.00,0.000000,0.4313,0.0000,0.000000,0.8594,0.64,5.11,6.38,5.49,0.002551,0.0486,-1.3572,0.008000,0.056256,-0.3896,-0.455938,0.015136,0.005911,-561.9429644361389,-1025.7025912234526,-404.97031887724074,-93.72913407428328,-0.035025,0.002258,6425.6,6194.9,0.185404,0.000000,0.000000,0.5000,1.0000,,,,,
0.5040,1778843153.044668,42,1.605082,-0.069983,-0.002845,0.1417,0.0501,0.015769,1.654435,0.002923,0.000922,0.0811,1.605708,-0.069874,-0.002821,0.0997,0.0076,0.002197,0.396451,0.0000,1.605708,0.000000,0.000000,1.4750,0.000000,-0.189503,54.8343,0,1,clay,1.0000,0.500000,0,0,0.000000,0.000000,0.000000,0,nan,0.00,0.000000,0.4383,0.0000,0.000000,0.8572,0.62,5.12,6.37,5.19,0.002923,0.0528,-1.3939,0.008000,0.199233,-0.3607,-0.444208,0.028701,0.007754,-7.382615868969538,-1129.7878257095497,-397.2497482252803,-134.02466276855745,-0.057329,-0.007158,6431.2,6189.4,0.175732,0.000000,0.000000,0.5000,1.0000,,,,,
0.5160,1778843153.055730,43,1.686728,0.068590,-0.000165,0.1013,0.0204,0.004663,1.655212,0.003275,0.000982,0.0480,1.687358,0.068701,-0.000143,0.1001,0.0080,0.002048,0.324308,0.0000,1.687358,0.000000,-0.000000,1.3597,0.000000,-0.105831,55.7358,0,1,clay,1.0000,0.500000,0,0,0.000000,0.000000,0.000000,0,nan,0.00,0.000000,0.4450,0.0000,0.000000,0.8559,0.62,5.14,6.38,5.26,0.003275,0.0563,-1.3117,0.008000,0.070788,0.4548,-0.446739,0.023968,0.006396,-1083.820166530198,-592.2797041307513,-279.976140377433,-110.73380688301907,-0.056989,-0.010579,6449.5,6171.0,0.143726,0.000000,0.000000,0.5000,1.0000,,,,,
0.5280,1778843153.067631,44,1.692235,0.076190,0.006733,-0.0052,-0.0799,0.004639,1.655693,0.003577,0.001013,0.0045,1.692741,0.076218,0.006752,0.0806,-0.0006,0.001772,0.255035,0.0000,1.692741,0.000000,-0.000000,1.3510,0.000000,0.019261,58.1211,0,1,clay,1.0000,0.500000,0,0,0.000000,0.000000,0.000000,0,nan,0.00,0.000000,0.4515,0.0000,0.000000,0.8561,0.60,5.16,6.37,5.28,0.003577,0.0581,-1.3465,0.008000,0.137415,0.4271,-0.468857,-0.002251,0.005443,-3336.742891975122,776.4000776625553,-175.02779352208967,101.7424927770497,-0.017927,0.025472,6467.2,6153.4,0.112904,0.000000,0.000000,0.5000,1.0000,,,,,
0.5400,1778843153.079617,45,1.612950,0.059204,0.005326,-0.0474,0.0895,0.004065,1.655737,0.003951,0.001082,-0.0352,1.613357,0.059308,0.005345,0.0649,0.0074,0.001782,0.189124,0.0000,1.613357,0.000000,0.000000,1.4653,0.000000,0.159298,60.5858,0,1,clay,1.0000,0.500000,0,0,0.000000,0.000000,0.000000,0,nan,0.00,0.000000,0.4579,0.0000,0.000000,0.8580,0.59,5.18,6.36,5.25,0.003951,0.0620,-1.5006,0.008000,0.077375,0.2128,-0.484778,0.012544,0.005523,-694.0429830488174,433.84230316482854,-82.44357566741854,-26.089956736345712,-0.051564,-0.011408,6484.1,6136.5,0.083451,0.000000,0.000000,0.5000,1.0000,,,,,
0.5520,1778843153.091576,46,1.644380,0.031822,0.006254,-0.1064,0.1034,0.004445,1.655368,0.004362,0.001157,-0.0698,1.644706,0.031999,0.006273,0.0522,0.0152,0.001835,0.126508,0.0000,1.644706,0.000000,0.000000,1.4234,0.000000,0.289471,60.1024,0,1,clay,1.0000,0.500000,0,0,0.000000,0.000000,0.000000,0,nan,0.00,0.000000,0.4642,0.0000,0.000000,0.8615,0.57,5.19,6.33,5.29,0.004362,0.0663,-1.4932,0.008000,0.143648,0.1689,-0.496181,0.027075,0.004994,-1035.8420213989475,229.9201601448117,-26.579849834501104,-75.34708212392752,-0.084205,-0.046270,6500.2,6120.4,0.055413,0.000000,0.000000,0.5000,1.0000,,,,,
0.5640,1778843153.103658,47,1.685876,0.020792,0.001628,-0.1465,0.0647,0.000263,1.654686,0.004745,0.001200,-0.0898,1.686139,0.020990,0.001645,0.0419,0.0180,0.001594,0.079296,0.0000,1.686139,0.000000,-0.000000,1.3617,0.000000,0.400462,60.1846,0,1,clay,1.0000,0.500000,0,0,0.000000,0.000000,0.000000,0,nan,0.00,0.000000,0.4704,0.0000,0.000000,0.8663,0.57,5.20,6.33,5.20,0.004745,0.0688,-1.4514,0.008000,0.065196,0.6422,-0.506252,0.035292,0.003770,308.699597276272,-458.3263464242591,-9.471942704589765,-90.65071575701205,-0.092996,-0.062122,6512.3,6108.2,0.034203,0.000000,0.000000,0.5000,1.0000,,,,,
0.5760,1778843153.115701,48,1.704248,0.011541,-0.005171,-0.1014,0.0818,0.003793,1.653833,0.005129,0.001237,-0.0968,1.704462,0.011774,-0.005155,0.0338,0.0218,0.001613,0.054992,0.0000,1.704462,0.000000,-0.000000,1.3315,0.000000,0.480270,60.3650,0,1,clay,1.0000,0.500000,0,0,0.000000,0.000000,0.000000,0,nan,0.00,0.000000,0.4766,0.0000,0.000000,0.8721,0.57,5.21,6.35,5.30,0.005129,0.0709,-1.4283,0.008000,0.023983,-0.2708,-0.514514,0.047512,0.003280,461.8455847296432,119.61761829624902,-52.710292904183376,-150.51459353021903,-0.108796,-0.079163,6518.7,6101.9,0.023161,0.000000,0.000000,0.5000,1.0000,,,,,
0.5880,1778843153.127707,49,1.678191,0.072324,-0.001929,-0.1396,-0.1006,-0.000004,1.652900,0.005487,0.001255,-0.0969,1.678363,0.072425,-0.001917,0.0273,0.0086,0.001141,0.054500,0.0000,1.678363,0.000000,-0.000000,1.3739,0.000000,0.530205,63.5256,0,1,clay,1.0000,0.500000,0,0,0.000000,0.000000,0.000000,0,nan,0.00,0.000000,0.4829,0.0000,0.000000,0.8784,0.57,5.21,6.35,5.22,0.005487,0.0719,-1.4708,0.008000,0.071242,0.4416,-0.519293,0.011418,0.002252,-85.82397874398544,-442.38740869933883,34.1387847755077,20.883584215077462,-0.049108,-0.025036,6518.9,6101.6,0.022718,0.000000,0.000000,0.5000,1.0000,,,,,
0.6000,1778843153.142695,50,1.674446,0.038297,-0.002205,-0.1693,0.0372,0.000309,1.651932,0.005825,0.001258,-0.0942,1.674585,0.038411,-0.002195,0.0221,0.0102,0.000995,0.060046,0.0000,1.674585,0.000000,-0.000000,1.3797,0.000000,0.551574,61.3126,0,1,clay,1.0000,0.500000,0,0,0.000000,0.000000,0.000000,0,nan,0.00,0.000000,0.4891,0.0000,0.000000,0.8851,0.56,5.23,6.36,5.34,0.005825,0.0721,-1.4739,0.008000,0.059343,0.0114,-0.520064,0.018407,0.001468,166.02998277581446,683.4334555161627,36.57555626869676,3.227195801828472,-0.054164,-0.034367,6517.6,6103.0,0.025028,0.000000,0.000000,0.5000,1.0000,,,,,
0.6120,1778843153.151618,51,1.710253,-0.065044,-0.009349,-0.0670,0.0344,-0.006201,1.650954,0.006123,0.001232,-0.0895,1.710367,-0.064929,-0.009344,0.0179,0.0113,0.000530,0.065126,0.0000,1.710367,0.000000,-0.000000,1.3214,0.000000,0.542572,58.7037,0,1,clay,1.0000,0.500000,0,0,0.000000,0.000000,0.000000,0,nan,0.00,0.000000,0.4953,0.0000,0.000000,0.8916,0.55,5.27,6.38,5.46,0.006123,0.0706,-1.4109,0.008000,0.054678,-0.3866,-0.522114,0.017140,-0.001014,0.0,12.346780936295545,33.01032984222002,-23.901407858003196,-0.053180,-0.045128,6516.4,6104.2,0.027211,0.000000,0.000000,0.5000,1.0000,,,,,
0.6240,1778843153.163610,52,1.643157,-0.032749,-0.005332,-0.1191,-0.0004,-0.003245,1.650009,0.006334,0.001181,-0.0801,1.643249,-0.032659,-0.005330,0.0146,0.0090,0.000255,0.070919,0.0000,1.643249,0.000000,0.000000,1.4254,0.000000,0.538997,59.6571,0,1,clay,1.0000,0.500000,0,0,0.000000,0.000000,0.000000,0,nan,0.00,0.000000,0.5015,0.0000,0.000000,0.8980,0.55,5.29,6.40,5.44,0.006334,0.0677,-1.5055,0.008000,0.139269,-0.3091,-0.518293,0.012055,-0.001502,0.0,262.994553394352,14.182019036954017,-11.644673398599934,-0.040733,-0.038376,6514.9,6105.7,0.029787,0.000000,0.000000,0.5000,1.0000,,,,,
0.6360,1778843153.175603,53,1.723352,-0.014609,-0.000407,-0.0975,0.0077,-0.004166,1.649153,0.006569,0.001137,-0.0724,1.723426,-0.014533,-0.000407,0.0120,0.0079,-0.000002,0.093622,0.0000,1.723426,0.000000,-0.000000,1.2982,0.000000,0.506019,57.0756,0,1,clay,1.0000,0.500000,0,0,0.000000,0.000000,0.000000,0,nan,0.00,0.000000,0.5076,0.0000,0.000000,0.9041,0.54,5.29,6.37,5.25,0.006569,0.0652,-1.3706,0.008000,0.093439,-0.4203,-0.514102,0.018057,-0.002288,0.0,-70.71445566467244,-10.160049084600274,-23.01401542584476,-0.033275,-0.036693,6509.1,6111.4,0.039820,0.000000,0.000000,0.5000,1.0000,,,,,
0.6480,1778843153.187691,54,1.692377,0.042173,-0.001087,-0.0709,0.0730,-0.006652,1.648314,0.006819,0.001077,-0.0709,1.692438,0.042292,-0.001090,0.0098,0.0128,-0.000238,0.094865,0.0000,1.692438,0.000000,-0.000000,1.3515,0.000000,0.493983,59.6561,0,1,clay,1.0000,0.500000,0,0,0.000000,0.000000,0.000000,0,nan,0.00,0.000000,0.5138,0.0000,0.000000,0.9100,0.54,5.27,6.36,5.19,0.006819,0.0617,-1.4224,0.008000,0.034381,-0.3788,-0.509718,0.020863,-0.003553,0.0,128.49798281759115,11.840947464760575,-102.2673054429766,-0.050966,-0.062191,6508.8,6111.8,0.040462,0.000000,0.000000,0.5000,1.0000,,,,,
0.6600,1778843153.199551,55,1.676364,0.000687,0.008569,-0.1238,0.0617,-0.006130,1.647479,0.007067,0.001012,-0.0683,1.676411,0.000830,0.008563,0.0080,0.0158,-0.000416,0.101480,0.0000,1.676411,0.000000,-0.000000,1.3769,0.000000,0.486847,58.4782,0,1,clay,1.0000,0.500000,0,0,0.000000,0.000000,0.000000,0,nan,0.00,0.000000,0.5199,0.0000,0.000000,0.9159,0.53,5.27,6.33,5.25,0.007067,0.0580,-1.4452,0.008000,0.038134,0.1211,-0.505236,0.019557,-0.004430,0.0,-290.6200751039381,12.396536967019372,-179.91164394752764,-0.061150,-0.077986,6507.1,6113.5,0.043425,0.000000,0.000000,0.5000,1.0000,,,,,
0.6720,1778843153.211701,56,1.647717,-0.029796,0.000223,-0.0911,0.0599,-0.005536,1.646669,0.007333,0.000954,-0.0653,1.647757,-0.029635,0.000216,0.0067,0.0180,-0.000534,0.107849,0.0000,1.647757,0.000000,0.000000,1.4191,0.000000,0.476832,58.3621,0,1,clay,1.0000,0.500000,0,0,0.000000,0.000000,0.000000,0,nan,0.00,0.000000,0.5260,0.0000,0.000000,0.9216,0.54,5.26,6.34,5.21,0.007333,0.0547,-1.4844,0.008000,0.103042,-0.0906,-0.501950,0.021622,-0.004763,0.0,-134.37058531091282,6.57061712705773,-251.99810387914118,-0.069028,-0.089617,6505.4,6115.1,0.046253,0.000000,0.000000,0.5000,1.0000,,,,,
0.6840,1778843153.223672,57,1.698662,0.035125,-0.003397,-0.1062,0.0501,-0.004105,1.645887,0.007627,0.000922,-0.0623,1.698695,0.035296,-0.003404,0.0055,0.0189,-0.000570,0.114859,0.0000,1.698695,0.000000,-0.000000,1.3412,0.000000,0.464735,59.4460,0,1,clay,1.0000,0.500000,0,0,0.000000,0.000000,0.000000,0,nan,0.00,0.000000,0.5321,0.0000,0.000000,0.9272,0.56,5.25,6.37,5.21,0.007627,0.0528,-1.4036,0.008000,0.059695,0.0915,-0.500677,0.019897,-0.004959,-68.04370638671136,-53.028074099743456,-1.0888967596379047,-287.9430924086664,-0.072488,-0.094291,6503.6,6116.9,0.049372,0.000000,0.000000,0.5000,1.0000,,,,,
0.6960,1778843153.240848,58,1.683146,-0.002340,0.002818,-0.1236,-0.0202,-0.001208,1.645140,0.007938,0.000909,-0.0590,1.683173,-0.002222,0.002811,0.0047,0.0135,-0.000554,0.121862,0.0000,1.683173,0.000000,-0.000000,1.3664,0.000000,0.449423,57.2939,0,1,clay,1.0000,0.500000,0,0,0.000000,0.000000,0.000000,0,nan,0.00,0.000000,0.5382,0.0000,0.000000,0.9326,0.55,5.26,6.37,5.34,0.007938,0.0521,-1.4254,0.008000,0.088187,0.2647,-0.501561,0.021059,-0.004069,0.0,-78.50835596929812,-10.517428789718352,-154.52255955066911,-0.049959,-0.069141,6501.9,6118.7,0.052503,0.000000,0.000000,0.5000,1.0000,,,,,
0.7080,1778843153.247446,59,1.606492,-0.005866,0.003611,-0.0280,0.0924,-0.000423,1.644442,0.008254,0.000904,-0.0550,1.606514,-0.005691,0.003606,0.0040,0.0191,-0.000323,0.131567,0.0000,1.606514,0.000000,0.000000,1.4740,0.000000,0.439338,59.1163,0,1,clay,1.0000,0.500000,0,0,0.000000,0.000000,0.000000,0,nan,0.00,0.000000,0.5442,0.0000,0.000000,0.9378,0.53,5.26,6.32,5.22,0.008254,0.0518,-1.5290,0.008000,0.126503,0.3269,-0.502868,0.031580,-0.003449,-58.53232418928513,-242.52991941482313,-18.46996779603485,-284.61990770005116,-0.075691,-0.091644,6499.4,6121.2,0.056837,0.000000,0.000000,0.5000,1.0000,,,,,
0.7200,1778843153.259667,60,1.673625,-0.004285,0.002556,0.0301,0.0311,0.001600,1.643795,0.008563,0.000897,-0.0515,1.673681,-0.004116,0.002553,0.0092,0.0182,-0.000127,0.138495,0.0000,1.673681,0.000000,-0.000000,1.3811,0.000000,0.421351,57.2616,0,1,clay,1.0000,0.500000,0,0,0.000000,0.000000,0.000000,0,nan,0.00,0.000000,0.5502,0.0000,0.000000,0.9429,0.53,5.25,6.31,5.19,0.008563,0.0514,-1.4327,0.008000,0.105423,0.6788,-0.498152,0.028444,-0.002196,-22.225810871891966,-335.9050232021092,-23.65036199485776,-249.7704942161046,-0.074047,-0.084890,6497.6,6123.0,0.059925,0.000000,0.000000,0.5000,1.0000,,,,,
0.7320,1778843153.271708,61,1.641489,0.002340,0.003358,-0.1423,0.0271,-0.002113,1.643188,0.008841,0.000879,-0.0490,1.641534,0.002498,0.003355,0.0076,0.0171,-0.000172,0.143912,0.0000,1.641534,0.000000,0.000000,1.4278,0.000000,0.413008,58.0465,0,1,clay,1.0000,0.500000,0,0,0.000000,0.000000,0.000000,0,nan,0.00,0.000000,0.5562,0.0000,0.000000,0.9479,0.54,5.28,6.37,5.45,0.008841,0.0503,-1.4768,0.008000,0.062106,0.4963,-0.500349,0.028271,-0.001991,-107.11014978624713,-193.2539953523888,-26.20297042161475,-229.51500820883135,-0.068918,-0.080354,6496.2,6124.4,0.062364,0.000000,0.000000,0.5000,1.0000,,,,,
0.7440,1778843153.283605,62,1.673216,-0.040249,-0.006212,0.0773,0.0276,-0.002931,1.642619,0.009115,0.000850,-0.0470,1.673349,-0.040101,-0.006215,0.0213,0.0162,-0.000251,0.149661,0.0000,1.673349,0.000000,-0.000000,1.3816,0.000000,0.389727,56.5728,0,1,clay,1.0000,0.500000,0,0,0.000000,0.000000,0.000000,0,nan,0.00,0.000000,0.5621,0.0000,0.000000,0.9525,0.54,5.27,6.35,5.25,0.009115,0.0487,-1.4286,0.008000,0.103654,-0.3326,-0.488970,0.027457,-0.001971,-34.43884693995265,98.56114661841839,-31.207731077313085,-219.34548738631952,-0.064450,-0.077405,6494.7,6125.8,0.064923,0.000000,0.000000,0.5000,1.0000,,,,,
0.7560,1778843153.295628,63,1.536028,-0.036990,0.007202,0.0802,0.0166,-0.002339,1.642086,0.009372,0.000789,-0.0437,1.536233,-0.036857,0.007197,0.0329,0.0145,-0.000299,0.154873,0.0000,1.536233,0.000000,0.000000,1.5576,0.000000,0.395803,60.5993,0,1,clay,1.0000,0.500000,0,0,0.000000,0.000000,0.000000,0,nan,0.00,0.000000,0.5679,0.0000,0.000000,0.9573,0.54,5.30,6.37,5.44,0.009372,0.0452,-1.6013,0.008000,0.221543,0.4765,-0.477528,0.018903,-0.001820,215.4644291826463,594.339715960529,-38.261170525053146,-190.3257893118963,-0.056959,-0.070395,6493.4,6127.2,0.067290,0.000000,0.000000,0.5000,1.0000,,,,,
0.7680,1778843153.307622,64,1.703471,-0.003314,-0.001743,-0.0601,0.1378,-0.013456,1.641602,0.009572,0.000658,-0.0405,1.703638,-0.003101,-0.001752,0.0268,0.0238,-0.000734,0.165565,0.0000,1.703638,0.000000,-0.000000,1.3329,0.000000,0.362939,56.1613,0,1,clay,1.0000,0.500000,0,0,0.000000,0.000000,0.000000,0,nan,0.00,0.000000,0.5738,0.0000,0.000000,0.9616,0.53,5.28,6.35,5.19,0.009572,0.0377,-1.3734,0.008000,0.023729,-0.5881,-0.484375,0.036414,-0.003840,61.552705153643075,714.1534613307766,-76.13499338949774,-514.6481560677695,-0.090783,-0.118554,6490.7,6129.9,0.071990,0.000000,0.000000,0.5000,1.0000,,,,,
0.7800,1778843153.319632,65,1.603200,0.095652,-0.003274,-0.0187,-0.0262,-0.012954,1.641204,0.009755,0.000498,-0.0314,1.603337,0.095788,-0.003289,0.0220,0.0169,-0.001314,0.186544,0.0000,1.603337,0.000000,0.000000,1.4780,0.000000,0.355913,65.0253,0,1,clay,1.0000,0.500000,0,0,0.000000,0.000000,0.000000,0,nan,0.00,0.000000,0.5795,0.0000,0.000000,0.9659,0.54,5.27,6.34,5.20,0.009755,0.0285,-1.5094,0.008000,0.155593,-0.1969,-0.490000,0.019025,-0.005399,183.58021338345935,637.4147577379166,-74.81349990958714,-350.5591113820561,-0.055215,-0.094195,6485.3,6135.3,0.081347,0.800000,0.000000,0.5000,1.0000,,,,,
0.7920,1778843153.339477,66,1.653133,-0.092912,-0.008143,-0.0182,0.0573,-0.015652,1.640947,0.009899,0.000309,-0.0202,1.653245,-0.092767,-0.008164,0.0181,0.0186,-0.001792,0.204522,0.0000,1.653245,0.000000,0.000000,1.4113,0.000000,0.307233,57.0238,0,1,clay,1.0000,0.500000,0,0,0.000000,0.000000,0.000000,0,nan,0.00,0.000000,0.5853,0.0000,0.000000,0.9696,0.55,5.31,6.41,5.56,0.009899,0.0177,-1.4315,0.008000,0.161215,-0.2683,-0.494724,0.022053,-0.007244,306.46241646126435,348.35410904253797,-96.43588835905821,-465.97668636389255,-0.057054,-0.108312,6480.7,6139.8,0.089304,0.800000,0.000000,0.5000,1.0000,,,,,
0.8040,1778843153.345489,67,1.648076,-0.002975,0.000942,0.1145,0.0262,-0.017529,1.640833,0.010016,0.000079,-0.0070,1.648330,-0.002841,0.000916,0.0372,0.0161,-0.002412,0.226635,0.0000,1.648330,0.000000,0.000000,1.4183,0.000000,0.266632,55.3879,0,1,clay,1.0000,0.500000,0,0,0.000000,0.000000,0.000000,0,nan,0.00,0.000000,0.5909,0.0000,0.000000,0.9728,0.82,5.30,6.95,5.21,0.010016,0.0045,-1.4253,0.008000,0.085119,-0.1039,-0.476510,0.024595,-0.009127,365.70319548723353,36.70505381274839,-131.5661172549781,-492.6674524634268,-0.045352,-0.108985,6475.1,6145.5,0.099123,0.800000,0.000000,0.5000,1.0000,,,,,
0.8160,1778843153.355716,68,1.719890,-0.013752,-0.003505,0.0701,0.0584,-0.018709,1.640892,0.010144,-0.000162,0.0076,1.720188,-0.013610,-0.003537,0.0441,0.0179,-0.002841,0.256588,0.0000,1.720188,0.000000,-0.000000,1.3041,0.000000,0.202375,53.7441,0,1,clay,1.0000,0.500000,0,0,0.000000,0.000000,0.000000,0,nan,0.00,0.000000,0.5964,0.0000,0.000000,0.9752,0.79,5.30,6.89,5.29,0.010144,-0.0093,-1.2965,0.008000,0.064183,-0.4056,-0.470827,0.022892,-0.011141,405.51641838329573,18.4022753228886,-172.6564668028691,-636.4706348413233,-0.047632,-0.122606,6467.4,6153.1,0.112482,0.800000,0.000000,0.5000,1.0000,,,,,
0.8280,1778843153.367634,69,1.611445,0.017474,0.000281,0.0234,0.1024,-0.021979,1.641145,0.010231,-0.000440,0.0266,1.611714,0.017660,0.000244,0.0407,0.0232,-0.003285,0.292563,0.0000,1.611714,0.000000,0.000000,1.4674,0.000000,0.152140,56.1863,0,1,clay,1.0000,0.500000,0,0,0.000000,0.000000,0.000000,0,nan,0.00,0.000000,0.6019,0.0000,0.000000,0.9771,0.75,5.28,6.78,5.19,0.010231,-0.0252,-1.4408,0.008000,0.113941,-0.1294,-0.475175,0.035520,-0.013347,339.76449222119237,-115.34107356396345,-225.12735505304937,-948.3032202968632,-0.064442,-0.152367,6458.2,6162.3,0.128570,0.800000,0.000000,0.5000,1.0000,,,,,
0.8400,1778843153.379724,70,1.752512,-0.006282,-0.013341,0.0916,0.0402,-0.027872,1.641629,0.010128,-0.000777,0.0446,1.752851,-0.006128,-0.013387,0.0511,0.0222,-0.004046,0.328611,0.0000,1.752851,-0.000000,-0.000000,1.2418,0.000000,0.066198,53.1691,0,1,clay,1.0000,0.500000,0,0,0.000000,0.000000,0.000000,0,nan,0.00,0.000000,0.6071,0.0000,0.000000,0.9778,0.73,5.27,6.73,5.19,0.010128,-0.0445,-1.1972,0.008000,0.061902,-0.9556,-0.465476,0.034060,-0.016086,-534.2774975970708,-242.3410357940321,-282.9746508193314,-1001.44970277912,-0.050389,-0.156561,6449.0,6171.6,0.144641,0.800000,0.000000,0.5000,1.0000,,,,,
0.8520,1778843153.391698,71,1.593449,0.047666,-0.002015,0.0775,0.0490,-0.050902,1.642234,0.009334,-0.001358,0.0551,1.593820,0.047788,-0.002081,0.0567,0.0221,-0.005848,0.340507,0.0000,1.593820,0.000000,0.000000,1.4898,0.000000,0.036845,57.1330,0,1,clay,1.0000,0.500000,0,0,0.000000,0.000000,0.000000,0,nan,0.00,0.000000,0.6123,0.0000,0.000000,0.9783,0.71,5.27,6.68,5.27,0.009334,-0.0778,-1.4347,0.008000,0.156084,0.2421,-0.460520,0.034535,-0.022717,-1132.2102110296305,-209.5739069999493,-295.5314099911722,-1114.3828895235665,-0.028245,-0.178039,6445.8,6174.7,0.150151,0.800000,0.000000,0.5000,1.0000,,,,,
0.8640,1778843153.403687,72,1.570761,0.059223,0.001719,0.1009,0.0839,-0.042078,1.643015,0.009053,-0.001768,0.0718,1.571190,0.059357,0.001642,0.0658,0.0250,-0.006787,0.360763,0.0000,1.571190,0.000000,0.000000,1.5171,0.000000,0.013451,59.3316,0,1,clay,1.0000,0.500000,0,0,0.000000,0.000000,0.000000,0,nan,0.00,0.000000,0.6174,0.0000,0.000000,0.9785,0.68,5.26,6.63,5.25,0.009053,-0.1013,-1.4453,0.008000,0.095557,-0.3122,-0.452051,0.042613,-0.026369,6150.1992946170285,-203.93964185710638,-323.87154763478895,-1186.800985109871,-0.029310,-0.202616,6440.7,6179.9,0.159182,0.800000,0.000000,0.5000,1.0000,,,,,
0.8760,1778843153.415622,73,1.639714,-0.016302,-0.005558,0.0696,0.0040,-0.006685,1.644037,0.009442,-0.001933,0.0972,1.640149,-0.016201,-0.005624,0.0672,0.0206,-0.005816,0.396169,0.0000,1.640149,0.000000,0.000000,1.4297,0.000000,-0.056420,53.9900,0,1,clay,1.0000,0.500000,0,0,0.000000,0.000000,0.000000,0,nan,0.00,0.000000,0.6223,0.0000,0.000000,0.9778,0.66,5.29,6.61,5.43,0.009442,-0.1108,-1.3325,0.008000,0.114954,-0.2139,-0.451921,0.022997,-0.022106,-2956.254386391805,-266.5075813549555,-356.085461021502,-1077.5656109699264,-0.021065,-0.169985,6431.7,6188.9,0.174884,0.800000,0.000000,0.5000,1.0000,,,,,
0.8880,1778843153.427734,74,1.581001,0.061099,0.000070,0.1272,0.0907,-0.025432,1.645321,0.009335,-0.002273,0.1198,1.581516,0.061239,0.000003,0.0796,0.0244,-0.005887,0.430296,0.0000,1.581516,0.000000,0.000000,1.5048,0.000000,-0.107583,58.4269,0,1,clay,1.0000,0.500000,0,0,0.000000,0.000000,0.000000,0,nan,0.00,0.000000,0.6270,0.0000,0.000000,0.9765,0.65,5.34,6.64,5.61,0.009335,-0.1302,-1.3850,0.008000,0.080804,0.2000,-0.441919,0.038376,-0.021986,542.7577919572175,-267.3401465675905,-419.4461668574736,-1120.9032244151304,-0.036399,-0.188103,6422.9,6197.7,0.190156,0.800000,0.000000,0.5000,1.0000,,,,,
0.9000,1778843153.440512,75,1.662107,-0.055983,0.000494,0.1536,0.1209,-0.020488,1.646962,0.009362,-0.002552,0.1526,1.662722,-0.055782,0.000429,0.0947,0.0300,-0.005640,0.463134,0.0000,1.662722,0.000000,-0.000000,1.3976,0.000000,-0.190371,53.6285,0,1,clay,1.0000,0.500000,0,0,0.000000,0.000000,0.000000,0,nan,0.00,0.000000,0.6316,0.0000,0.000000,0.9742,0.63,5.33,6.59,5.26,0.009362,-0.1462,-1.2450,0.008000,0.054426,0.5063,-0.428845,0.049331,-0.020948,-1166.5483467473666,-378.19273110533356,-505.27384268634637,-1166.1756910556023,-0.063448,-0.210691,6414.5,6206.1,0.204804,0.800000,0.000000,0.5000,1.0000,,,,,
0.9120,1778843153.451659,76,1.628531,0.034061,-0.002136,0.1414,0.0606,-0.032472,1.648933,0.009115,-0.002923,0.1797,1.629208,0.034244,-0.002206,0.1045,0.0295,-0.006154,0.494022,0.0000,1.629208,0.000000,0.000000,1.4446,0.000000,-0.252175,56.0392,0,1,clay,1.0000,0.500000,0,0,0.000000,0.000000,0.000000,0,nan,0.00,0.000000,0.6360,0.0000,0.000000,0.9712,0.63,5.31,6.56,5.20,0.009115,-0.1675,-1.2648,0.008000,0.078355,-0.1610,-0.421412,0.050317,-0.022249,-1967.4237866707656,-395.3224104930638,-525.6397856879947,-1164.730901639757,-0.054625,-0.214089,6406.5,6214.0,0.218681,0.800000,0.000000,0.5000,1.0000,,,,,
0.9240,1778843153.463747,77,1.745539,0.026113,0.003148,0.1705,-0.0556,-0.033558,1.651291,0.008734,-0.003319,0.2116,1.746301,0.026183,0.003071,0.1181,0.0189,-0.006806,0.523590,0.0000,1.746301,0.000000,-0.000000,1.2549,0.000000,-0.334506,54.6729,0,1,clay,1.0000,0.500000,0,0,0.000000,0.000000,0.000000,0,nan,0.00,0.000000,0.6402,0.0000,0.000000,0.9672,0.62,5.31,6.55,5.31,0.008734,-0.1902,-1.0432,0.008000,0.045775,0.3993,-0.411006,0.024868,-0.023537,-906.6676126173933,-488.3761168308607,-369.46501952650834,-1058.3610027883187,-0.001866,-0.174217,6398.9,6221.6,0.231913,0.800000,0.000000,0.5000,1.0000,,,,,
0.9360,1778843153.475603,78,1.645492,0.056965,-0.000011,0.2062,0.0082,-0.028755,1.653999,0.008280,-0.003687,0.2393,1.646366,0.056999,-0.000090,0.1360,0.0160,-0.006982,0.551364,0.0000,1.646366,0.000000,0.000000,1.4211,0.000000,-0.389298,56.7108,0,1,clay,1.0000,0.500000,0,0,0.000000,0.000000,0.000000,0,nan,0.00,0.000000,0.6442,0.0000,0.000000,0.9625,0.60,5.31,6.51,5.32,0.008280,-0.2112,-1.1818,0.008000,0.040846,0.0042,-0.396887,0.012879,-0.023594,-1816.0431266270216,-800.5194671122542,-273.39057669934584,-1024.7533667269229,0.013047,-0.162688,6391.8,6228.8,0.244409,0.800000,0.000000,0.5000,1.0000,,,,,
0.9480,1778843153.487655,79,1.676190,-0.024776,-0.003855,0.3091,0.0801,-0.025969,1.657011,0.007734,-0.004031,0.2634,1.677285,-0.024707,-0.003932,0.1703,0.0199,-0.006869,0.578009,0.0000,1.677285,0.000000,-0.000000,1.3756,0.000000,-0.454718,54.4383,0,1,clay,1.0000,0.500000,0,0,0.000000,0.000000,0.000000,0,nan,0.00,0.000000,0.6479,0.0000,0.000000,0.9570,0.59,5.29,6.48,5.19,0.007734,-0.2309,-1.1121,0.008000,0.128179,0.5693,-0.366295,0.022374,-0.022615,-1019.5633570181833,-1254.7661036954316,-376.8594955201929,-1049.9667499061866,-0.004477,-0.178639,6384.9,6235.6,0.256329,0.699273,0.000000,0.5000,1.0000,,,,,
0.9600,1778843153.499624,80,1.679306,-0.059388,-0.004738,0.2457,-0.1008,-0.013743,1.660264,0.007321,-0.004239,0.2769,1.680489,-0.059436,-0.004809,0.1856,0.0072,-0.006416,0.572514,0.0000,1.680489,0.000000,-0.000000,1.3706,0.000000,-0.500575,55.7881,0,1,clay,1.0000,0.500000,0,0,0.000000,0.000000,0.000000,0,nan,0.00,0.000000,0.6514,0.0000,0.000000,0.9510,0.58,5.29,6.44,5.30,0.007321,-0.2429,-1.0937,0.008000,0.114050,-0.1187,-0.352175,-0.005847,-0.018354,64.22102236514343,-2769.626660030324,59.63007597744783,-861.1394444216803,0.043866,-0.115165,6386.2,6234.3,0.254080,0.763115,0.000000,0.5000,1.0000,,,,,
0.9720,1778843153.511633,81,1.586713,0.007867,-0.003450,0.3422,-0.0073,0.005563,1.663656,0.007208,-0.004214,0.2878,1.588092,0.007827,-0.003504,0.2166,0.0052,-0.004895,0.573642,0.0000,1.588092,0.000000,0.000000,1.4968,0.000000,-0.496844,55.3180,0,1,clay,1.0000,0.500000,0,0,0.000000,0.000000,0.000000,0,nan,0.00,0.000000,0.6547,0.0000,0.000000,0.9451,0.56,5.30,6.43,5.36,0.007208,-0.2414,-1.2091,0.008000,0.063234,-0.2529,-0.323177,-0.013447,-0.011706,-890.3392694626907,-2489.121107651206,-54.70661267122319,-685.9352864274474,0.034784,-0.086561,6385.9,6234.7,0.254703,0.674261,0.000000,0.5000,1.0000,,,,,
0.9840,1778843153.523674,82,1.682608,-0.012531,0.003232,0.3273,-0.0933,0.012407,1.667217,0.007258,-0.004030,0.3021,1.684136,-0.012624,0.003195,0.2388,-0.0039,-0.003438,0.590299,0.0000,1.684136,0.000000,-0.000000,1.3649,0.000000,-0.525980,53.9421,0,1,clay,1.0000,0.500000,0,0,0.000000,0.000000,0.000000,0,nan,0.00,0.000000,0.6577,0.0000,0.000000,0.9388,0.57,5.29,6.43,5.20,0.007258,-0.2309,-1.0628,0.008000,0.008065,0.5407,-0.304583,-0.029359,-0.006588,-1592.0062557805334,-1217.0346974213312,234.47667037797248,-276.7829636237851,0.056481,-0.025639,6381.7,6238.9,0.262053,0.673517,0.000000,0.5000,1.0000,,,,,
0.9960,1778843153.538601,83,1.747307,-0.008506,0.000295,0.2934,-0.0152,0.022349,1.670976,0.007411,-0.003770,0.3200,1.748901,-0.008578,0.000278,0.2502,-0.0045,-0.001624,0.594189,0.0000,1.748901,0.000000,-0.000000,1.2497,0.000000,-0.554515,53.9262,0,1,clay,1.0000,0.500000,0,0,0.000000,0.000000,0.000000,0,nan,0.00,0.000000,0.6605,0.0000,0.000000,0.9321,0.57,5.28,6.42,5.25,0.007411,-0.2160,-0.9297,0.008000,0.135964,0.0505,-0.296702,-0.034390,0.000075,-874.5081145150051,332.0815576894093,-12.997900635398778,-123.59495553809208,0.037671,-0.000024,6380.6,6239.9,0.263848,0.707659,0.000000,0.5000,1.0000,,,,,
1.0080,1778843153.547637,84,1.613357,0.010370,0.001974,0.3453,-0.0809,0.015744,1.675045,0.007618,-0.003544,0.3482,1.615070,0.010260,0.001968,0.2695,-0.0107,-0.000608,0.618044,0.0000,1.615070,0.000000,0.000000,1.4631,0.000000,-0.574344,55.2560,0,1,clay,1.0000,0.500000,0,0,0.000000,0.000000,0.000000,0,nan,0.00,0.000000,0.6632,0.0000,0.000000,0.9252,0.56,5.27,6.39,5.19,0.007618,-0.2030,-1.1149,0.008000,0.118204,0.1208,-0.280826,-0.053692,0.004037,-162.54476845920203,950.2651795867343,182.20696245606882,227.35329181583452,0.051964,0.041697,6374.5,6246.0,0.274457,0.631891,0.000000,0.5000,1.0000,,,,,
1.0200,1778843153.559655,85,1.663526,0.027903,0.000828,0.3339,0.0760,0.015269,1.679427,0.007887,-0.003336,0.3737,1.665319,0.027894,0.000833,0.2828,-0.0019,0.000427,0.636084,0.0000,1.665319,0.000000,-0.000000,1.3937,0.000000,-0.611255,55.6355,0,1,clay,1.0000,0.500000,0,0,0.000000,0.000000,0.000000,0,nan,0.00,0.000000,0.6655,0.0000,0.000000,0.9179,0.56,5.27,6.39,5.27,0.007887,-0.1911,-1.0200,0.008000,0.017695,0.2091,-0.270674,-0.033971,0.007800,154.89477509449932,549.9003389001842,-300.9831897591739,-19.714218183682817,0.003113,0.014330,6369.9,6250.6,0.282475,0.654391,0.000000,0.5000,1.0000,,,,,
1.0320,1778843153.571713,86,1.638895,0.068434,-0.000010,0.4851,0.0570,0.014215,1.684142,0.008226,-0.003160,0.4036,1.640944,0.068488,0.000003,0.3229,0.0035,0.001178,0.658221,0.0000,1.640944,0.000000,0.000000,1.4286,0.000000,-0.645065,58.5831,0,1,clay,1.0000,0.500000,0,0,0.000000,0.000000,0.000000,0,nan,0.00,0.000000,0.6677,0.0000,0.000000,0.9101,0.56,5.27,6.40,5.31,0.008226,-0.1811,-1.0250,0.008000,0.162715,-0.1375,-0.233694,-0.011801,0.010874,377.03262090293265,1377.9212582562263,-453.2826817955656,-119.71410171342797,-0.028318,-0.001109,6364.3,6256.3,0.292354,0.483676,0.000000,0.5000,1.0000,,,,,
1.0440,1778843153.583626,87,1.680913,-0.018162,-0.003577,0.4235,0.1090,0.011676,1.689232,0.008648,-0.003004,0.4332,1.683093,-0.018021,-0.003558,0.3433,0.0124,0.001730,0.679459,0.0000,1.683093,0.000000,-0.000000,1.3665,0.000000,-0.694676,56.2322,0,1,clay,1.0000,0.500000,0,0,0.000000,0.000000,0.000000,0,nan,0.00,0.000000,0.6696,0.0000,0.000000,0.9018,0.56,5.27,6.39,5.28,0.008648,-0.1721,-0.9333,0.008000,0.077193,-0.1598,-0.216187,0.010863,0.012450,337.00291005082596,2278.5082884954813,-655.2406914152837,-325.465570248613,-0.072101,-0.035338,6358.8,6261.7,0.301826,0.564347,0.000000,0.5000,1.0000,,,,,
1.0560,1778843153.595622,88,1.643205,0.002147,-0.003906,0.5253,0.0028,0.013446,1.694653,0.009203,-0.002835,0.4593,1.645611,0.002273,-0.003884,0.3795,0.0103,0.002106,0.699521,0.0000,1.645611,0.000000,0.000000,1.4221,0.000000,-0.732221,57.1767,0,1,clay,1.0000,0.500000,0,0,0.000000,0.000000,0.000000,0,nan,0.00,0.000000,0.6713,0.0000,0.000000,0.8930,0.55,5.30,6.40,5.43,0.009203,-0.1624,-0.9628,0.008000,0.088063,0.0408,-0.182778,0.002482,0.013926,67.90378885712278,1685.3921139136576,-618.6717635220386,-228.86965800479828,-0.067503,-0.020679,6353.7,6266.9,0.310820,0.507794,0.000000,0.5000,1.0000,,,,,
1.0680,1778843153.607609,89,1.727172,0.104348,0.005441,0.4611,0.1008,0.010090,1.700389,0.009840,-0.002669,0.4890,1.729684,0.104568,0.005466,0.3963,0.0172,0.002384,0.718730,0.0000,1.729684,0.000000,-0.000000,1.2867,0.000000,-0.779101,64.0632,0,1,clay,1.0000,0.500000,0,0,0.000000,0.000000,0.000000,0,nan,0.00,0.000000,0.6728,0.0000,0.000000,0.8837,0.54,5.30,6.38,5.30,0.009840,-0.1529,-0.7977,0.008000,0.164358,0.6240,-0.165578,0.030044,0.014235,371.97699885369724,1214.6211083611465,-769.5377138561591,-399.8277835599958,-0.099446,-0.048998,6348.8,6271.8,0.319408,0.580617,0.000000,0.5000,1.0000,,,,,
1.0800,1778843153.619622,90,1.763425,0.018832,-0.000580,0.5054,0.0014,0.007868,1.706472,0.010498,-0.002553,0.5159,1.766077,0.019005,-0.000555,0.4184,0.0140,0.002338,0.736881,0.0000,1.766077,-0.000000,-0.000000,1.2144,0.000000,-0.829288,59.4772,0,1,clay,1.0000,0.500000,0,0,0.000000,0.000000,0.000000,0,nan,0.00,0.000000,0.6739,0.0000,0.000000,0.8737,0.54,5.29,6.36,5.22,0.010498,-0.1463,-0.6985,0.008000,0.125854,0.1956,-0.143682,0.025690,0.013185,318.9998168411453,1794.6658109493692,-685.0182811699955,-301.6735839750787,-0.085635,-0.034856,6344.1,6276.5,0.327553,0.579244,0.000000,0.5000,1.0000,,,,,
1.0920,1778843153.636936,91,1.707837,0.061417,0.001495,0.5081,0.0533,0.006476,1.712851,0.011214,-0.002459,0.5398,1.710601,0.061614,0.001519,0.4368,0.0160,0.002309,0.753415,0.0000,1.710601,0.000000,-0.000000,1.3210,0.000000,-0.859848,61.5883,0,1,clay,1.0000,0.500000,0,0,0.000000,0.000000,0.000000,0,nan,0.00,0.000000,0.6749,0.0000,0.000000,0.8634,0.54,5.29,6.37,5.31,0.011214,-0.1409,-0.7812,0.008000,0.079272,-0.0777,-0.127078,0.038672,0.010909,299.5468470529362,674.1190489700621,-713.2197131327252,-352.62310494688603,-0.093566,-0.044425,6339.8,6280.7,0.334990,0.617209,0.000000,0.5000,1.0000,,,,,
1.1040,1778843153.643490,92,1.727838,0.016895,-0.004990,0.5433,0.0065,0.009397,1.719489,0.012001,-0.002361,0.5613,1.730736,0.017050,-0.004965,0.4584,0.0135,0.002367,0.769903,0.0000,1.730736,0.000000,-0.000000,1.2848,0.000000,-0.898901,60.2163,0,1,clay,1.0000,0.500000,0,0,0.000000,0.000000,0.000000,0,nan,0.00,0.000000,0.6756,0.0000,0.000000,0.8526,0.53,5.27,6.34,5.19,0.012001,-0.1353,-0.7235,0.008000,0.075731,-0.2925,-0.105919,0.034031,0.009644,278.1198661366636,554.7359858575469,-641.265149276142,-269.26856803714463,-0.083777,-0.032124,6335.6,6285.0,0.342352,0.624926,0.000000,0.5000,1.0000,,,,,
1.1160,1778843153.655667,93,1.754673,0.013071,0.000112,0.5830,0.0717,0.008840,1.726392,0.012837,-0.002272,0.5844,1.757725,0.013278,0.000139,0.4835,0.0173,0.002486,0.774098,0.0000,1.757725,-0.000000,-0.000000,1.2318,0.000000,-0.925912,60.3916,0,1,clay,1.0000,0.500000,0,0,0.000000,0.000000,0.000000,0,nan,0.00,0.000000,0.6760,0.0000,0.000000,0.8415,0.53,5.29,6.36,5.40,0.012837,-0.1302,-0.6474,0.008000,0.089685,-0.1028,-0.083235,0.048342,0.008794,55.106249190978914,452.62140167737425,-731.6660723115024,-361.040859912308,-0.100591,-0.047791,6334.5,6286.1,0.344311,0.613853,0.000000,0.5000,1.0000,,,,,
1.1280,1778843153.667704,94,1.682867,0.029376,-0.004918,0.6409,0.1424,0.009384,1.733607,0.013744,-0.002177,0.6111,1.686132,0.029663,-0.004889,0.5150,0.0270,0.002750,0.789310,0.0000,1.686132,0.000000,-0.000000,1.3617,0.000000,-0.955681,61.2746,0,1,clay,1.0000,0.500000,0,0,0.000000,0.000000,0.000000,0,nan,0.00,0.000000,0.6762,0.0000,0.000000,0.8300,0.54,5.32,6.40,5.48,0.013744,-0.1248,-0.7506,0.008000,0.032490,-0.3319,-0.053612,0.060413,0.008061,-206.35447759350737,-994.4529039308227,-882.5085917097529,-598.2174771502279,-0.138622,-0.085560,6330.6,6290.0,0.351113,0.587136,0.000000,0.5100,1.0000,,,,,
1.1400,1778843153.679664,95,1.711805,-0.019010,0.003698,0.6283,0.1087,0.004572,1.741094,0.014635,-0.002109,0.6320,1.715232,-0.018647,0.003727,0.5381,0.0325,0.002696,0.803782,0.0000,1.715232,0.000000,-0.000000,1.3129,0.000000,-1.013780,60.4555,0,1,clay,1.0000,0.500000,0,0,0.000000,0.000000,0.000000,0,nan,0.00,0.000000,0.6761,0.0000,0.000000,0.8179,0.54,5.31,6.39,5.26,0.014635,-0.1208,-0.6809,0.008000,0.090468,0.2050,-0.032922,0.064534,0.006283,-34.08261087778149,217.85578239034078,-908.2675876566072,-699.1900731259768,-0.148681,-0.102462,6326.9,6293.7,0.357601,0.624095,0.000000,0.5329,1.0000,,,,,
1.1520,1778843153.691683,96,1.757098,0.046016,-0.000014,0.6552,0.0680,0.007141,1.748804,0.015527,-0.002048,0.6501,1.760674,0.046372,0.000014,0.5617,0.0336,0.002749,0.795144,0.0000,1.760674,-0.000000,-0.000000,1.2257,0.000000,-1.055997,63.3971,0,1,clay,1.0000,0.500000,0,0,0.000000,0.000000,0.000000,0,nan,0.00,0.000000,0.6757,0.0000,0.000000,0.8052,0.54,5.32,6.40,5.33,0.015527,-0.1173,-0.5756,0.008000,0.067156,0.1932,-0.011374,0.055967,0.005802,-127.14823779027691,-232.21173415676697,-897.329329267007,-685.4090638694818,-0.142289,-0.098475,6329.0,6291.6,0.353948,0.636798,0.000000,0.5566,1.0000,,,,,
1.1640,1778843153.703671,97,1.839069,-0.045226,-0.012597,0.7265,0.0384,0.007091,1.756777,0.016532,-0.001944,0.6715,1.842864,-0.044938,-0.012569,0.5946,0.0319,0.002777,0.804694,0.0000,1.842864,-0.000000,-0.000000,1.0411,0.000000,-1.140575,64.0278,0,1,clay,1.0000,0.500000,0,0,0.000000,0.000000,0.000000,0,nan,0.00,0.000000,0.6751,0.0000,0.000000,0.7915,0.54,5.31,6.40,5.28,0.016532,-0.1114,-0.3696,0.008000,0.151484,-0.5113,0.019509,0.052159,0.005391,-173.16273305113415,-963.8653697946086,-834.6775839920936,-584.5132633135372,-0.124757,-0.083668,6326.5,6294.1,0.358287,0.614400,0.000000,0.5895,1.0000,,,,,
1.1760,1778843153.715598,98,1.705389,0.090211,-0.003839,0.6473,0.1510,0.009299,1.764982,0.017564,-0.001820,0.6910,1.709261,0.090618,-0.003807,0.6059,0.0412,0.003091,0.812081,0.0000,1.709261,0.000000,-0.000000,1.3233,0.000000,-1.168691,67.2060,0,1,clay,1.0000,0.500000,0,0,0.000000,0.000000,0.000000,0,nan,0.00,0.000000,0.6742,0.0000,0.000000,0.7775,0.55,5.30,6.40,5.23,0.017564,-0.1043,-0.6323,0.008000,0.076168,-0.5468,0.028789,0.062700,0.005422,-159.51590476313618,199.76218809208558,-922.8069119186272,-745.104478623173,-0.151509,-0.109466,6324.5,6296.1,0.361795,0.671876,0.000000,0.6007,1.0000,,,,,
1.1880,1778843153.735441,99,1.735820,-0.000906,-0.006247,0.7996,0.0379,0.008940,1.773442,0.018626,-0.001706,0.7117,1.739929,-0.000540,-0.006215,0.6444,0.0386,0.003225,0.813353,0.0000,1.739929,0.000000,-0.000000,1.2673,0.000000,-1.236711,63.2409,0,1,clay,1.0000,0.500000,0,0,0.000000,0.000000,0.000000,0,nan,0.00,0.000000,0.6730,0.0000,0.000000,0.7626,0.55,5.32,6.42,5.46,0.018626,-0.0977,-0.5556,0.008000,0.083121,-0.3395,0.065479,0.057215,0.005230,-124.221595444853,444.9168993108667,-859.6795443569838,-627.5694228290226,-0.130740,-0.089891,6324.1,6296.5,0.362427,0.613482,0.000000,0.6392,1.0000,,,,,
1.2000,1778843153.741403,100,1.855220,0.051989,0.005822,0.7290,0.0816,0.007897,1.782165,0.019747,-0.001592,0.7366,1.859793,0.052444,0.005857,0.6623,0.0383,0.003112,0.823050,0.0000,1.859793,-0.000000,-0.000000,1.0021,0.000000,-1.307678,71.0159,0,1,clay,1.0000,0.500000,0,0,0.000000,0.000000,0.000000,0,nan,0.00,0.000000,0.6715,0.0000,0.000000,0.7469,0.81,5.32,6.94,5.31,0.019747,-0.0912,-0.2655,0.008000,0.095341,0.2333,0.081206,0.057390,0.005279,-240.0979827344102,311.9460716893892,-853.4107615115354,-625.994654805784,-0.130254,-0.090592,6321.4,6299.2,0.367196,0.648598,0.000000,0.6565,1.0000,,,,,
1.2120,1778843153.751661,101,1.819511,0.090513,-0.003280,0.7666,0.1713,0.006527,1.791183,0.020832,-0.001499,0.7605,1.824181,0.091023,-0.003246,0.6835,0.0496,0.003317,0.821840,0.0000,1.824181,-0.000000,-0.000000,1.0843,0.000000,-1.360988,72.7849,0,1,clay,1.0000,0.500000,0,0,0.000000,0.000000,0.000000,0,nan,0.00,0.000000,0.6696,0.0000,0.000000,0.7306,0.77,5.31,6.85,5.24,0.020832,-0.0859,-0.3239,0.008000,0.081798,0.0829,0.100855,0.078462,0.004616,-201.86073784535716,-835.5379363894297,-936.0197028830854,-786.7840511321112,-0.153000,-0.116161,6321.6,6299.0,0.366832,0.641274,0.000000,0.6778,1.0000,,,,,
1.2240,1778843153.763678,102,1.816873,0.078047,-0.006236,0.7390,-0.0079,0.007885,1.800470,0.021935,-0.001406,0.7828,1.821582,0.078442,-0.006203,0.6954,0.0398,0.003191,0.829412,0.0000,1.821582,-0.000000,-0.000000,1.0903,0.000000,-1.408380,72.5714,0,1,clay,1.0000,0.500000,0,0,0.000000,0.000000,0.000000,0,nan,0.00,0.000000,0.6675,0.0000,0.000000,0.7137,0.74,5.29,6.77,5.16,0.021935,-0.0805,-0.3075,0.008000,0.063262,-0.3795,0.112281,0.055881,0.004964,-221.44628238569152,150.44460651426073,-822.6819211577014,-595.5073992947757,-0.122906,-0.086269,6319.6,6301.0,0.370300,0.669961,0.000000,0.6897,1.0000,,,,,
1.2360,1778843153.775597,103,1.798550,0.008928,0.001549,0.7494,0.0750,0.005180,1.810048,0.023020,-0.001333,0.8082,1.803265,0.009357,0.001580,0.7069,0.0407,0.003104,0.837598,0.0000,1.803265,-0.000000,-0.000000,1.1324,0.000000,-1.450182,69.5368,0,1,clay,1.0000,0.500000,0,0,0.000000,0.000000,0.000000,0,nan,0.00,0.000000,0.6650,0.0000,0.000000,0.6963,0.71,5.28,6.69,5.23,0.023020,-0.0764,-0.3242,0.008000,0.065313,0.3531,0.107281,0.047151,0.004293,-196.5452483551074,595.2170786126261,-806.0116813670163,-592.4763236688929,-0.120358,-0.086622,6317.5,6303.1,0.373996,0.672299,0.000000,0.7013,1.0000,,,,,
1.2480,1778843153.787611,104,1.868932,0.048547,-0.005886,0.8329,0.0780,0.007050,1.819930,0.024121,-0.001252,0.8334,1.873775,0.048946,-0.005854,0.7324,0.0423,0.003202,0.845095,0.0000,1.873775,-0.000000,-0.000000,0.9704,0.000000,-1.510487,76.8754,0,1,clay,1.0000,0.500000,0,0,0.000000,0.000000,0.000000,0,nan,0.00,0.000000,0.6623,0.0000,0.000000,0.6782,0.68,5.29,6.65,5.35,0.024121,-0.0717,-0.1369,0.008000,0.118249,-0.5662,0.108299,0.043249,0.004429,-160.47676258203722,301.5525265441627,-788.8872495265962,-577.9971069867659,-0.117345,-0.084944,6315.5,6305.1,0.377389,0.645797,0.000000,0.7267,1.0000,,,,,
1.2600,1778843153.799650,105,2.001838,-0.012244,-0.005636,0.9039,0.0765,0.011675,1.830129,0.025253,-0.001137,0.8589,2.006884,-0.011833,-0.005600,0.7666,0.0438,0.003631,0.840056,0.0000,2.006884,0.000000,0.000000,0.7388,0.000000,-1.589641,85.8120,0,1,clay,1.0000,0.500000,0,0,0.000000,0.000000,0.000000,0,nan,0.00,0.000000,0.6591,0.0000,0.000000,0.6591,0.66,5.28,6.60,5.24,0.025253,-0.0651,0.1201,0.008000,0.195233,-0.3395,0.119841,0.043274,0.005355,-240.39161568061468,-1097.2776528853624,-784.0691427459828,-550.8122206504175,-0.114468,-0.079785,6316.7,6303.9,0.375320,0.624010,0.000000,0.7610,1.0000,,,,,
1.2720,1778843153.811544,106,1.887208,0.063264,0.008093,0.9360,0.0387,0.014648,1.840582,0.026421,-0.000959,0.8795,1.892446,0.063721,0.008135,0.8005,0.0407,0.004160,0.840021,0.0000,1.892446,-0.000000,-0.000000,0.9292,0.000000,-1.641232,83.4829,0,1,clay,1.0000,0.500000,0,0,0.000000,0.000000,0.000000,0,nan,0.00,0.000000,0.6556,0.0000,0.000000,0.6394,0.64,5.26,6.55,5.16,0.026421,-0.0549,-0.0497,0.008000,0.106461,1.1679,0.119799,0.038390,0.006136,-209.14110773694858,102.11356763875568,-726.9006961877471,-447.2664401402885,-0.103491,-0.064959,6316.6,6304.0,0.375513,0.629371,0.000000,0.7949,1.0000,,,,,
1.2840,1778843153.823514,107,1.884738,0.006607,-0.003185,0.8964,0.1098,0.013463,1.851283,0.027571,-0.000784,0.9002,1.890049,0.007052,-0.003140,0.8200,0.0464,0.004659,0.840355,0.0000,1.890049,-0.000000,-0.000000,0.9344,0.000000,-1.690876,82.7132,0,1,clay,1.0000,0.500000,0,0,0.000000,0.000000,0.000000,0,nan,0.00,0.000000,0.6518,0.0000,0.000000,0.6191,0.62,5.30,6.53,5.52,0.027571,-0.0449,-0.0343,0.008000,0.144969,0.0180,0.127434,0.040374,0.008985,-230.42235878565555,-151.56700912171593,-781.8875822338937,-498.85141950943,-0.112454,-0.071699,6316.4,6304.1,0.375755,0.654955,0.000000,0.8145,1.0000,,,,,
1.2960,1778843153.836488,108,1.860379,0.066187,0.006675,0.9397,0.0453,0.016019,1.862235,0.028752,-0.000607,0.9201,1.865871,0.066667,0.006725,0.8443,0.0433,0.005126,0.842851,0.0000,1.865871,-0.000000,-0.000000,0.9882,0.000000,-1.734304,86.1850,0,1,clay,1.0000,0.500000,0,0,0.000000,0.000000,0.000000,0,nan,0.00,0.000000,0.6477,0.0000,0.000000,0.5983,0.61,5.30,6.53,5.30,0.028752,-0.0348,-0.0681,0.008000,0.084109,0.7200,0.113030,0.034865,0.006720,-248.36122612424316,450.20330319841764,-736.7769748564099,-415.72266987683497,-0.104400,-0.060308,6315.7,6304.8,0.377025,0.652455,0.000000,0.8388,1.0000,,,,,
1.3080,1778843153.847678,109,1.893585,0.113455,0.000706,0.8783,0.0649,0.015149,1.873425,0.029927,-0.000429,0.9411,1.899132,0.113903,0.000759,0.8520,0.0429,0.005446,0.844218,0.0000,1.899132,-0.000000,-0.000000,0.9149,0.000000,-1.769039,92.8039,0,1,clay,1.0000,0.500000,0,0,0.000000,0.000000,0.000000,0,nan,0.00,0.000000,0.6432,0.0000,0.000000,0.5771,0.62,5.28,6.51,5.17,0.029927,-0.0246,0.0262,0.008000,0.064896,-0.3130,0.101824,0.035897,0.008715,-272.75321784792885,921.4471348127438,-732.28640907269,-392.0839157260359,-0.103727,-0.057118,6315.3,6305.3,0.377755,0.681743,0.000000,0.8464,1.0000,,,,,
1.3200,1778843153.859651,110,1.923878,0.003519,-0.002318,0.9188,0.0287,0.017443,1.884890,0.031148,-0.000222,0.9643,1.929491,0.003916,-0.002260,0.8660,0.0385,0.005874,0.847792,0.0000,1.929491,-0.000000,0.000000,0.8535,0.000000,-1.812707,90.6717,0,1,clay,1.0000,0.500000,0,0,0.000000,0.000000,0.000000,0,nan,0.00,0.000000,0.6383,0.0000,0.000000,0.5553,0.61,5.27,6.49,5.19,0.031148,-0.0127,0.1107,0.008000,0.097867,0.0342,0.094734,0.019155,0.010548,-349.35974955526547,-344.3765053837984,-674.0309883370577,-305.3381537623684,-0.095015,-0.045092,6314.3,6306.2,0.379410,0.668962,0.000000,0.8604,1.0000,,,,,
1.3320,1778843153.871421,111,1.904442,0.049549,0.001130,1.0042,0.0100,0.018666,1.896624,0.032397,-0.000008,0.9862,1.910196,0.049922,0.001192,0.8938,0.0328,0.006393,0.845922,0.0000,1.910196,-0.000000,0.000000,0.8918,0.000000,-1.854367,93.2835,0,1,clay,1.0000,0.500000,0,0,0.000000,0.000000,0.000000,0,nan,0.00,0.000000,0.6332,0.0000,0.000000,0.5331,0.60,5.26,6.45,5.20,0.032397,-0.0005,0.0944,0.008000,0.035510,0.4018,0.109959,0.017435,0.010446,-304.66871111723475,262.5673156165442,-595.3067882907867,-207.88668664115727,-0.082914,-0.030466,6314.8,6305.8,0.378675,0.648409,0.000000,0.8883,1.0000,,,,,
1.3440,1778843153.883584,112,1.866010,-0.002413,-0.003232,0.9578,0.0577,0.015663,1.908621,0.033636,0.000194,1.0085,1.871825,-0.002057,-0.003168,0.9072,0.0339,0.006622,0.848409,0.0000,1.871825,-0.000000,-0.000000,0.9748,0.000000,-1.885608,90.1249,0,1,clay,1.0000,0.500000,0,0,0.000000,0.000000,0.000000,0,nan,0.00,0.000000,0.6277,0.0000,0.000000,0.5104,0.59,5.26,6.43,5.28,0.033636,0.0111,0.0337,0.008000,0.018317,-0.2935,0.111064,0.017222,0.009438,-223.88641702677756,-61.12284115108622,-598.9020568451836,-208.8043215539114,-0.083573,-0.030847,6314.1,6306.5,0.379867,0.674085,0.000000,0.9017,1.0000,,,,,
1.3560,1778843153.895669,113,1.824656,0.060906,-0.001900,1.0362,0.0333,0.016399,1.920896,0.034876,0.000393,1.0323,1.830644,0.061255,-0.001835,0.9332,0.0319,0.006882,0.846615,0.0000,1.830644,-0.000000,-0.000000,1.0694,0.000000,-1.916048,92.0230,0,1,clay,1.0000,0.500000,0,0,0.000000,0.000000,0.000000,0,nan,0.00,0.000000,0.6218,0.0000,0.000000,0.4875,0.59,5.27,6.44,5.32,0.034876,0.0225,-0.0370,0.008000,0.122624,0.2082,0.110858,0.014158,0.011320,-357.24692401669796,-92.43061162640691,-563.0975681308489,-171.68364083468674,-0.077888,-0.025271,6314.5,6306.1,0.379168,0.652694,0.000000,0.9277,1.0000,,,,,
1.3680,1778843153.907523,114,1.963774,-0.056021,-0.006724,1.0064,0.1074,0.013669,1.933459,0.036087,0.000574,1.0561,1.969866,-0.055641,-0.006658,0.9485,0.0396,0.006973,0.848361,0.0000,1.969866,-0.000000,0.000000,0.7846,0.000000,-1.964759,102.1424,0,1,clay,1.0000,0.500000,0,0,0.000000,0.000000,0.000000,0,nan,0.00,0.000000,0.6157,0.0000,0.000000,0.4639,0.58,5.27,6.44,5.26,0.036087,0.0329,0.2715,0.008000,0.129324,-0.0852,0.092349,0.023991,0.009515,-325.08922700500756,95.54939174815024,-639.3287764392838,-252.9189957470664,-0.088211,-0.037290,6314.0,6306.6,0.380030,0.670765,0.000000,0.9430,1.0000,,,,,
1.3800,1778843153.919622,115,1.928953,-0.009530,-0.000986,0.9967,0.1196,0.012342,1.946307,0.037263,0.000731,1.0800,1.935085,-0.009057,-0.000922,0.9589,0.0474,0.006964,0.849431,0.0000,1.935085,-0.000000,0.000000,0.8430,0.000000,-2.000000,100.9690,0,1,clay,1.0000,0.500000,0,0,0.000000,0.000000,0.000000,0,nan,0.00,0.000000,0.6092,0.0000,0.000000,0.4399,0.57,5.25,6.40,5.15,0.037263,0.0419,0.2370,0.008000,0.089930,-0.5464,0.068904,0.041841,0.011551,-402.0480088884193,-159.49439265012208,-711.3061730424558,-342.09478288607573,-0.098504,-0.049722,6313.7,6306.9,0.380619,0.679955,0.000000,0.9534,1.0000,,,,,
1.3920,1778843153.934498,116,2.009302,-0.062665,-0.007870,1.0675,0.0881,0.013853,1.959421,0.038431,0.000897,1.1010,2.015533,-0.062219,-0.007805,0.9809,0.0501,0.007108,0.844980,0.0000,2.015533,0.000000,0.000000,0.7309,0.000000,-2.000000,110.0762,0,1,clay,1.0000,0.500000,0,0,0.000000,0.000000,0.000000,0,nan,0.00,0.000000,0.6024,0.0000,0.000000,0.4159,0.56,5.25,6.37,5.26,0.038431,0.0514,0.3701,0.008000,0.083535,-0.2977,0.071381,0.038836,0.008944,-387.85114649135437,-1226.1043205953833,-726.1686376954484,-363.7954928278008,-0.099429,-0.051966,6314.8,6305.8,0.378712,0.664924,0.000000,0.9754,1.0000,,,,,
1.4040,1778843153.943610,117,1.939387,0.060942,0.004380,1.0618,0.0186,0.014564,1.972785,0.039585,0.001074,1.1225,1.945710,0.061409,0.004445,0.9976,0.0431,0.007129,0.842015,0.0000,1.945710,-0.000000,0.000000,0.8238,0.000000,-2.000000,108.5420,0,1,clay,1.0000,0.500000,0,0,0.000000,0.000000,0.000000,0,nan,0.00,0.000000,0.5953,0.0000,0.000000,0.3919,0.55,5.26,6.37,5.32,0.039585,0.0615,0.2986,0.008000,0.015836,-0.1637,0.063574,0.033421,0.011023,-410.6816066531482,-408.54428238620454,-646.6757034518087,-277.28482974394205,-0.087032,-0.039994,6315.5,6305.1,0.377395,0.674736,0.000000,0.9922,1.0000,,,,,
1.4160,1778843153.955622,118,1.902884,-0.029931,-0.000523,1.1132,0.1135,0.016192,1.986391,0.040724,0.001266,1.1406,1.909364,-0.029439,-0.000456,1.0210,0.0500,0.007506,0.838196,0.0000,1.909364,-0.000000,0.000000,0.8935,0.000000,-2.000000,110.8947,0,1,clay,1.0000,0.500000,0,0,0.000000,0.000000,0.000000,0,nan,0.00,0.000000,0.5879,0.0000,0.000000,0.3679,0.55,5.26,6.36,5.25,0.040724,0.0725,0.2471,0.008000,0.169809,-0.1047,0.079198,0.043005,0.010268,-412.85412500937815,-237.70777015002756,-711.2927184825232,-340.0526461635758,-0.094998,-0.047843,6316.5,6304.1,0.375714,0.669062,0.000000,1.0156,1.0000,,,,,
1.4280,1778843153.967826,119,1.831831,0.064594,-0.000249,1.1787,0.1716,0.018508,2.000224,0.041865,0.001466,1.1600,1.838517,0.065199,-0.000177,1.0525,0.0636,0.008193,0.831582,0.0000,1.838517,-0.000000,-0.000000,1.0511,0.000000,-2.000000,119.7771,0,1,clay,1.0000,0.500000,0,0,0.000000,0.000000,0.000000,0,nan,0.00,0.000000,0.5803,0.0000,0.000000,0.3439,0.55,5.26,6.37,5.24,0.041865,0.0840,0.1089,0.008000,0.192620,0.0816,0.096406,0.063392,0.007360,-415.4213039045681,-1016.2755887104315,-824.0281885112051,-470.26054129604574,-0.111229,-0.063233,6318.1,6302.4,0.372798,0.658126,0.000000,1.0472,1.0000,,,,,
1.4400,1778843153.979682,120,2.018238,0.037934,-0.003794,1.2036,0.2083,0.020724,2.014298,0.043036,0.001694,1.1812,2.025137,0.038648,-0.003715,1.0828,0.0798,0.009043,0.832854,0.0000,2.025137,0.000000,0.000000,0.7233,0.000000,-2.000000,148.6694,0,1,clay,1.0000,0.500000,0,0,0.000000,0.000000,0.000000,0,nan,0.00,0.000000,0.5724,0.0000,0.000000,0.3199,0.56,5.25,6.38,5.21,0.043036,0.0971,0.4579,0.008000,0.024858,-0.3223,0.099098,0.094139,0.011157,-511.7897451153623,-351.7577981753714,-925.6801928932455,-612.3816260872472,-0.130142,-0.080501,6317.8,6302.8,0.373374,0.653361,0.000000,1.0775,1.0000,,,,,
1.4520,1778843153.991680,121,2.068376,0.132599,-0.000055,1.2233,0.1174,0.019771,2.028647,0.044206,0.001914,1.2044,2.075457,0.133350,0.000027,1.1111,0.0809,0.009502,0.834122,0.0000,2.075457,0.000000,0.000000,0.7017,0.000000,-2.000000,173.5189,0,1,clay,1.0000,0.500000,0,0,0.000000,0.000000,0.000000,0,nan,0.00,0.000000,0.5642,0.0000,0.000000,0.2959,0.57,5.24,6.38,5.18,0.044206,0.1097,0.5027,0.008000,0.168037,0.1405,0.113633,0.094694,0.012089,-543.2154699991494,-143.0978434185562,-922.3836242056295,-595.2348839708269,-0.128220,-0.077886,6317.5,6303.1,0.373937,0.651753,0.000000,1.1057,1.0000,,,,,
1.4640,1778843154.003533,122,1.994475,-0.020642,0.004679,1.2078,0.0778,0.017887,2.043264,0.045354,0.002127,1.2273,2.001667,-0.019894,0.004762,1.1308,0.0763,0.009618,0.835387,0.0000,2.001667,0.000000,0.000000,0.7441,0.000000,-2.000000,165.3108,0,1,clay,1.0000,0.500000,0,0,0.000000,0.000000,0.000000,0,nan,0.00,0.000000,0.5557,0.0000,0.000000,0.2719,0.57,5.24,6.38,5.25,0.045354,0.1219,0.4832,0.008000,0.111216,0.3338,0.107558,0.092035,0.014878,-592.989060549998,-430.5632791119458,-883.7241688638835,-531.6970307978254,-0.119846,-0.069839,6317.2,6303.4,0.374486,0.657701,0.000000,1.1255,1.0000,,,,,
1.4760,1778843154.015667,123,2.009304,0.039705,0.008490,1.2049,0.0678,0.020380,2.058167,0.046503,0.002391,1.2499,2.016602,0.040446,0.008575,1.1462,0.0711,0.009922,0.836583,0.0000,2.016602,0.000000,0.000000,0.7300,0.000000,-2.000000,175.3676,0,1,clay,1.0000,0.500000,0,0,0.000000,0.000000,0.000000,0,nan,0.00,0.000000,0.5470,0.0000,0.000000,0.2479,0.57,5.23,6.38,5.18,0.046503,0.1370,0.5200,0.008000,0.106507,0.8279,0.107515,0.076279,0.012967,-601.9073740053036,-1242.1649315266623,-844.9420996548176,-460.23070263247973,-0.112343,-0.061170,6316.9,6303.7,0.375023,0.665066,0.000000,1.1408,1.0000,,,,,
1.4880,1778843154.032990,124,2.034166,0.079579,0.002825,1.3050,0.0322,0.023555,2.073314,0.047594,0.002661,1.2690,2.041665,0.080218,0.002916,1.1779,0.0623,0.010532,0.825922,0.0000,2.041665,0.000000,0.000000,0.7130,0.000000,-2.000000,192.5395,0,1,clay,1.0000,0.500000,0,0,0.000000,0.000000,0.000000,0,nan,0.00,0.000000,0.5381,0.0000,0.000000,0.2239,0.58,5.25,6.40,5.33,0.047594,0.1525,0.5559,0.008000,0.082899,0.1748,0.128795,0.059560,0.017249,-475.0974448793899,-405.7768946165993,-783.6957990802853,-347.4504908334001,-0.099690,-0.046686,6319.6,6301.0,0.370311,0.645284,0.000000,1.1726,1.0000,,,,,
1.5000,1778843154.039358,125,2.125007,0.112818,0.006980,1.3399,0.0153,0.023955,2.088687,0.048681,0.002941,1.2898,2.132648,0.113420,0.007076,1.2103,0.0530,0.011132,0.827462,0.0000,2.132648,0.000000,0.000000,0.7049,0.000000,-2.000000,220.1570,0,1,clay,1.0000,0.500000,0,0,0.000000,0.000000,0.000000,0,nan,0.00,0.000000,0.5289,0.0000,0.000000,0.1999,0.54,5.23,6.32,5.17,0.048681,0.1685,0.5849,0.008000,0.170087,0.8064,0.139612,0.038289,0.012156,-650.1453814623749,-249.2504168434942,-699.3645849865554,-227.6035183827214,-0.086865,-0.032539,6319.2,6301.4,0.370946,0.641946,0.000000,1.2050,1.0000,,,,,
1.5120,1778843154.051646,126,2.033426,0.049824,0.009533,1.3739,-0.0901,0.028780,2.104323,0.049832,0.003256,1.3110,2.041257,0.050288,0.009636,1.2429,0.0305,0.011963,0.820853,0.0000,2.041257,0.000000,0.000000,0.7133,0.000000,-2.000000,218.6409,0,1,clay,1.0000,0.500000,0,0,0.000000,0.000000,0.000000,0,nan,0.00,0.000000,0.5196,0.0000,0.000000,0.1759,0.54,5.23,6.31,5.21,0.049832,0.1866,0.5978,0.008000,0.021283,0.2507,0.155924,0.019582,0.021422,-567.9810136087855,-425.75351938476274,-508.163919734053,2.5441783555175164,-0.061380,-0.003778,6320.9,6299.7,0.368015,0.635610,0.000000,1.2377,1.0000,,,,,
1.5240,1778843154.063631,127,2.166747,-0.027475,0.001589,1.2439,0.0574,0.027740,2.120203,0.050980,0.003570,1.3315,2.174587,-0.027047,0.001698,1.2441,0.0327,0.012635,0.816606,0.0000,2.174587,0.000000,-0.000000,0.7181,0.000000,-2.000000,232.0310,0,1,clay,1.0000,0.500000,0,0,0.000000,0.000000,0.000000,0,nan,0.00,0.000000,0.5100,0.0000,0.000000,0.1519,0.54,5.24,6.33,5.30,0.050980,0.2046,0.6134,0.008000,0.155360,0.0741,0.134097,0.012911,0.017088,-611.1443712135077,-39.52488795516024,-547.1068426190507,-5.257393259815203,-0.065298,-0.004612,6322.0,6298.6,0.366139,0.673305,0.000000,1.2389,1.0000,,,,,
1.5360,1778843154.075652,128,2.067303,0.029392,0.004604,1.3466,0.0877,0.026444,2.136345,0.052087,0.003876,1.3541,2.075277,0.029897,0.004716,1.2649,0.0390,0.013206,0.818130,0.0000,2.075277,0.000000,0.000000,0.7017,0.000000,-2.000000,231.5223,0,1,clay,1.0000,0.500000,0,0,0.000000,0.000000,0.000000,0,nan,0.00,0.000000,0.5002,0.0000,0.000000,0.1279,0.54,5.23,6.31,5.19,0.052087,0.2221,0.6524,0.008000,0.130956,0.2270,0.124069,0.014492,0.021519,-812.4989017908829,-156.31067728598435,-600.8612960937513,-45.53803961806364,-0.071688,-0.010191,6321.6,6299.0,0.366815,0.647903,0.000000,1.2597,1.0000,,,,,
1.5480,1778843154.087729,129,2.213706,0.076048,-0.004579,1.3414,0.0688,0.021070,2.152740,0.053057,0.004145,1.3730,2.221798,0.076495,-0.004468,1.2807,0.0414,0.013054,0.805457,0.0000,2.221798,0.000000,-0.000000,0.7364,0.000000,-2.000000,258.4532,0,1,clay,1.0000,0.500000,0,0,0.000000,0.000000,0.000000,0,nan,0.00,0.000000,0.4902,0.0000,0.000000,0.1039,0.55,5.24,6.34,5.29,0.053057,0.2375,0.6366,0.008000,0.085153,-0.1013,0.109445,0.002484,0.017784,-791.4163760291045,-764.0782084318039,-626.574355085927,-71.6609244748583,-0.072598,-0.013091,6324.8,6295.8,0.361229,0.654183,0.000000,1.2755,1.0000,,,,,
1.5600,1778843154.099684,130,2.204919,0.026403,0.011644,1.3924,0.0782,0.023865,2.169355,0.053982,0.004423,1.3922,2.213183,0.027010,0.011757,1.3033,0.0447,0.013274,0.802119,0.0000,2.213183,0.000000,-0.000000,0.7331,0.000000,-2.000000,265.4567,0,1,clay,1.0000,0.500000,0,0,0.000000,0.000000,0.000000,0,nan,0.00,0.000000,0.4780,0.0000,0.000000,0.0799,0.56,5.24,6.36,5.25,0.053982,0.2534,0.6591,0.008000,0.118003,0.6111,0.103690,0.010295,0.021708,-667.650818578548,-777.7270842094845,-651.7250613566941,-93.5425484820181,-0.074820,-0.015955,6325.6,6295.0,0.359780,0.645999,0.000000,1.2982,1.0000,,,,,
1.5720,1778843154.111667,131,2.179953,0.098135,0.000863,1.3879,0.0305,0.027555,2.186212,0.054974,0.004748,1.4129,2.188331,0.098630,0.000980,1.3207,0.0406,0.013792,0.800790,0.0000,2.188331,0.000000,-0.000000,0.7234,0.000000,-2.000000,274.4002,0,1,clay,1.0000,0.500000,0,0,0.000000,0.000000,0.000000,0,nan,0.00,0.000000,0.4664,0.0000,0.000000,0.0559,0.56,5.24,6.36,5.25,0.054974,0.2720,0.6895,0.008000,0.126433,-0.2785,0.101169,0.002751,0.015333,-646.584985725501,-96.5776555122751,-620.4921026780473,-44.01701265823564,-0.070483,-0.010258,6325.9,6294.6,0.359191,0.649100,0.000000,1.3155,1.0000,,,,,
1.5840,1778843154.131493,132,2.189119,0.026985,0.017958,1.5434,0.0874,0.027046,2.203320,0.055989,0.005084,1.4338,2.197769,0.027670,0.018079,1.3647,0.0457,0.014418,0.795709,0.0000,2.197769,0.000000,-0.000000,0.7271,0.000000,-2.000000,293.0121,0,1,clay,1.0000,0.500000,0,0,0.000000,0.000000,0.000000,0,nan,0.00,0.000000,0.4552,0.0000,0.000000,0.0319,0.56,5.25,6.37,5.30,0.055989,0.2913,0.7067,0.008000,0.062421,0.4807,0.129775,0.018125,0.020403,-686.9893436354652,63.19104149254909,-657.826386147279,-69.84946356766233,-0.073527,-0.013862,6327.2,6293.3,0.356949,0.611941,0.000000,1.3596,1.0000,,,,,
1.5960,1778843154.137320,133,2.276400,-0.003120,0.005914,1.4320,0.0165,0.030029,2.220685,0.056982,0.005424,1.4560,2.285897,-0.002539,0.006048,1.3792,0.0385,0.014357,0.791704,0.0000,2.285897,-0.000000,-0.000000,0.7538,0.000000,-2.000000,311.8673,0,1,clay,1.0000,0.500000,0,0,0.000000,0.000000,0.000000,0,nan,0.00,0.000000,0.4445,0.0000,0.000000,0.0079,0.82,5.30,6.95,5.59,0.056982,0.3108,0.7022,0.008000,0.148555,0.1114,0.113145,0.017272,0.021178,-742.4925814576472,-87.40170365752465,-615.141551535342,-3.1118813303627064,-0.067758,-0.006159,6328.0,6292.6,0.355662,0.640588,0.000000,1.3736,1.0000,,,,,
1.6080,1778843154.147513,134,2.178293,0.116186,0.016301,1.4479,0.0290,0.029087,2.238309,0.057908,0.005744,1.4762,2.187754,0.116840,0.016437,1.3934,0.0354,0.014878,0.783052,0.0000,2.187754,0.000000,-0.000000,0.7232,0.000000,-2.000000,308.5654,0,1,clay,1.0000,0.500000,0,0,0.000000,0.000000,0.000000,0,nan,0.00,0.000000,0.4343,0.0000,0.000000,-0.0161,0.75,5.29,6.80,5.24,0.057908,0.3291,0.7530,0.008000,0.075515,0.4648,0.095005,0.026957,0.028051,-650.8647418026309,69.29685908998283,-600.7138100063196,31.715708417460263,-0.064571,-0.002022,6330.2,6290.4,0.351760,0.638574,0.000000,1.3880,1.0000,,,,,
1.6200,1778843154.159623,135,2.238908,0.072655,0.007560,1.4667,0.0529,0.027122,2.256156,0.058772,0.006060,1.4946,2.248374,0.073230,0.007696,1.4085,0.0364,0.015153,0.774379,0.0000,2.248374,0.000000,-0.000000,0.7454,0.000000,-2.000000,321.3052,0,1,clay,1.0000,0.500000,0,0,0.000000,0.000000,0.000000,0,nan,0.00,0.000000,0.4245,0.0000,0.000000,-0.0401,0.72,5.32,6.76,5.45,0.058772,0.3472,0.7493,0.008000,0.075178,-0.1875,0.078256,0.044531,0.026116,-515.3375491987899,-888.5074792454287,-615.2288592521479,27.884254195477013,-0.064745,-0.002517,6332.4,6288.1,0.347865,0.636784,0.000000,1.4032,1.0000,,,,,
1.6320,1778843154.171599,136,2.218393,0.036906,0.001989,1.4918,-0.0125,0.030634,2.274243,0.059748,0.006425,1.5161,2.227909,0.037363,0.002128,1.4256,0.0277,0.015668,0.776549,0.0000,2.227909,0.000000,-0.000000,0.7386,0.000000,-2.000000,325.2245,0,1,clay,1.0000,0.500000,0,0,0.000000,0.000000,0.000000,0,nan,0.00,0.000000,0.4151,0.0000,0.000000,-0.0641,0.69,5.34,6.71,5.45,0.059748,0.3681,0.7775,0.008000,0.099573,-0.0557,0.094649,0.025292,0.019761,-548.0861798701644,95.02944063362776,-541.0666641289037,111.42671078671283,-0.056543,0.006831,6331.9,6288.6,0.348781,0.629465,0.000000,1.4204,1.0000,,,,,
1.6440,1778843154.183711,137,2.293602,0.006702,0.010042,1.5974,0.0306,0.028004,2.292587,0.060720,0.006783,1.5368,2.303285,0.007232,0.010183,1.4598,0.0270,0.015992,0.774649,0.0000,2.303285,-0.000000,-0.000000,0.7560,0.000000,-2.000000,348.6532,0,1,clay,1.0000,0.500000,0,0,0.000000,0.000000,0.000000,0,nan,0.00,0.000000,0.4060,0.0000,0.000000,-0.0881,0.66,5.34,6.66,5.39,0.060720,0.3886,0.7808,0.008000,0.096569,0.2295,0.107905,0.024743,0.024699,-646.4596527498989,156.6715790514732,-527.8010320912659,125.6391994243435,-0.054523,0.007678,6332.4,6288.1,0.347907,0.603991,0.000000,1.4547,1.0000,,,,,
1.6560,1778843154.195596,138,2.344079,0.094816,0.005318,1.5358,0.0422,0.029977,2.311189,0.061633,0.007127,1.5580,2.353823,0.095310,0.005461,1.4756,0.0281,0.016419,0.777338,0.0000,2.353823,-0.000000,-0.000000,0.7580,0.000000,-2.000000,366.2126,0,1,clay,1.0000,0.500000,0,0,0.000000,0.000000,0.000000,0,nan,0.00,0.000000,0.3974,0.0012,0.000000,-0.1121,0.64,5.34,6.61,5.29,0.061633,0.4084,0.8000,0.008000,0.013993,0.4859,0.109145,0.019446,0.020129,-743.4138829736187,223.03202511252806,-532.9850004120474,126.53913288761797,-0.055323,0.007319,6331.8,6288.8,0.349067,0.618851,0.000000,1.4704,1.0000,,,,,
1.6680,1778843154.207654,139,2.395578,0.076654,0.010003,1.4531,0.0452,0.022676,2.330023,0.062442,0.007428,1.5774,2.405245,0.077193,0.010141,1.4722,0.0293,0.015871,0.773048,0.0000,2.405245,-0.000000,0.000000,0.7551,0.000000,-2.000000,369.8031,0,1,clay,1.0000,0.500000,0,0,0.000000,0.000000,0.000000,0,nan,0.00,0.000000,0.3891,0.0027,0.000000,-0.1361,0.62,5.32,6.56,5.21,0.062442,0.4256,0.8223,0.008000,0.066559,-0.1765,0.083522,0.019342,0.019120,-766.65571937003,333.2359355182723,-539.9765924241772,104.9182496635122,-0.055436,0.005064,6332.9,6287.7,0.347141,0.641618,0.000000,1.4670,1.0000,,,,,
1.6800,1778843154.219638,140,2.258114,0.045735,0.001443,1.6861,0.0806,0.025370,2.349086,0.063215,0.007723,1.5959,2.267976,0.046234,0.001579,1.5144,0.0358,0.016064,0.760512,0.0000,2.267976,-0.000000,-0.000000,0.7504,0.000000,-2.000000,364.8269,0,1,clay,1.0000,0.500000,0,0,0.000000,0.000000,0.000000,0,nan,0.00,0.000000,0.3811,0.0043,0.000000,-0.1601,0.60,5.37,6.57,5.66,0.063215,0.4425,0.8455,0.008000,0.085908,-0.0525,0.108692,0.033243,0.021660,-701.1828425837143,-200.4977421236653,-592.053615522188,59.8976972396906,-0.058942,-0.000804,6336.1,6284.5,0.341555,0.582531,0.000000,1.5094,1.0000,,,,,
1.6920,1778843154.232638,141,2.370748,0.049119,0.010732,1.6267,0.0137,0.026172,2.368381,0.064074,0.008041,1.6161,2.380792,0.049677,0.010868,1.5371,0.0310,0.016054,0.749891,0.0000,2.380792,-0.000000,-0.000000,0.7569,0.000000,-2.000000,384.0313,0,1,clay,1.0000,0.500000,0,0,0.000000,0.000000,0.000000,0,nan,0.00,0.000000,0.3735,0.0062,0.000000,-0.1841,0.59,5.34,6.52,5.18,0.064074,0.4607,0.8592,0.008000,0.038497,-0.5035,0.087823,0.023398,0.020641,-680.2714229873507,470.24017762040864,-559.1735439565379,98.97235528151619,-0.053826,0.003283,6338.7,6281.8,0.336887,0.596923,0.000000,1.5321,1.0000,,,,,
1.7040,1778843154.243601,142,2.464282,0.101197,0.007768,1.6923,0.1049,0.026680,2.387918,0.064902,0.008357,1.6366,2.474493,0.101799,0.007905,1.5681,0.0408,0.016354,0.751151,0.0000,2.474493,-0.000000,0.000000,0.7481,0.000000,-2.000000,407.1578,0,1,clay,1.0000,0.500000,0,0,0.000000,0.000000,0.000000,0,nan,0.00,0.000000,0.3661,0.0082,0.000000,-0.2081,0.59,5.32,6.50,5.19,0.064902,0.4788,0.8885,0.008000,0.104999,0.0163,0.104805,0.040411,0.019982,-811.1880844645477,210.41768770178103,-625.5085602164264,32.376503960021765,-0.060761,-0.004743,6338.4,6282.1,0.337423,0.580239,0.000000,1.5631,1.0000,,,,,
1.7160,1778843154.255643,143,2.401062,-0.007106,0.001297,1.6365,0.0667,0.022887,2.407670,0.065648,0.008636,1.6527,2.411297,-0.006562,0.001430,1.5822,0.0431,0.016070,0.739195,0.0000,2.411297,-0.000000,0.000000,0.7545,0.000000,-2.000000,397.0353,0,1,clay,1.0000,0.500000,0,0,0.000000,0.000000,0.000000,0,nan,0.00,0.000000,0.3590,0.0104,0.000000,-0.2321,0.58,5.30,6.46,5.18,0.065648,0.4948,0.8982,0.008000,0.151529,-0.9527,0.105630,0.047763,0.021784,-703.0573029902079,160.5045662832547,-645.9447784265644,8.570636731988046,-0.061196,-0.007171,6341.5,6279.1,0.332104,0.595300,0.000000,1.5773,1.0000,,,,,
1.7280,1778843154.267647,144,2.321929,0.116317,0.012482,1.5816,0.0331,0.025496,2.427637,0.066433,0.008942,1.6713,2.332114,0.116947,0.012614,1.5829,0.0398,0.016036,0.735329,0.0000,2.332114,-0.000000,-0.000000,0.7579,0.000000,-2.000000,393.7407,0,1,clay,1.0000,0.500000,0,0,0.000000,0.000000,0.000000,0,nan,0.00,0.000000,0.3523,0.0127,0.000000,-0.2561,0.58,5.29,6.45,5.28,0.066433,0.5123,0.9134,0.008000,0.076250,0.1874,0.092198,0.043260,0.022023,-684.9957891012866,-29.997133650698416,-624.4272351370074,33.23555352282321,-0.058368,-0.004501,6342.5,6278.1,0.330370,0.606212,0.000000,1.5781,1.0000,,,,,
1.7400,1778843154.279808,145,2.384494,0.050541,0.009504,1.7013,0.1171,0.025376,2.447807,0.067224,0.009244,1.6876,2.394851,0.051217,0.009636,1.6067,0.0498,0.016183,0.727049,0.0000,2.394851,-0.000000,-0.000000,0.7560,0.000000,-2.000000,401.9840,0,1,clay,1.0000,0.500000,0,0,0.000000,0.000000,0.000000,0,nan,0.00,0.000000,0.3457,0.0152,0.000000,-0.2801,0.58,5.30,6.46,5.32,0.067224,0.5296,0.9316,0.008000,0.016005,0.3328,0.098695,0.060165,0.019883,-740.0921520640737,314.6490714138544,-700.4792432073592,-41.94434104373672,-0.065358,-0.012479,6344.6,6276.0,0.326723,0.577544,0.000000,1.6020,1.0000,,,,,
1.7520,1778843154.291605,146,2.531992,0.006298,-0.003158,1.6373,-0.0632,0.022616,2.468190,0.067932,0.009503,1.7046,2.542384,0.006696,-0.003029,1.6135,0.0307,0.015678,0.716926,0.0000,2.542384,0.000000,0.000001,0.7435,0.000000,-2.000000,414.7866,0,1,clay,1.0000,0.500000,0,0,0.000000,0.000000,0.000000,0,nan,0.00,0.000000,0.3395,0.0178,0.000000,-0.3041,0.58,5.32,6.47,5.46,0.067932,0.5445,0.9611,0.008000,0.083111,-0.8560,0.071490,0.037462,0.020451,-853.438974151098,385.67925941616556,-560.6298374556792,98.85930394355728,-0.049249,0.002232,6347.1,6273.4,0.322244,0.594196,0.000000,1.6088,1.0000,,,,,
1.7640,1778843154.303679,147,2.491360,0.089827,0.015239,1.7769,0.0647,0.018502,2.488743,0.068572,0.009742,1.7195,2.501978,0.090440,0.015363,1.6459,0.0347,0.015051,0.701140,0.0000,2.501978,0.000000,0.000000,0.7457,0.000000,-2.000000,418.8797,0,1,clay,1.0000,0.500000,0,0,0.000000,0.000000,0.000000,0,nan,0.00,0.000000,0.3334,0.0206,0.000000,-0.3281,0.57,5.32,6.46,5.28,0.068572,0.5582,0.9738,0.008000,0.015345,0.4662,0.088054,0.040651,0.017399,-528.6124489880236,207.24552741603162,-589.1309567541001,60.033063571519634,-0.050020,-0.002132,6351.1,6269.4,0.315288,0.560742,0.000000,1.6413,1.0000,,,,,
1.7760,1778843154.315645,148,2.486731,-0.009996,0.011479,1.7615,-0.0747,0.019921,2.509482,0.069245,0.010000,1.7349,2.497469,-0.009561,0.011598,1.6691,0.0167,0.014531,0.689287,0.0000,2.497469,-0.000000,0.000000,0.7460,0.000000,-2.000000,417.1514,0,1,clay,1.0000,0.500000,0,0,0.000000,0.000000,0.000000,0,nan,0.00,0.000000,0.3276,0.0235,0.000000,-0.3521,0.56,5.31,6.43,5.25,0.069245,0.5729,0.9888,0.008000,0.114808,-0.0143,0.115130,0.020119,0.020457,-473.0959129708942,252.14942317220527,-444.6621451792391,191.5107107597043,-0.034803,0.010944,6354.1,6266.4,0.310037,0.561132,0.000000,1.6646,1.0000,,,,,
1.7880,1778843154.330339,149,2.491181,0.155795,0.012842,1.7630,-0.0245,0.021821,2.530413,0.069956,0.010267,1.7503,2.501990,0.156192,0.012959,1.6880,0.0098,0.014425,0.677741,0.0000,2.501990,0.000000,0.000000,0.7457,0.000000,-2.000000,428.1182,0,1,clay,1.0000,0.500000,0,0,0.000000,0.000000,0.000000,0,nan,0.00,0.000000,0.3220,0.0266,0.000000,-0.3761,0.55,5.30,6.41,5.30,0.069956,0.5882,1.0046,0.008000,0.125745,0.5533,0.093149,0.006103,0.018907,-473.93130892109883,255.35137266677026,-394.0130894102219,244.54617735926377,-0.028931,0.015829,6357.1,6263.5,0.304912,0.561036,0.000000,1.6836,1.0000,,,,,
1.8000,1778843154.339633,150,2.553324,0.085731,0.016578,1.7713,0.1084,0.019000,2.551525,0.070608,0.010501,1.7654,2.564233,0.086271,0.016692,1.7049,0.0245,0.014156,0.662663,0.0000,2.564233,0.000000,0.000001,0.7428,0.000000,-2.000000,429.1265,0,1,clay,1.0000,0.500000,0,0,0.000000,0.000000,0.000000,0,nan,0.00,0.000000,0.3167,0.0297,0.000000,-0.4001,0.55,5.30,6.40,5.26,0.070608,0.6017,1.0226,0.008000,0.034327,0.2352,0.088534,0.028004,0.018722,-657.0146992383299,448.83225357933935,-518.2406224300755,125.74311380606673,-0.038871,0.003994,6360.9,6259.7,0.298252,0.559517,0.000000,1.7006,1.0000,,,,,
1.8120,1778843154.351730,151,2.594143,0.122041,0.007127,1.8112,0.0417,0.019567,2.572823,0.071244,0.010733,1.7807,2.605230,0.122489,0.007239,1.7262,0.0262,0.013918,0.647688,0.0000,2.605230,0.000000,0.000000,0.7426,0.000000,-2.000000,436.0106,0,1,clay,1.0000,0.500000,0,0,0.000000,0.000000,0.000000,0,nan,0.00,0.000000,0.3115,0.0330,0.000000,-0.4241,0.57,5.31,6.44,5.38,0.071244,0.6149,1.0381,0.008000,0.039072,-0.1383,0.078830,0.024545,0.017781,-484.3373063727467,278.3654653386361,-536.9632374008966,109.71771677642198,-0.039145,0.002252,6364.7,6255.9,0.291658,0.547186,0.000000,1.7220,1.0000,,,,,
1.8240,1778843154.363632,152,2.555883,0.013803,0.006317,1.7697,-0.0180,0.022697,2.594302,0.071963,0.011000,1.7961,2.567022,0.014188,0.006430,1.7354,0.0184,0.014021,0.637661,0.0000,2.567022,0.000000,0.000001,0.7428,0.000000,-2.000000,427.1238,0,1,clay,1.0000,0.500000,0,0,0.000000,0.000000,0.000000,0,nan,0.00,0.000000,0.3065,0.0364,0.000000,-0.4481,0.56,5.30,6.41,5.22,0.071963,0.6302,1.0533,0.008000,0.019024,0.1879,0.075167,0.010807,0.015416,-408.7640564440676,-424.0920609359431,-484.3463131176361,172.0832582280925,-0.033433,0.008155,6367.2,6253.3,0.287227,0.554494,0.000000,1.7312,1.0000,,,,,
1.8360,1778843154.375641,153,2.668623,0.142104,0.012972,1.8048,0.0631,0.020884,2.615968,0.072697,0.011262,1.8118,2.679808,0.142605,0.013084,1.7495,0.0246,0.014033,0.628076,0.0000,2.679808,0.000000,-0.000000,0.7440,0.000000,-2.000000,442.4846,0,1,clay,1.0000,0.500000,0,0,0.000000,0.000000,0.000000,0,nan,0.00,0.000000,0.3017,0.0398,0.000000,-0.4721,0.55,5.30,6.41,5.31,0.072697,0.6452,1.0678,0.008000,0.179031,-0.0714,0.089017,0.026892,0.022671,-416.53124550312515,315.9363327224934,-537.67464279784,124.03762960923177,-0.037422,0.003483,6369.7,6250.9,0.282974,0.545087,0.000000,1.7455,1.0000,,,,,
1.8480,1778843154.387601,154,2.681651,-0.006653,0.010973,1.9127,0.0629,0.021799,2.637817,0.073391,0.011499,1.8270,2.693035,-0.006135,0.011086,1.7818,0.0297,0.014210,0.618751,0.0000,2.693035,0.000000,-0.000000,0.7444,0.000000,-2.000000,438.0225,0,1,clay,1.0000,0.500000,0,0,0.000000,0.000000,0.000000,0,nan,0.00,0.000000,0.2970,0.0434,0.000000,-0.4961,0.55,5.30,6.40,5.30,0.073391,0.6589,1.0826,0.008000,0.142898,-0.0161,0.098416,0.024910,0.020207,-395.52754478959304,444.56826920659495,-577.6065132190103,91.7961037633357,-0.040249,-0.000033,6372.0,6248.5,0.278852,0.516615,0.000000,1.7778,1.0000,,,,,
1.8600,1778843154.399662,155,2.725037,0.085233,0.013205,1.8537,-0.0202,0.021316,2.659852,0.074137,0.011756,1.8433,2.736500,0.085714,0.013318,1.7964,0.0209,0.014148,0.605483,0.0000,2.736500,0.000000,-0.000001,0.7455,0.000000,-2.000000,443.9569,0,1,clay,1.0000,0.500000,0,0,0.000000,0.000000,0.000000,0,nan,0.00,0.000000,0.2926,0.0471,0.000000,-0.5201,0.55,5.30,6.39,5.30,0.074137,0.6737,1.0978,0.008000,0.076582,0.8403,0.107361,0.022478,0.017759,-437.87118805332983,-746.0429235011524,-516.6079438577977,159.56066990837192,-0.033686,0.006084,6375.4,6245.2,0.272986,0.527365,0.000000,1.7925,1.0000,,,,,
1.8720,1778843154.411618,156,2.667578,0.056107,0.003405,1.8192,0.0452,0.023284,2.682079,0.074945,0.012037,1.8589,2.679066,0.056499,0.003519,1.8015,0.0239,0.014408,0.592985,0.0000,2.679066,0.000000,-0.000000,0.7440,0.000000,-2.000000,437.9094,0,1,clay,1.0000,0.500000,0,0,0.000000,0.000000,0.000000,0,nan,0.00,0.000000,0.2882,0.0509,0.000000,-0.5441,0.54,5.30,6.38,5.28,0.074945,0.6897,1.1149,0.008000,0.042805,-0.7714,0.081651,0.030898,0.026143,-232.55288687727835,362.07725494473993,-552.4109785776901,138.6331808312115,-0.035947,0.004306,6378.6,6242.0,0.267463,0.535240,0.000000,1.7977,1.0000,,,,,
1.8840,1778843154.428824,157,2.660157,0.104576,0.019017,1.9837,-0.0058,0.020833,2.704467,0.075760,0.012303,1.8733,2.671826,0.105109,0.019130,1.8375,0.0184,0.014364,0.584975,0.0000,2.671826,0.000000,-0.000000,0.7438,0.000000,-2.000000,442.3153,0,1,clay,1.0000,0.500000,0,0,0.000000,0.000000,0.000000,0,nan,0.00,0.000000,0.2841,0.0547,0.000000,-0.5681,0.53,5.29,6.35,5.23,0.075760,0.7050,1.1295,0.008000,0.108318,0.3418,0.095680,0.026704,0.017930,-497.9184966945178,185.29111453749738,-506.25631938162667,185.89936914192364,-0.031311,0.007777,6380.6,6240.0,0.263906,0.493448,0.000000,1.8337,1.0000,,,,,
1.8960,1778843154.435405,158,2.783081,0.059514,0.011283,1.8635,0.0279,0.022684,2.727052,0.076562,0.012554,1.8880,2.794689,0.059962,0.011396,1.8432,0.0193,0.014563,0.586209,0.0000,2.794689,-0.000000,-0.000002,0.7465,0.000000,-2.000000,446.7678,0,1,clay,1.0000,0.500000,0,0,0.000000,0.000000,0.000000,0,nan,0.00,0.000000,0.2800,0.0587,0.000000,-0.5921,0.51,5.25,6.27,5.07,0.076562,0.7194,1.1415,0.008000,0.151838,-0.1787,0.083663,0.040351,0.029570,-342.5775590643079,563.4924653166634,-512.0058490718715,183.24332489817212,-0.031907,0.007395,6380.3,6240.3,0.264402,0.519301,0.000000,1.8395,1.0000,,,,,
1.9080,1778843154.447657,159,2.797152,0.043053,0.016333,1.8622,-0.0061,0.019895,2.749828,0.077387,0.012810,1.9050,2.808769,0.043523,0.016444,1.8476,0.0146,0.014293,0.580814,0.0000,2.808769,-0.000000,-0.000002,0.7466,0.000000,-2.000000,445.9983,0,1,clay,1.0000,0.500000,0,0,0.000000,0.000000,0.000000,0,nan,0.00,0.000000,0.2761,0.0627,0.000000,-0.6161,0.52,5.25,6.29,5.22,0.077387,0.7340,1.1584,0.008000,0.080542,-0.1017,0.072698,0.026253,0.028363,-374.6697388915906,233.1691571877811,-475.6208262615339,215.54947986729056,-0.028361,0.010155,6381.7,6238.9,0.262011,0.514326,0.000000,1.8439,1.0000,,,,,
1.9200,1778843154.459713,160,2.796805,0.107478,0.015151,2.0219,0.0023,0.021736,2.772773,0.078226,0.013057,1.9180,2.808668,0.107922,0.015262,1.8820,0.0122,0.014395,0.572977,0.0000,2.808668,-0.000000,-0.000002,0.7466,0.000000,-2.000000,450.5525,0,1,clay,1.0000,0.500000,0,0,0.000000,0.000000,0.000000,0,nan,0.00,0.000000,0.2724,0.0667,0.000000,-0.6401,0.53,5.24,6.30,5.19,0.078226,0.7482,1.1714,0.008000,0.028394,0.3736,0.087325,0.026610,0.033841,-296.00894389748873,420.73707474855837,-455.11518398747194,242.02292569783344,-0.026262,0.011625,6383.7,6236.9,0.258565,0.471614,0.000000,1.8783,1.0000,,,,,
1.9320,1778843154.471814,161,2.791576,0.170415,0.017588,1.9539,0.1630,0.017868,2.795912,0.079053,0.013289,1.9343,2.803535,0.171049,0.017698,1.8965,0.0355,0.014145,0.560860,0.0000,2.803535,-0.000000,-0.000002,0.7466,0.000000,-2.000000,454.3648,0,1,clay,1.0000,0.500000,0,0,0.000000,0.000000,0.000000,0,nan,0.00,0.000000,0.2687,0.0709,0.000000,-0.6641,0.54,5.24,6.31,5.22,0.079053,0.7615,1.1877,0.008000,0.159445,0.5590,0.093801,0.051092,0.023500,-495.4096269635212,298.59794133391165,-631.9505808704321,52.83804218865596,-0.040572,-0.004238,6386.7,6233.8,0.253218,0.486820,0.000000,1.8929,1.0000,,,,,
1.9440,1778843154.483700,162,2.813685,0.041746,0.010205,1.9879,-0.0006,0.019938,2.819246,0.079888,0.013514,1.9515,2.825770,0.042243,0.010313,1.9149,0.0286,0.014023,0.552586,0.0000,2.825770,-0.000000,-0.000002,0.7467,0.000000,-1.988868,446.4406,0,1,clay,1.0000,0.500000,0,0,0.000000,0.000000,0.000000,0,nan,0.00,0.000000,0.2652,0.0751,0.000000,-0.6880,0.54,5.25,6.33,5.32,0.079888,0.7744,1.2048,0.008000,0.115413,-0.2454,0.098981,0.041972,0.027166,-557.8563844540314,520.526983080792,-580.0548308347288,107.5692132502207,-0.035558,0.000131,6388.8,6231.7,0.249568,0.469469,0.000000,1.9113,1.0000,,,,,
1.9560,1778843154.495703,163,2.869062,0.150705,0.017549,2.0077,-0.0159,0.019756,2.842762,0.080717,0.013741,1.9660,2.881344,0.151239,0.017657,1.9335,0.0205,0.013859,0.546935,0.0000,2.881344,-0.000000,-0.000001,0.7466,0.000000,-1.960541,455.1481,0,1,clay,1.0000,0.500000,0,0,0.000000,0.000000,0.000000,0,nan,0.00,0.000000,0.2618,0.0794,0.000000,-0.7115,0.56,5.25,6.36,5.23,0.080717,0.7874,1.2194,0.008000,0.149659,0.2889,0.086267,0.023138,0.019742,-417.9599036355897,338.6397228542479,-517.5267827584158,171.87075416082143,-0.029965,0.005084,6390.2,6230.3,0.247078,0.461240,0.000000,1.9300,1.0000,,,,,
1.9680,1778843154.507633,164,2.838299,0.095314,0.020999,1.9369,0.0099,0.021579,2.866446,0.081567,0.013971,1.9808,2.850577,0.095874,0.021108,1.9349,0.0181,0.013989,0.554002,0.0000,2.850577,-0.000000,-0.000002,0.7467,0.000000,-1.958683,450.9074,0,1,clay,1.0000,0.500000,0,0,0.000000,0.000000,0.000000,0,nan,0.00,0.000000,0.2585,0.0837,0.000000,-0.7350,0.56,5.24,6.35,5.19,0.081567,0.8006,1.2341,0.008000,0.077827,0.3590,0.074334,0.030473,0.027248,-503.5357123713623,-61.6261023712902,-495.6486473940417,194.87099316096487,-0.028584,0.006801,6388.5,6232.1,0.250114,0.478830,0.000000,1.9313,1.0000,,,,,
1.9800,1778843154.527377,165,2.932658,0.004819,0.005328,1.9493,-0.0271,0.018524,2.890315,0.082409,0.014191,1.9954,2.944934,0.005127,0.005434,1.9383,0.0103,0.013670,0.548354,0.0000,2.944934,-0.000000,0.000002,0.7462,0.000000,-1.918197,448.8530,0,1,clay,1.0000,0.500000,0,0,0.000000,0.000000,0.000000,0,nan,0.00,0.000000,0.2553,0.0881,0.000000,-0.7580,0.55,5.27,6.37,5.43,0.082409,0.8128,1.2492,0.008000,0.092987,0.0211,0.073997,0.017895,0.025146,-462.9529359119629,433.3472203644696,-434.8851943019366,251.89406329034634,-0.023249,0.011357,6389.9,6230.6,0.247601,0.469633,0.000000,1.9348,1.0000,,,,,
1.9920,1778843154.533250,166,2.972408,0.066368,0.017849,2.0480,-0.0316,0.018159,2.914362,0.083266,0.014416,2.0090,2.985845,0.066811,0.017960,1.9604,0.0033,0.012973,0.534150,0.0000,2.985845,-0.000000,0.000005,0.7459,0.000000,-1.866535,450.4882,0,1,clay,1.0000,0.500000,0,0,0.000000,0.000000,0.000000,0,nan,0.00,0.000000,0.2522,0.0925,0.000000,-0.7804,0.80,5.28,6.87,5.34,0.083266,0.8257,1.2631,0.008000,0.125737,-0.1557,0.060775,0.016037,0.029647,-457.1038143466001,200.9837256099222,-380.84024842686824,307.3819405409182,-0.018274,0.015253,6393.4,6227.2,0.241660,0.436998,0.000000,1.9567,1.0000,,,,,
2.0040,1778843154.543626,167,2.973674,-0.000901,0.015044,2.0311,0.0057,0.021109,2.938575,0.084163,0.014663,2.0233,2.987064,-0.000495,0.015155,1.9747,0.0035,0.013232,0.520520,0.0000,2.987064,-0.000000,0.000005,0.7459,0.000000,-1.819727,445.9765,0,1,clay,1.0000,0.500000,0,0,0.000000,0.000000,0.000000,0,nan,0.00,0.000000,0.2492,0.0970,0.000000,-0.8023,0.76,5.27,6.78,5.21,0.084163,0.8399,1.2774,0.008000,0.067363,0.1256,0.069305,0.015018,0.028730,-330.2526801859483,323.14494466524644,-391.5561462556158,310.6423315854268,-0.018487,0.015196,6396.9,6223.6,0.235424,0.440191,0.000000,1.9711,1.0000,,,,,
2.0160,1778843154.555638,168,2.953056,0.158389,0.024898,2.0077,-0.0292,0.020955,2.962951,0.085052,0.014891,2.0379,2.966344,0.158885,0.025010,1.9817,-0.0017,0.013378,0.509437,0.0000,2.966344,-0.000000,0.000003,0.7461,0.000000,-1.795781,452.9967,0,1,clay,1.0000,0.500000,0,0,0.000000,0.000000,0.000000,0,nan,0.00,0.000000,0.2463,0.1014,0.000000,-0.8238,0.72,5.28,6.73,5.34,0.085052,0.8529,1.2919,0.008000,0.115378,0.4025,0.072562,0.010228,0.028563,-432.18095341498065,380.337672301435,-357.3158762329783,357.98514664724917,-0.015261,0.018575,6399.9,6220.7,0.230331,0.441778,0.000000,1.9782,1.0000,,,,,
2.0280,1778843154.567603,169,3.010851,0.110377,0.010265,2.1092,-0.0022,0.018850,2.987510,0.085963,0.015117,2.0525,3.024195,0.110676,0.010375,2.0069,-0.0017,0.013313,0.491897,0.0000,3.024195,0.000000,0.000007,0.7457,0.000000,-1.734230,448.6509,0,1,clay,1.0000,0.500000,0,0,0.000000,0.000000,0.000000,0,nan,0.00,0.000000,0.2434,0.1059,0.000000,-0.8446,0.69,5.28,6.66,5.31,0.085963,0.8659,1.3068,0.008000,0.014612,-0.3688,0.064284,0.013055,0.030629,-428.2946792659191,489.27967590197443,-359.79341775900093,359.9390191274346,-0.014842,0.018112,6404.4,6216.2,0.222468,0.404421,0.000000,2.0036,1.0000,,,,,
2.0400,1778843154.579629,170,2.941885,0.039759,0.011630,2.0674,-0.0678,0.022476,3.012214,0.086900,0.015374,2.0638,2.955214,0.040003,0.011742,2.0192,-0.0121,0.013627,0.485673,0.0000,2.955214,-0.000000,0.000003,0.7461,0.000000,-1.717913,442.5078,0,1,clay,1.0000,0.500000,0,0,0.000000,0.000000,0.000000,0,nan,0.00,0.000000,0.2407,0.1104,0.000000,-0.8652,0.66,5.28,6.60,5.26,0.086900,0.8806,1.3177,0.008000,0.149485,-0.4287,0.063295,-0.003978,0.038937,-350.76613093954717,-274.7424148952607,-281.16104986640784,456.9903027110192,-0.008830,0.024706,6406.1,6214.5,0.219502,0.414083,0.000000,2.0159,1.0000,,,,,
2.0520,1778843154.591693,171,3.125074,0.114016,0.016218,2.1557,-0.0043,0.018945,3.037086,0.087849,0.015621,2.0784,3.138562,0.114334,0.016327,2.0462,-0.0105,0.013521,0.477716,0.0000,3.138562,0.000001,0.000002,0.7456,0.000000,-1.628528,447.2000,0,1,clay,1.0000,0.500000,0,0,0.000000,0.000000,0.000000,0,nan,0.00,0.000000,0.2380,0.1149,0.000000,-0.8848,0.66,5.28,6.60,5.29,0.087849,0.8948,1.3327,0.008000,0.125879,0.2580,0.072846,-0.005331,0.030559,-433.6867510000599,390.1455825621921,-290.0416731052002,444.8929566130005,-0.009481,0.023132,6408.1,6212.5,0.215934,0.384852,0.000000,2.0430,1.0000,,,,,
2.0640,1778843154.603648,172,3.048401,0.180740,0.026431,2.0353,-0.0175,0.018466,3.062128,0.088784,0.015847,2.0947,3.061804,0.181185,0.026539,2.0447,-0.0112,0.013316,0.482752,0.0000,3.061804,0.000000,0.000008,0.7456,0.000000,-1.617834,452.2047,0,1,clay,1.0000,0.500000,0,0,0.000000,0.000000,0.000000,0,nan,0.00,0.000000,0.2354,0.1194,0.000000,-0.9042,0.64,5.29,6.58,5.36,0.088784,0.9077,1.3490,0.008000,0.034110,0.4233,0.053294,0.005155,0.039960,-729.8514236846669,127.88983665052976,-278.1935751164234,446.56620264155885,-0.008780,0.023320,6407.0,6213.6,0.217872,0.408058,0.000000,2.0415,1.0000,,,,,
2.0760,1778843154.615700,173,3.170711,0.128801,0.010351,2.0813,-0.0491,0.016530,3.087325,0.089720,0.016083,2.1036,3.184178,0.128984,0.010454,2.0523,-0.0169,0.012856,0.470988,0.0000,3.184178,0.000001,-0.000005,0.7457,0.000000,-1.548450,447.4297,0,1,clay,1.0000,0.500000,0,0,0.000000,0.000000,0.000000,0,nan,0.00,0.000000,0.2329,0.1239,0.000000,-0.9228,0.64,5.34,6.62,5.61,0.089720,0.9212,1.3579,0.008000,0.129157,-0.6965,0.058903,-0.000246,0.038908,-388.55485086610923,-168.09556951464202,-228.46990345065774,488.99518896356216,-0.004903,0.026040,6410.0,6210.6,0.212650,0.393690,0.000000,2.0492,1.0000,,,,,
2.0880,1778843154.628592,174,3.073234,0.174351,0.015370,2.0213,0.0877,0.021518,3.112663,0.090698,0.016329,2.1188,3.086708,0.174732,0.015477,2.0469,0.0003,0.013257,0.475957,0.0000,3.086708,0.000001,0.000007,0.7456,0.000000,-1.558968,451.3413,0,1,clay,1.0000,0.500000,0,0,0.000000,0.000000,0.000000,0,nan,0.00,0.000000,0.2304,0.1284,0.000000,-0.9415,0.62,5.33,6.58,5.25,0.090698,0.9353,1.3732,0.008000,0.177535,0.4909,0.050619,0.012059,0.025585,-417.0806348800741,390.2425265278822,-373.6828388760425,346.5345353256546,-0.015519,0.016231,6408.8,6211.7,0.214658,0.406494,0.000000,2.0438,1.0000,,,,,
2.1000,1778843154.639679,175,3.251508,0.058015,0.014405,2.1631,0.0439,0.018844,3.138174,0.091687,0.016558,2.1330,3.265076,0.058433,0.014512,2.0700,0.0072,0.013283,0.478656,0.0000,3.265076,-0.000000,-0.000024,0.7459,0.000000,-1.486496,443.0940,0,1,clay,1.0000,0.500000,0,0,0.000000,0.000000,0.000000,0,nan,0.00,0.000000,0.2281,0.1329,0.000000,-0.9593,0.62,5.31,6.55,5.25,0.091687,0.9497,1.3872,0.008000,0.071177,-0.2780,0.053024,0.036492,0.042531,-516.0255880535175,596.294931111693,-420.23021101726886,290.8230737136274,-0.019295,0.011850,6408.2,6212.4,0.215861,0.351922,0.000000,2.0669,1.0000,,,,,
2.1120,1778843154.651699,176,3.164098,0.126483,0.009208,2.0956,0.0172,0.020077,3.163835,0.092669,0.016783,2.1436,3.177681,0.126840,0.009315,2.0756,0.0086,0.013391,0.479626,0.0000,3.177681,0.000001,-0.000004,0.7457,0.000000,-1.488533,447.5114,0,1,clay,1.0000,0.500000,0,0,0.000000,0.000000,0.000000,0,nan,0.00,0.000000,0.2257,0.1373,0.000000,-0.9772,0.62,5.32,6.56,5.37,0.092669,0.9627,1.3979,0.008000,0.123230,-0.4166,0.045676,0.027657,0.028964,-319.43032479217106,390.5175680940921,-430.33127531068624,282.11487970135977,-0.020113,0.011127,6408.0,6212.5,0.216072,0.367562,0.000000,2.0724,1.0000,,,,,
2.1240,1778843154.663612,177,3.092911,0.093312,0.030133,2.1339,-0.0172,0.022276,3.189638,0.093697,0.017036,2.1575,3.106489,0.093926,0.030242,2.0874,0.0042,0.013767,0.472335,0.0000,3.106489,0.000001,0.000006,0.7456,0.000000,-1.504214,443.3029,0,1,clay,1.0000,0.500000,0,0,0.000000,0.000000,0.000000,0,nan,0.00,0.000000,0.2235,0.1417,0.000000,-0.9952,0.60,5.31,6.50,5.23,0.093697,0.9771,1.4119,0.008000,0.101872,0.2169,0.051715,0.037866,0.047306,-380.06522747759357,352.47182121718316,-402.27897283572383,327.95921015986573,-0.017824,0.014056,6409.9,6210.7,0.212835,0.352436,0.000000,2.0843,1.0000,,,,,
2.1360,1778843154.675484,178,3.239173,0.050389,0.015449,2.2202,0.0444,0.017763,3.215604,0.094730,0.017262,2.1707,3.252807,0.050844,0.015555,2.1137,0.0105,0.013609,0.472031,0.0000,3.252807,-0.000000,-0.000022,0.7458,0.000000,-1.448659,439.0090,0,1,clay,1.0000,0.500000,0,0,0.000000,0.000000,0.000000,0,nan,0.00,0.000000,0.2212,0.1462,0.000000,-1.0126,0.57,5.32,6.47,5.37,0.094730,0.9901,1.4249,0.008000,0.065875,0.2145,0.054557,0.043019,0.041753,-519.062553085147,527.4877734399658,-441.7893709702694,274.5973987971785,-0.020858,0.009909,6410.0,6210.6,0.212708,0.310419,0.000000,2.1106,1.0000,,,,,
2.1480,1778843154.687549,179,3.223917,0.065457,0.015868,2.1611,0.0037,0.022554,3.241710,0.095761,0.017494,2.1806,3.237649,0.065915,0.015978,2.1235,0.0090,0.013994,0.473828,0.0000,3.237649,0.000000,-0.000017,0.7458,0.000000,-1.426741,439.5872,0,1,clay,1.0000,0.500000,0,0,0.000000,0.000000,0.000000,0,nan,0.00,0.000000,0.2191,0.1505,0.000000,-1.0298,0.58,5.33,6.49,5.42,0.095761,1.0034,1.4348,0.008000,0.070380,0.1584,0.052664,0.041583,0.039019,-439.85721360623893,-653.1023921802168,-432.8841004567547,295.90894121072733,-0.020356,0.011139,6409.6,6211.0,0.213354,0.324337,0.000000,2.1204,1.0000,,,,,
2.1600,1778843154.699650,180,3.266470,0.114151,0.019216,2.1939,0.0284,0.018551,3.267965,0.096844,0.017752,2.1933,3.280323,0.114675,0.019324,2.1376,0.0118,0.013813,0.454627,0.0000,3.280323,-0.000001,-0.000027,0.7459,0.000000,-1.376988,439.0740,0,1,clay,1.0000,0.500000,0,0,0.000000,0.000000,0.000000,0,nan,0.00,0.000000,0.2170,0.1549,0.000000,-1.0463,0.58,5.33,6.48,5.29,0.096844,1.0182,1.4474,0.008000,0.076826,0.0880,0.040688,0.044517,0.040471,-424.69852545068863,123.44566119114782,-459.1473686365989,269.1802006624152,-0.021561,0.009222,6414.5,6206.1,0.204822,0.308838,0.000000,2.1346,1.0000,,,,,
2.1720,1778843154.711717,181,3.278330,0.095075,0.011827,2.1753,-0.0417,0.018999,3.294372,0.097933,0.017983,2.2065,3.292258,0.095432,0.011934,2.1455,0.0028,0.013639,0.459105,0.0000,3.292258,-0.000001,-0.000028,0.7459,0.000000,-1.348251,437.7388,0,1,clay,1.0000,0.500000,0,0,0.000000,0.000000,0.000000,0,nan,0.00,0.000000,0.2149,0.1592,0.000000,-1.0625,0.58,5.31,6.48,5.20,0.097933,1.0314,1.4607,0.008000,0.093362,-0.9192,0.049520,0.044455,0.051802,-610.8329444384061,699.7363951206439,-382.7526510837115,346.1727662303863,-0.016294,0.014107,6413.4,6207.1,0.206663,0.299457,0.000000,2.1425,1.0000,,,,,
2.1840,1778843154.726385,182,3.381791,0.104211,0.024296,2.2967,0.1199,0.019562,3.320926,0.099017,0.018210,2.2190,3.395810,0.104877,0.024403,2.1753,0.0216,0.013852,0.462883,0.0000,3.395810,-0.000003,-0.000005,0.7459,0.000000,-1.288976,434.1562,0,1,clay,1.0000,0.500000,0,0,0.000000,0.000000,0.000000,0,nan,0.00,0.000000,0.2129,0.1635,0.000000,-1.0779,0.57,5.31,6.46,5.32,0.099017,1.0444,1.4731,0.008000,0.028212,0.7194,0.072916,0.067142,0.047335,-468.45994052653924,345.5118592174621,-519.950961911956,192.62340651144405,-0.026417,0.003515,6412.5,6208.0,0.208222,0.248374,0.000000,2.1723,1.0000,,,,,
2.1960,1778843154.735667,183,3.259234,0.203309,0.022223,2.2445,-0.0732,0.021395,3.347619,0.100195,0.018475,2.2309,3.273344,0.203836,0.022331,2.1893,0.0056,0.014001,0.460490,0.0000,3.273344,-0.000001,-0.000026,0.7459,0.000000,-1.306677,443.6356,0,1,clay,1.0000,0.500000,0,0,0.000000,0.000000,0.000000,0,nan,0.00,0.000000,0.2110,0.1678,0.000000,-1.0936,0.57,5.29,6.44,5.20,0.100195,1.0596,1.4850,0.008000,0.039675,0.3106,0.091759,0.041196,0.049943,-349.9970802638147,303.41535624606166,-397.7135582285316,335.26789009868344,-0.017710,0.012531,6413.2,6207.3,0.206996,0.256459,0.000000,2.1863,1.0000,,,,,
2.2080,1778843154.747656,184,3.403892,0.198870,0.020008,2.2968,-0.0214,0.020665,3.374489,0.101392,0.018723,2.2450,3.418118,0.199337,0.020118,2.2107,0.0011,0.014112,0.458467,0.0000,3.418118,-0.000003,0.000008,0.7459,0.000000,-1.248915,436.8584,0,1,clay,1.0000,0.500000,0,0,0.000000,0.000000,0.000000,0,nan,0.00,0.000000,0.2091,0.1720,0.000000,-1.1086,0.57,5.29,6.44,5.29,0.101392,1.0738,1.4991,0.008000,0.150849,0.2388,0.089781,0.021234,0.035821,-560.150089300865,645.3359464265525,-358.68751917540413,379.6011094594039,-0.015156,0.014977,6413.7,6206.8,0.206147,0.220366,0.000000,2.2077,1.0000,,,,,
2.2200,1778843154.759655,185,3.430294,0.165287,0.013567,2.1895,-0.0306,0.021135,3.401500,0.102569,0.018958,2.2558,3.444488,0.165627,0.013677,2.2071,-0.0041,0.014207,0.447265,0.0000,3.444488,-0.000003,0.000026,0.7458,0.000000,-1.197802,432.9595,0,1,clay,1.0000,0.500000,0,0,0.000000,0.000000,0.000000,0,nan,0.00,0.000000,0.2072,0.1762,0.000000,-1.1230,0.57,5.29,6.43,5.27,0.102569,1.0823,1.5099,0.008000,0.056239,0.1669,0.080614,0.030608,0.056435,-446.2592292681655,309.57332944448416,-325.6116202981225,425.3583521727755,-0.012513,0.017954,6416.7,6203.9,0.201033,0.246046,0.000000,2.2042,1.0000,,,,,
2.2320,1778843154.771631,186,3.518492,0.189907,0.025279,2.3419,0.0687,0.020893,3.428642,0.103793,0.019209,2.2674,3.532815,0.190502,0.025390,2.2338,0.0078,0.014437,0.453128,0.0000,3.532815,0.000003,0.000102,0.7458,0.000000,-1.136980,429.9857,0,1,clay,1.0000,0.500000,0,0,0.000000,0.000000,0.000000,0,nan,0.00,0.000000,0.2054,0.1803,0.000000,-1.1366,0.57,5.28,6.41,5.23,0.103793,1.0966,1.5216,0.008000,0.221001,-0.3632,0.096177,0.039177,0.044826,-383.9235512405987,238.32713561524355,-414.279609468755,330.4135507205641,-0.018819,0.011442,6415.3,6205.3,0.203468,0.185325,0.000000,2.2308,1.0000,,,,,
2.2440,1778843154.783617,187,3.409669,0.088891,0.022327,2.2924,0.0609,0.018725,3.455936,0.105001,0.019422,2.2808,3.424057,0.089501,0.022436,2.2457,0.0162,0.014290,0.448768,0.0000,3.424057,-0.000003,0.000012,0.7459,0.000000,-1.140556,424.3829,0,1,clay,1.0000,0.500000,0,0,0.000000,0.000000,0.000000,0,nan,0.00,0.000000,0.2036,0.1844,0.000000,-1.1503,0.57,5.28,6.41,5.26,0.105001,1.1089,1.5350,0.008000,0.062817,0.3100,0.081853,0.035791,0.035144,-611.8123628854405,646.1772787439904,-476.77761269155405,256.5458605038911,-0.022927,0.006682,6416.5,6204.1,0.201368,0.179734,0.000000,2.2428,1.0000,,,,,
2.2560,1778843154.795699,188,3.425048,0.077388,0.012754,2.3458,0.0267,0.017617,3.483366,0.106251,0.019652,2.2907,3.439600,0.077867,0.012861,2.2656,0.0174,0.013989,0.448993,0.0000,3.439600,-0.000003,0.000023,0.7458,0.000000,-1.133717,421.3858,0,1,clay,1.0000,0.500000,0,0,0.000000,0.000000,0.000000,0,nan,0.00,0.000000,0.2018,0.1885,0.000000,-1.1639,0.58,5.26,6.41,5.17,0.106251,1.1221,1.5449,0.008000,0.025355,-0.2649,0.091817,0.046941,0.045903,-369.1986956034717,326.73021583302545,-477.0941599193857,244.01507810246167,-0.023011,0.005631,6416.4,6204.2,0.201485,0.147057,0.000000,2.2627,1.0000,,,,,
2.2680,1778843154.807721,189,3.474504,0.070409,0.018366,2.3362,0.1004,0.020936,3.510924,0.107565,0.019912,2.3021,3.489146,0.071065,0.018475,2.2798,0.0303,0.014285,0.445351,0.0000,3.489146,-0.000001,0.000066,0.7458,0.000000,-1.104301,417.4913,0,1,clay,1.0000,0.500000,0,0,0.000000,0.000000,0.000000,0,nan,0.00,0.000000,0.2001,0.1925,0.000000,-1.1771,0.58,5.26,6.43,5.26,0.107565,1.1369,1.5563,0.008000,0.055333,-0.1340,0.093867,0.071523,0.057223,-452.6256076304609,239.8726541869312,-576.2012312186262,136.85171313156403,-0.029803,-0.000978,6417.3,6203.2,0.199858,0.139290,0.000000,2.2769,1.0000,,,,,
2.2800,1778843154.824965,190,3.523780,0.130748,0.020941,2.2781,0.0146,0.015618,3.538622,0.108832,0.020121,2.3138,3.538400,0.131409,0.021045,2.2800,0.0268,0.013684,0.441133,0.0000,3.538400,0.000004,0.000104,0.7458,0.000000,-1.066943,418.7443,0,1,clay,1.0000,0.500000,0,0,0.000000,0.000000,0.000000,0,nan,0.00,0.000000,0.1984,0.1964,0.000000,-1.1900,0.58,5.25,6.41,5.20,0.108832,1.1489,1.5679,0.008000,0.034827,0.4379,0.085753,0.059312,0.041052,-563.4021799451233,808.224262455602,-544.6909834083698,156.45163667528325,-0.027388,0.000240,6418.5,6202.1,0.197907,0.139493,0.000000,2.2772,1.0000,,,,,
2.2920,1778843154.831395,191,3.521196,0.070710,0.007092,2.3887,0.0886,0.018708,3.566428,0.110128,0.020339,2.3226,3.535820,0.071230,0.007196,2.3016,0.0361,0.013783,0.442220,0.0000,3.535820,0.000003,0.000103,0.7458,0.000000,-1.044614,413.0796,0,1,clay,1.0000,0.500000,0,0,0.000000,0.000000,0.000000,0,nan,0.00,0.000000,0.1968,0.2003,0.000000,-1.2025,0.55,5.23,6.34,5.09,0.110128,1.1614,1.5768,0.008000,0.102016,-1.0712,0.077119,0.064201,0.046233,-440.87128778575914,136.19042466265608,-607.3390843080495,78.60761822211913,-0.031844,-0.004577,6418.3,6202.3,0.198252,0.083483,0.000000,2.2987,1.0000,,,,,
2.3040,1778843154.843682,192,3.571035,0.069798,0.030646,2.2508,0.0791,0.020611,3.594345,0.111465,0.020580,2.3322,3.585520,0.070701,0.030751,2.2923,0.0420,0.014047,0.435652,0.0000,3.585520,0.000008,0.000095,0.7459,0.000000,-1.007346,410.9833,0,1,clay,1.0000,0.500000,0,0,0.000000,0.000000,0.000000,0,nan,0.00,0.000000,0.1952,0.2041,0.000000,-1.2146,0.55,5.22,6.33,5.18,0.111465,1.1752,1.5864,0.008000,0.162195,0.3962,0.054123,0.092966,0.062488,-564.1818722565496,238.3609857764258,-655.9365719189045,27.759868597576485,-0.035244,-0.007418,6420.0,6200.6,0.195277,0.126152,0.000000,2.2895,1.0000,,,,,
2.3160,1778843154.855627,193,3.656318,0.116541,0.019936,2.2938,-0.0320,0.017350,3.622371,0.112760,0.020782,2.3400,3.670805,0.117191,0.020038,2.2931,0.0287,0.013694,0.434689,0.0000,3.670805,0.000012,-0.000036,0.7459,0.000000,-0.955305,410.1950,0,1,clay,1.0000,0.500000,0,0,0.000000,0.000000,0.000000,0,nan,0.00,0.000000,0.1936,0.2079,0.000000,-1.2260,0.55,5.24,6.34,5.31,0.112760,1.1868,1.5941,0.008000,0.091239,-0.0913,0.033795,0.076577,0.057923,-727.8372395470333,673.3919379558711,-557.3916860628392,140.02325037010755,-0.028049,-0.000771,6420.3,6200.3,0.194745,0.087819,0.000000,2.2903,1.0000,,,,,
2.3280,1778843154.867648,194,3.624686,0.021088,0.025973,2.3494,0.1292,0.020884,3.650474,0.114081,0.021002,2.3470,3.639259,0.021940,0.026078,2.3045,0.0442,0.014084,0.427427,0.0000,3.639259,0.000012,0.000030,0.7459,0.000000,-0.927835,404.0311,0,1,clay,1.0000,0.500000,0,0,0.000000,0.000000,0.000000,0,nan,0.00,0.000000,0.1920,0.2116,0.000000,-1.2372,0.55,5.23,6.33,5.18,0.114081,1.2180,1.6011,0.008000,0.154733,0.6231,0.049952,0.088239,0.049435,-602.1155239072004,529.6224513881949,-672.0680461841528,7.735156825146277,-0.036160,-0.008482,6422.2,6198.4,0.191397,0.051381,0.000000,2.3018,1.0000,,,,,
2.3400,1778843154.879732,195,3.671292,0.139766,0.020959,2.3901,0.0357,0.020213,3.678646,0.115425,0.021233,2.3502,3.686024,0.140532,0.021066,2.3215,0.0415,0.014210,0.418447,0.0000,3.686024,0.000011,-0.000074,0.7459,0.000000,-0.890170,406.6867,0,1,clay,1.0000,0.500000,0,0,0.000000,0.000000,0.000000,0,nan,0.00,0.000000,0.1905,0.2153,0.000000,-1.2479,0.56,5.22,6.35,5.20,0.115425,1.2312,1.6043,0.008000,0.103661,-0.3366,0.039776,0.080568,0.051860,-751.703150178709,243.24867225263756,-655.9552172751871,33.7062140059309,-0.034611,-0.006886,6424.5,6196.1,0.187363,0.023327,0.000000,2.3189,1.0000,,,,,
2.3520,1778843154.891634,196,3.750539,0.106614,0.021053,2.2696,0.0611,0.016300,3.706891,0.116692,0.021422,2.3557,3.765167,0.107386,0.021155,2.3118,0.0434,0.013777,0.392038,0.0000,3.765167,-0.000005,-0.000341,0.7458,0.000000,-0.811305,399.5116,0,1,clay,1.0000,0.500000,0,0,0.000000,0.000000,0.000000,0,nan,0.00,0.000000,0.1890,0.2189,0.000000,-1.2576,0.56,5.24,6.36,5.35,0.116692,1.2421,1.6099,0.008000,0.102440,-0.1611,0.018796,0.066271,0.035875,-822.2522376431983,219.1150706931066,-672.2967950757768,-1.5729654380994305,-0.035324,-0.008365,6431.3,6189.3,0.175590,0.058167,0.000000,2.3093,1.0000,,,,,
2.3640,1778843154.903656,197,3.731285,0.179693,0.019238,2.2775,-0.0602,0.017361,3.735153,0.117963,0.021627,2.3571,3.745909,0.180310,0.019339,2.3056,0.0251,0.013426,0.375111,0.0000,3.745909,0.000001,-0.000273,0.7458,0.000000,-0.763946,405.6961,0,1,clay,1.0000,0.500000,0,0,0.000000,0.000000,0.000000,0,nan,0.00,0.000000,0.1875,0.2224,0.000000,-1.2668,0.55,5.23,6.34,5.15,0.117963,1.2538,1.6112,0.008000,0.115242,0.2852,-0.007328,0.050459,0.044698,-714.8377218152256,299.0283929759336,-548.9069317250946,155.2195259244523,-0.025831,0.000792,6435.7,6184.9,0.167900,0.048051,0.000000,2.3032,1.0000,,,,,
2.3760,1778843154.923338,198,3.773982,0.157423,0.024172,2.3045,0.0352,0.018720,3.763432,0.119237,0.021829,2.3593,3.788547,0.158116,0.024272,2.3057,0.0260,0.013470,0.357902,0.0000,3.788547,-0.000013,-0.000388,0.7458,0.000000,-0.703205,400.1786,0,1,clay,1.0000,0.500000,0,0,0.000000,0.000000,0.000000,0,nan,0.00,0.000000,0.1861,0.2259,0.000000,-1.2752,0.55,5.24,6.34,5.30,0.119237,1.2654,1.6135,0.008000,0.095628,0.2445,-0.020913,0.028916,0.024293,-951.4080538595208,365.8976132303485,-560.0221823743195,142.97358309695827,-0.026290,0.000370,6440.1,6180.5,0.160161,0.029524,0.000000,2.3034,1.0000,,,,,
2.3880,1778843154.929125,199,3.850247,0.106784,0.014471,2.2997,-0.0029,0.014310,3.791702,0.120422,0.021989,2.3563,3.865892,0.107325,0.014573,2.3050,0.0202,0.012534,0.333256,0.0000,3.865892,-0.000041,-0.000244,0.7456,0.000000,-0.615695,392.6140,0,1,clay,1.0000,0.500000,0,0,0.000000,0.000000,0.000000,0,nan,0.00,0.000000,0.1846,0.2292,0.000000,-1.2826,0.78,5.25,6.81,5.35,0.120422,1.2745,1.6107,0.008000,0.090721,-0.4551,-0.021422,0.045636,0.049874,-742.8657338636965,147.13397510202236,-519.4094889185756,176.766025565594,-0.022878,0.002602,6446.4,6174.2,0.149254,0.020417,0.000000,2.3027,1.0000,,,,,
2.4000,1778843154.939574,200,3.789628,0.089058,0.015896,2.2705,-0.0282,0.015015,3.819923,0.121582,0.022156,2.3517,3.805079,0.089548,0.015994,2.2985,0.0118,0.012132,0.305233,0.0000,3.805079,-0.000020,-0.000395,0.7457,0.000000,-0.565482,392.8326,0,1,clay,1.0000,0.500000,0,0,0.000000,0.000000,0.000000,0,nan,0.00,0.000000,0.1832,0.2325,0.000000,-1.2894,0.74,5.26,6.74,5.32,0.121582,1.2841,1.6060,0.008000,0.026037,0.4195,-0.049334,0.011738,0.025100,-766.4103032390892,-231.7862758752074,-459.6668424701858,242.13372625198411,-0.018141,0.006643,6453.6,6166.9,0.136601,0.033384,0.000000,2.2965,1.0000,,,,,
2.4120,1778843154.951716,201,3.960813,0.071318,0.021294,2.3148,0.0202,0.013038,3.848093,0.122727,0.022315,2.3472,3.976193,0.071888,0.021387,2.3019,0.0128,0.011600,0.284534,0.0000,3.976193,-0.000022,0.000745,0.7457,0.000000,-0.451737,384.0066,0,1,clay,1.0000,0.500000,0,0,0.000000,0.000000,0.000000,0,nan,0.00,0.000000,0.1818,0.2357,0.000000,-1.2948,0.71,5.25,6.68,5.19,0.122727,1.2933,1.6015,0.008000,0.146730,-0.6223,-0.035802,-0.000343,0.012859,-678.3271923899797,159.81575243067743,-463.94505878904107,215.2311136452511,-0.018057,0.005522,6458.9,6161.6,0.127302,0.001099,0.000000,2.3000,1.0000,,,,,
2.4240,1778843154.963631,202,3.793153,0.197655,0.020412,2.3416,-0.0170,0.010211,3.876185,0.123803,0.022448,2.3385,3.808439,0.198158,0.020498,2.3098,0.0076,0.010770,0.255273,0.0000,3.808439,-0.000021,-0.000394,0.7457,0.000000,-0.433359,396.6183,0,1,clay,1.0000,0.500000,0,0,0.000000,0.000000,0.000000,0,nan,0.00,0.000000,0.1805,0.2388,0.000000,-1.3000,0.69,5.24,6.61,5.19,0.123803,1.2314,1.5928,0.008000,0.128175,-0.0570,-0.028502,0.014824,0.030777,-788.0693248348794,-70.70033284409399,-418.68397527475116,241.0171248661999,-0.014446,0.007330,6466.6,6154.0,0.114033,-0.019952,0.000000,2.3081,1.0000,,,,,
2.4360,1778843154.975660,203,3.960404,0.067169,0.021588,2.2979,0.0002,0.013266,3.904183,0.124872,0.022602,2.3317,3.975602,0.067674,0.021671,2.3076,0.0061,0.010508,0.232989,0.0000,3.975602,-0.000022,0.000737,0.7457,0.000000,-0.330610,380.3210,0,1,clay,1.0000,0.500000,0,0,0.000000,0.000000,0.000000,0,nan,0.00,0.000000,0.1792,0.2418,0.000000,-1.3040,0.67,5.25,6.60,5.28,0.124872,1.2402,1.5860,0.008000,0.096550,-0.3379,-0.041135,-0.013165,0.006718,-719.7049069684977,-302.96975235910304,-409.89660118989565,240.20692970772163,-0.013454,0.007799,6472.2,6148.3,0.104134,-0.003989,0.000000,2.3061,1.0000,,,,,
2.4480,1778843154.987698,204,3.966860,0.090440,0.014246,2.3488,0.0872,0.012255,3.932080,0.125942,0.022747,2.3239,3.982084,0.090923,0.014327,2.3158,0.0191,0.010262,0.218267,0.0000,3.982084,-0.000017,0.000824,0.7457,0.000000,-0.261000,379.6576,0,1,clay,1.0000,0.500000,0,0,0.000000,0.000000,0.000000,0,nan,0.00,0.000000,0.1778,0.2446,0.000000,-1.3071,0.67,5.25,6.58,5.28,0.125942,1.2485,1.5782,0.008000,0.078463,-0.4721,-0.049033,0.004391,0.007916,-619.6971767761856,89.96144922061256,-500.82766681235216,98.76204192443168,-0.019737,0.000723,6476.1,6144.4,0.097333,-0.038982,0.000000,2.3144,1.0000,,,,,
2.4600,1778843154.999674,205,3.985254,0.074687,0.021373,2.2987,0.0428,0.012351,3.959858,0.126938,0.022876,2.3121,4.000370,0.075294,0.021451,2.3125,0.0223,0.010026,0.186049,0.0000,4.000370,0.000000,0.001085,0.7458,0.000000,-0.184072,377.0947,0,1,clay,1.0000,0.500000,0,0,0.000000,0.000000,0.000000,0,nan,0.00,0.000000,0.1765,0.2474,0.000000,-1.3093,0.64,5.25,6.54,5.25,0.126938,1.2559,1.5663,0.008000,0.045444,-0.0665,-0.039712,0.016279,0.017550,-660.3504115610142,-132.74437610178495,-522.2180953330625,45.0216984646853,-0.021172,-0.001236,6484.4,6136.1,0.082901,-0.028040,0.000000,2.3113,1.0000,,,,,
2.4720,1778843155.011612,206,4.072985,0.198311,0.019273,2.2958,-0.0507,0.013221,3.987498,0.127942,0.023020,2.2998,4.087971,0.198792,0.019349,2.3093,0.0098,0.009860,0.151288,0.0000,4.087971,0.000121,0.001300,0.7466,0.000000,-0.082730,382.0966,0,1,clay,1.0000,0.500000,0,0,0.000000,0.000000,0.000000,0,nan,0.00,0.000000,0.1753,0.2500,0.000000,-1.3103,0.62,5.28,6.52,5.42,0.127942,1.2642,1.5532,0.008000,0.097073,-0.0807,-0.034760,0.007687,0.017103,-463.39893572632707,-164.34973254321787,-444.0272891468889,145.66693225678642,-0.014616,0.005145,6493.3,6127.2,0.067327,-0.034559,0.000000,2.3083,1.0000,,,,,
2.4840,1778843155.024625,207,3.996759,0.074361,0.020243,2.2724,0.0452,0.011397,4.014999,0.128921,0.023156,2.2881,4.011683,0.074889,0.020316,2.3022,0.0152,0.009559,0.122453,0.0000,4.011683,0.000014,0.001235,0.7459,0.000000,-0.022663,376.2595,0,1,clay,1.0000,0.500000,0,0,0.000000,0.000000,0.000000,0,nan,0.00,0.000000,0.1740,0.2526,0.000000,-1.3106,0.60,5.25,6.46,5.09,0.128921,1.2720,1.5422,0.008000,0.096693,-0.3080,-0.040127,0.024543,0.029114,-724.34390955716,-18.463010927051016,-477.77272195545504,67.9506177375048,-0.017147,0.002001,6500.8,6119.7,0.054304,-0.034567,0.000000,2.3014,1.0000,,,,,
2.4960,1778843155.035685,208,4.080385,0.124808,0.023239,2.2670,0.0245,0.008686,4.042339,0.129816,0.023272,2.2746,4.095205,0.125377,0.023308,2.2953,0.0163,0.008929,0.093292,0.0000,4.095205,0.000130,0.001221,0.7466,0.000000,0.066246,377.3567,0,1,clay,1.0000,0.500000,0,0,0.000000,0.000000,0.000000,0,nan,0.00,0.000000,0.1728,0.2549,0.000000,-1.3098,0.61,5.25,6.46,5.27,0.129816,1.2786,1.5279,0.008000,0.018827,0.4247,-0.043596,0.008269,0.005154,-632.1137515006002,-72.61290551160485,-476.39341867186727,27.952286098020892,-0.017102,0.000803,6508.3,6112.3,0.041257,-0.037187,0.000000,2.2947,1.0000,,,,,
2.5080,1778843155.047652,209,4.056484,0.101600,0.023377,2.3409,0.0433,0.012588,4.069512,0.130768,0.023426,2.2605,4.071342,0.102200,0.023446,2.3041,0.0202,0.008990,0.064953,0.0000,4.071342,0.000098,0.001427,0.7464,0.000000,0.133835,374.2062,0,1,clay,1.0000,0.500000,0,0,0.000000,0.000000,0.000000,0,nan,0.00,0.000000,0.1715,0.2572,0.000000,-1.3082,0.60,5.28,6.48,5.43,0.130768,1.2874,1.5141,0.008000,0.022262,0.3535,-0.025398,0.009134,-0.001575,-475.4725351318738,-109.65753805115006,-494.98028448054174,-21.672801080240347,-0.019060,-0.001185,6515.6,6104.9,0.028491,-0.081425,0.000000,2.3037,1.0000,,,,,
2.5200,1778843155.059777,210,4.155774,0.153823,0.030870,2.2704,0.0089,0.012926,4.096515,0.131713,0.023567,2.2470,4.170612,0.154517,0.030939,2.2975,0.0177,0.009022,0.037829,0.0000,4.170612,0.000168,-0.000489,0.7469,0.000000,0.230297,375.5642,0,1,clay,1.0000,0.500000,0,0,0.000000,0.000000,0.000000,0,nan,0.00,0.000000,0.1703,0.2593,0.000000,-1.3054,0.59,5.28,6.47,5.30,0.131713,1.2955,1.5001,0.008000,0.089484,0.4769,-0.033163,0.003687,-0.003845,-541.6883746208443,93.61856125805019,-477.55907613868897,-15.851479654887683,-0.017898,0.000154,6522.6,6098.0,0.016321,-0.063074,0.000000,2.2972,1.0000,,,,,
2.5320,1778843155.071692,211,4.148029,0.182070,0.023771,2.1372,0.0282,0.008477,4.123328,0.132570,0.023690,2.2298,4.162638,0.182653,0.023836,2.2663,0.0188,0.008438,0.006681,0.0000,4.162638,0.000170,-0.000232,0.7469,0.000000,0.307686,383.8610,0,1,clay,1.0000,0.500000,0,0,0.000000,0.000000,0.000000,0,nan,0.00,0.000000,0.1691,0.2613,0.000000,-1.3017,0.58,5.28,6.45,5.29,0.132570,1.3026,1.4829,0.008000,0.111176,0.1258,-0.069029,0.009093,-0.002019,-596.6887960865212,34.54771981383871,-467.42586501537824,-52.922340783237146,-0.018196,-0.001049,6530.6,6089.9,0.002294,-0.016376,0.000000,2.2663,1.0000,,,,,
2.5440,1778843155.083659,212,4.172523,0.124230,0.021269,2.2852,-0.0181,0.014365,4.149961,0.133461,0.023838,2.2144,4.187121,0.124734,0.021336,2.2698,0.0122,0.008760,-0.018503,0.0000,4.187121,0.000155,-0.001079,0.7468,0.000000,0.385671,378.8076,0,1,clay,1.0000,0.500000,0,0,0.000000,0.000000,0.000000,0,nan,0.00,0.000000,0.1679,0.2631,0.000000,-1.2971,0.58,5.27,6.42,5.22,0.133461,1.5701,1.4676,0.008000,0.059714,-0.0832,-0.061014,0.009640,0.007435,-594.725811560482,-95.90028913725021,-431.4976378958387,-9.254387958637352,-0.015058,0.002793,6537.2,6083.4,-0.009044,-0.091695,0.000000,2.2699,1.0000,,,,,
2.5560,1778843155.095679,213,4.219915,0.094879,0.021716,2.2004,-0.0100,0.009482,4.176389,0.134280,0.023948,2.1973,4.234421,0.095354,0.021780,2.2561,0.0082,0.008335,-0.055968,0.0000,4.234421,0.000056,-0.003195,0.7462,0.000000,0.483152,379.6521,0,1,clay,1.0000,0.500000,0,0,0.000000,0.000000,0.000000,0,nan,0.00,0.000000,0.1668,0.2648,0.000000,-1.2913,0.58,5.28,6.43,5.29,0.134280,1.5763,1.4511,0.008000,0.006965,0.3646,-0.081160,-0.013203,-0.008429,-448.53404223288777,135.1023402845183,-395.6853666044826,-3.8919822714512833,-0.012656,0.004511,6546.8,6073.8,-0.025807,-0.069437,0.000000,2.2565,1.0000,,,,,
2.5680,1778843155.107680,214,4.187468,0.170879,0.021933,2.1830,-0.0252,0.008582,4.202610,0.135058,0.024047,2.1810,4.201898,0.171310,0.021993,2.2418,0.0025,0.007846,-0.066011,0.0000,4.201898,0.000135,-0.001672,0.7467,0.000000,0.527964,386.9439,0,1,clay,1.0000,0.500000,0,0,0.000000,0.000000,0.000000,0,nan,0.00,0.000000,0.1656,0.2663,0.000000,-1.2849,0.58,5.31,6.47,5.51,0.135058,1.5820,1.4343,0.008000,0.097302,-0.0298,-0.088910,-0.020695,-0.008913,-282.12554032534734,-31.78368424643898,-359.91486765045477,26.28482060067722,-0.009274,0.007104,6549.5,6071.1,-0.030520,-0.074580,0.000000,2.2422,1.0000,,,,,
2.5800,1778843155.122765,215,4.249543,0.152988,0.025098,2.2233,-0.0321,0.013599,4.228600,0.135897,0.024189,2.1604,4.264009,0.153430,0.025161,2.2380,-0.0032,0.008127,-0.093416,0.0000,4.264009,-0.000061,-0.004709,0.7455,0.000000,0.603222,385.9018,0,1,clay,1.0000,0.500000,0,0,0.000000,0.000000,0.000000,0,nan,0.00,0.000000,0.1645,0.2677,0.000000,-1.2777,0.58,5.36,6.51,5.63,0.135897,1.5902,1.4149,0.008000,0.087113,0.2729,-0.085861,-0.019357,-0.004558,-551.3295667568161,-180.34345602676456,-327.0774446493318,62.82312858085841,-0.006589,0.010523,6556.5,6064.1,-0.042754,-0.100684,0.000000,2.2386,1.0000,,,,,
2.5920,1778843155.131623,216,4.272949,0.057431,0.018838,2.1225,0.0487,0.009145,4.254361,0.136696,0.024313,2.1398,4.287334,0.057838,0.018899,2.2153,0.0053,0.007812,-0.128609,0.0000,4.287334,-0.000180,-0.005379,0.7447,0.000000,0.692475,387.8674,0,1,clay,1.0000,0.500000,0,0,0.000000,0.000000,0.000000,0,nan,0.00,0.000000,0.1634,0.2689,0.000000,-1.2694,0.57,5.35,6.48,5.27,0.136696,1.5973,1.3951,0.008000,0.040060,-0.1395,-0.098313,-0.010984,-0.005138,-619.0321930040751,-36.26891675152248,-350.3337598814293,-11.745374839731298,-0.010894,0.005684,6565.5,6055.0,-0.058516,-0.072969,0.000000,2.2161,1.0000,,,,,
2.6040,1778843155.143662,217,4.209097,0.054143,0.018040,2.0825,-0.0071,0.007909,4.279897,0.137449,0.024422,2.1216,4.223287,0.054513,0.018097,2.1893,0.0031,0.007336,-0.148112,0.0000,4.223287,0.000089,-0.002640,0.7464,0.000000,0.736969,392.6612,0,1,clay,1.0000,0.500000,0,0,0.000000,0.000000,0.000000,0,nan,0.00,0.000000,0.1623,0.2699,0.000000,-1.2606,0.57,5.32,6.46,5.19,0.137449,1.6035,1.3752,0.008000,0.140296,-0.3530,-0.114407,-0.016976,-0.009466,-487.5491964388331,28.866194281502928,-330.20089450544856,-6.163116006771986,-0.009379,0.006456,6570.6,6050.0,-0.067379,-0.066140,0.000000,2.1902,1.0000,,,,,
2.6160,1778843155.155730,218,4.352071,0.150164,0.019613,2.1206,-0.0140,0.012139,4.305179,0.138304,0.024602,2.1001,4.366183,0.150537,0.019672,2.1756,0.0003,0.007517,-0.180474,0.0000,4.366183,-0.000569,-0.003384,0.7423,0.000000,0.838736,402.4481,0,1,clay,1.0000,0.500000,0,0,0.000000,0.000000,0.000000,0,nan,0.00,0.000000,0.1612,0.2708,0.000000,-1.2505,0.58,5.34,6.50,5.43,0.138304,1.6138,1.3578,0.008000,0.063849,-0.2711,-0.133809,-0.020869,-0.008251,-242.8873796093296,-308.6139781533472,-309.87787394322777,14.88411779813778,-0.008084,0.008330,6578.9,6041.7,-0.081797,-0.094315,0.000000,2.1768,1.0000,,,,,
2.6280,1778843155.167759,219,4.309726,0.167121,0.028474,1.9732,0.0600,0.009770,4.330207,0.139131,0.024774,2.0784,4.323591,0.167679,0.028532,2.1360,0.0098,0.007393,-0.203808,0.0000,4.323591,-0.000378,-0.005278,0.7435,0.000000,0.898181,411.6172,0,1,clay,1.0000,0.500000,0,0,0.000000,0.000000,0.000000,0,nan,0.00,0.000000,0.1601,0.2716,0.000000,-1.2397,0.58,5.36,6.51,5.47,0.139131,1.6237,1.3350,0.008000,0.090444,-0.1929,-0.163890,-0.008419,-0.008928,-779.740443139971,-47.316527154536146,-332.73353671213897,-43.26058577525956,-0.013484,0.002917,6585.0,6035.6,-0.092393,-0.036895,0.000000,2.1374,1.0000,,,,,
2.6400,1778843155.179676,220,4.403450,0.188004,0.017822,2.0100,-0.0757,0.012953,4.354992,0.139855,0.024911,2.0581,4.417269,0.188317,0.017882,2.1112,-0.0042,0.007547,-0.227641,0.0000,4.417269,-0.000631,0.001416,0.7419,0.000000,0.986712,422.7589,0,1,clay,1.0000,0.500000,0,0,0.000000,0.000000,0.000000,0,nan,0.00,0.000000,0.1590,0.2721,0.000000,-1.2279,0.59,5.36,6.54,5.36,0.139855,1.6316,1.3162,0.008000,0.014665,-0.3929,-0.154245,-0.022755,-0.005668,-561.491835469131,-41.716374398676024,-281.33882839269603,44.97157131951576,-0.005960,0.011340,6591.1,6029.5,-0.103107,-0.068450,0.000000,2.1127,1.0000,,,,,
2.6520,1778843155.191767,221,4.443349,0.204409,0.028766,2.0858,-0.0382,0.014256,4.379523,0.140639,0.025083,2.0369,4.457098,0.204838,0.028829,2.1060,-0.0095,0.007930,-0.229051,0.0000,4.457098,-0.000467,0.007072,0.7429,0.000000,1.049740,425.2750,0,1,clay,1.0000,0.500000,0,0,0.000000,0.000000,0.000000,0,nan,0.00,0.000000,0.1580,0.2725,0.000000,-1.2153,0.59,5.36,6.53,5.37,0.140639,0.6724,1.2940,0.008000,0.077950,0.3755,-0.160437,-0.026698,-0.005506,-350.1932524919204,-176.17317337704577,-266.0849744881002,82.20002257087592,-0.003396,0.014912,6591.6,6029.0,-0.103979,-0.114928,0.000000,2.1075,1.0000,,,,,
2.6640,1778843155.203615,222,4.366550,0.155714,0.023753,1.9320,-0.0118,0.015252,4.403795,0.141406,0.025257,2.0156,4.380046,0.156073,0.023820,2.0719,-0.0095,0.008357,-0.251124,0.0000,4.380046,-0.000609,-0.002354,0.7420,0.000000,1.077850,429.7653,0,1,clay,1.0000,0.500000,0,0,0.000000,0.000000,0.000000,0,nan,0.00,0.000000,0.1569,0.2728,0.000000,-1.2023,0.58,5.36,6.51,5.36,0.141406,0.6823,1.2735,0.008000,0.107521,0.0653,-0.176953,-0.027097,-0.008087,-567.23674896178,-97.44992787836313,-264.18192537254527,87.67681709792572,-0.003952,0.015755,6597.3,6023.3,-0.113899,-0.054712,0.000000,2.0735,1.0000,,,,,
2.6760,1778843155.220970,223,4.391103,0.113667,0.021079,1.9951,0.0165,0.012170,4.427805,0.142080,0.025393,1.9927,4.404467,0.114019,0.021145,2.0566,-0.0050,0.008347,-0.273287,0.0000,4.404467,-0.000639,-0.000046,0.7418,0.000000,1.127179,433.6384,0,1,clay,1.0000,0.500000,0,0,0.000000,0.000000,0.000000,0,nan,0.00,0.000000,0.1559,0.2728,0.000000,-1.1888,0.57,5.38,6.52,5.48,0.142080,0.6902,1.2508,0.008000,0.072959,-0.0973,-0.176840,-0.021142,-0.010802,-592.0851169937742,105.99691362348172,-271.946384088101,64.28729899083727,-0.006588,0.013201,6602.9,6017.6,-0.123759,-0.094130,0.000000,2.0584,1.0000,,,,,
2.6880,1778843155.227381,224,4.439240,0.149728,0.028511,1.9577,-0.0062,0.013369,4.451555,0.142793,0.025557,1.9719,4.452381,0.150174,0.028578,2.0370,-0.0050,0.008475,-0.288769,0.0000,4.452381,-0.000499,0.006315,0.7427,0.000000,1.184977,442.4635,0,1,clay,1.0000,0.500000,0,0,0.000000,0.000000,0.000000,0,nan,0.00,0.000000,0.1549,0.2728,0.000000,-1.1746,0.54,5.40,6.48,5.55,0.142793,0.6996,1.2291,0.008000,0.049545,0.1453,-0.189726,-0.011737,-0.003609,-91.45348874051885,-38.11184690655929,-268.62067029888397,67.58141611320602,-0.006800,0.013501,6606.9,6013.6,-0.130713,-0.095286,0.000000,2.0389,1.0000,,,,,
2.7000,1778843155.239716,225,4.480723,0.101995,0.023403,1.9903,-0.0540,0.013733,4.475049,0.143524,0.025732,1.9500,4.493926,0.102323,0.023471,2.0275,-0.0126,0.008528,-0.304276,0.0000,4.493926,-0.000088,0.013794,0.7453,0.000000,1.250648,446.6069,0,1,clay,1.0000,0.500000,0,0,0.000000,0.000000,0.000000,0,nan,0.00,0.000000,0.1538,0.2725,0.000000,-1.1596,0.55,5.39,6.49,5.29,0.143524,0.7096,1.2047,0.008000,0.047413,0.2133,-0.172906,-0.027238,-0.006796,-348.99196592918366,-57.55169765637672,-245.7421636367584,114.09574679230334,-0.002450,0.018322,6611.0,6009.6,-0.137755,-0.118798,0.000000,2.0295,1.0000,,,,,
2.7120,1778843155.251693,226,4.545125,0.201090,0.026510,1.9398,-0.0496,0.010340,4.498271,0.144165,0.025876,1.9274,4.558227,0.201413,0.026576,2.0100,-0.0180,0.008137,-0.323049,0.0000,4.558227,0.001099,0.020487,0.7527,0.000000,1.321384,459.9851,0,1,clay,1.0000,0.500000,0,0,0.000000,0.000000,0.000000,0,nan,0.00,0.000000,0.1528,0.2721,0.000000,-1.1437,0.57,5.38,6.51,5.33,0.144165,0.7178,1.1747,0.008000,0.174704,0.4400,-0.162318,-0.036352,-0.011453,-619.0894732253744,-25.02233897129281,-226.96765425133995,142.34665430029085,0.001197,0.021375,6615.8,6004.7,-0.146237,-0.099376,0.000000,2.0121,1.0000,,,,,
2.7240,1778843155.263565,227,4.601417,0.212169,0.025419,1.9438,-0.0018,0.013321,4.521239,0.144835,0.026043,1.9084,4.614415,0.212499,0.025485,1.9966,-0.0148,0.008277,-0.347072,0.0000,4.614415,0.002100,0.013065,0.7590,0.000000,1.402037,469.4424,0,1,clay,1.0000,0.500000,0,0,0.000000,0.000000,0.000000,0,nan,0.00,0.000000,0.1518,0.2715,0.000000,-1.1269,0.57,5.37,6.50,5.31,0.144835,0.7274,1.1494,0.008000,0.058866,0.2862,-0.158624,-0.027613,-0.008208,-416.1076560979335,-322.07120909318064,-230.6097557615397,130.2726455712645,-0.000912,0.019727,6622.0,5998.5,-0.157042,-0.118016,0.000000,1.9989,1.0000,,,,,
2.7360,1778843155.275604,228,4.568707,0.235389,0.027330,1.8661,0.0407,0.016956,4.543962,0.145563,0.026226,1.8876,4.581552,0.235815,0.027402,1.9708,-0.0055,0.008876,-0.365521,0.0000,4.581552,0.001563,0.018918,0.7556,0.000000,1.449282,477.2572,0,1,clay,1.0000,0.500000,0,0,0.000000,0.000000,0.000000,0,nan,0.00,0.000000,0.1509,0.2708,0.000000,-1.1095,0.58,5.36,6.51,5.33,0.145563,0.7379,1.1320,0.008000,0.067351,-0.1112,-0.142433,-0.022945,-0.009998,16.49292651485098,424.84929827672386,-249.0944688580584,90.42816038815991,-0.007382,0.014972,6626.8,5993.7,-0.165425,-0.086685,0.000000,1.9732,1.0000,,,,,
2.7480,1778843155.287590,229,4.604127,0.083448,0.019897,1.8819,0.0017,0.010916,4.566428,0.146210,0.026361,1.8650,4.616804,0.083780,0.019966,1.9530,-0.0042,0.008554,-0.387256,0.0000,4.616804,0.002131,0.012474,0.7592,0.000000,1.521698,481.7849,0,1,clay,1.0000,0.500000,0,0,0.000000,0.000000,0.000000,0,nan,0.00,0.000000,0.1499,0.2699,0.000000,-1.0913,0.56,5.35,6.48,5.28,0.146210,0.7456,1.1059,0.008000,0.112087,0.0722,-0.132910,-0.007450,-0.002826,-256.2549807819796,714.2572090328026,-244.63486626442744,85.44059473207011,-0.007892,0.013866,6632.4,5988.1,-0.175140,-0.098251,0.000000,1.9555,1.0000,,,,,
2.7600,1778843155.299820,230,4.489988,0.187661,0.024001,1.7123,-0.0456,0.011429,4.588617,0.146837,0.026500,1.8419,4.502342,0.187989,0.024068,1.9057,-0.0105,0.008236,-0.412684,0.0000,4.502342,0.000036,0.015518,0.7461,0.000000,1.530697,490.0027,0,1,clay,1.0000,0.500000,0,0,0.000000,0.000000,0.000000,0,nan,0.00,0.000000,0.1489,0.2688,0.000000,-1.0729,0.57,5.36,6.49,5.42,0.146837,0.7535,1.0959,0.008000,0.179153,-0.3221,-0.174640,-0.014647,-0.005679,-167.29830147186448,1.0573527686770774,-224.9045656368897,116.54205634030293,-0.003742,0.018064,6639.0,5981.6,-0.186569,-0.017628,0.000000,1.9085,1.0000,,,,,
2.7720,1778843155.319544,231,4.565856,0.185701,0.022947,1.8561,-0.0038,0.013963,4.610537,0.147556,0.026667,1.8206,4.578123,0.186025,0.023015,1.8955,-0.0090,0.008408,-0.428091,0.0000,4.578123,0.001498,0.019283,0.7552,0.000000,1.580430,500.1934,0,1,clay,1.0000,0.500000,0,0,0.000000,0.000000,0.000000,0,nan,0.00,0.000000,0.1480,0.2676,0.000000,-1.0539,0.55,5.43,6.54,5.80,0.147556,0.7631,1.0654,0.008000,0.032346,-0.0979,-0.148453,-0.009792,-0.002857,-24.645655041329682,443.0373031249072,-223.8687855214545,114.80182409760374,-0.004915,0.017464,6642.9,5977.7,-0.193390,-0.102148,0.000000,1.8983,1.0000,,,,,
2.7840,1778843155.325803,232,4.618904,0.168301,0.033782,1.8321,-0.0130,0.014114,4.632231,0.148293,0.026833,1.8030,4.632419,0.168804,0.033857,1.8823,-0.0091,0.008147,-0.440005,0.0000,4.632419,0.002292,0.008053,0.7602,0.000000,1.642967,508.2907,0,1,clay,1.0000,0.500000,0,0,0.000000,0.000000,0.000000,0,nan,0.00,0.000000,0.1470,0.2662,0.000000,-1.0342,0.88,5.44,7.19,5.53,0.148293,4.3537,1.0429,0.008000,0.049892,0.6762,-0.143741,-0.012549,-0.002801,-54.35947287834182,122.65867659760534,-220.23568149542555,120.17734600611902,-0.004968,0.017986,6646.3,5974.3,-0.199288,-0.107586,0.000000,1.8855,1.0000,,,,,
2.7960,1778843155.335643,233,4.660985,0.179193,0.032460,1.7730,0.0231,0.009883,4.653711,0.148955,0.026950,1.7846,4.674176,0.179704,0.032530,1.8605,-0.0038,0.007805,-0.449049,0.0000,4.674176,0.002307,-0.008497,0.7603,0.000000,1.700854,520.9884,0,1,clay,1.0000,0.500000,0,0,0.000000,0.000000,0.000000,0,nan,0.00,0.000000,0.1461,0.2646,0.000000,-1.0138,0.82,5.42,7.07,5.29,0.148955,4.3604,1.0244,0.008000,0.022913,0.1739,-0.144410,-0.008073,-0.006043,-224.05032769634045,754.9682668026503,-226.11771425619463,92.20565096733631,-0.008086,0.014031,6648.6,5971.9,-0.203414,-0.093676,0.000000,1.8637,1.0000,,,,,
2.8080,1778843155.347690,234,4.658566,0.246282,0.040129,1.7924,-0.0036,0.004477,4.674977,0.149587,0.027023,1.7666,4.671493,0.246870,0.040191,1.8467,-0.0036,0.006850,-0.458604,0.0000,4.671493,0.002328,-0.007227,0.7604,0.000000,1.733034,528.6929,0,1,clay,1.0000,0.500000,0,0,0.000000,0.000000,0.000000,0,nan,0.00,0.000000,0.1451,0.2629,0.000000,-0.9930,0.79,5.38,6.97,5.18,0.149587,4.3646,1.0062,0.008000,0.144207,0.9056,-0.147147,0.001034,-0.002530,-166.40168682579667,507.0413065420987,-220.2693386716092,83.83418253510749,-0.006940,0.012576,6651.1,5969.4,-0.207749,-0.112923,0.000000,1.8499,1.0000,,,,,
2.8200,1778843155.359676,235,4.690190,0.133775,0.035011,1.8142,0.0564,0.004827,4.696032,0.150227,0.027067,1.7493,4.702907,0.134352,0.035065,1.8398,0.0057,0.006213,-0.463907,0.0000,4.702907,0.001850,-0.023875,0.7574,0.000000,1.775870,529.8913,0,1,clay,1.0000,0.500000,0,0,0.000000,0.000000,0.000000,0,nan,0.00,0.000000,0.1442,0.2611,0.000000,-0.9717,0.76,5.38,6.91,5.38,0.150227,4.3672,0.9919,0.008000,0.100049,0.4367,-0.134694,0.010511,-0.009964,-6.937294998570735,334.47666861726077,-232.4754423126136,39.41506101138839,-0.012349,0.005123,6652.5,5968.1,-0.210122,-0.135442,0.000000,1.8430,1.0000,,,,,
2.8320,1778843155.371490,236,4.774382,0.137935,0.021537,1.7600,0.0261,-0.000477,4.716866,0.150844,0.027069,1.7309,4.786872,0.138340,0.021580,1.8236,0.0086,0.004989,-0.474490,0.0000,4.786872,-0.002476,-0.074668,0.7304,0.000000,1.845816,548.8759,0,1,clay,1.0000,0.500000,0,0,0.000000,0.000000,0.000000,0,nan,0.00,0.000000,0.1433,0.2591,0.000000,-0.9495,0.73,5.38,6.84,5.35,0.150844,4.3673,1.0005,0.008000,0.088831,-0.2736,-0.134977,0.018356,-0.005614,-51.97118845677981,762.3777641624879,-229.89776294358484,20.745348135418965,-0.012733,0.001314,6655.2,5965.4,-0.214873,-0.115896,0.000000,1.8269,1.0000,,,,,
2.8440,1778843155.383607,237,4.787982,0.169805,0.031164,1.6565,0.0608,-0.004563,4.737489,0.151361,0.027009,1.7143,4.800115,0.170355,0.031194,1.7906,0.0163,0.003535,-0.483257,0.0000,4.800115,-0.003481,-0.076479,0.7241,0.000000,1.895987,562.8885,0,1,clay,1.0000,0.500000,0,0,0.000000,0.000000,0.000000,0,nan,0.00,0.000000,0.1424,0.2569,0.000000,-0.9268,0.70,5.40,6.79,5.50,0.151361,4.3638,0.9902,0.008000,0.072890,0.1647,-0.140289,0.018951,-0.012510,-158.27207396165034,697.4978913495225,-235.47949385118022,-15.720870901768109,-0.016236,-0.006326,6657.5,5963.0,-0.218898,-0.075442,0.000000,1.7939,1.0000,,,,,
2.8560,1778843155.395596,238,4.761362,0.108614,0.027331,1.6435,0.0317,-0.007673,4.757909,0.151857,0.026915,1.6962,4.773227,0.109100,0.027347,1.7615,0.0179,0.001950,-0.488717,0.0000,4.773227,-0.001483,-0.070116,0.7366,0.000000,1.924568,568.7268,0,1,clay,1.0000,0.500000,0,0,0.000000,0.000000,0.000000,0,nan,0.00,0.000000,0.1415,0.2546,0.000000,-0.9037,0.67,5.38,6.71,5.27,0.151857,4.3584,0.9596,0.008000,0.054498,0.3730,-0.149440,0.025165,-0.009272,-63.54965627292384,230.5320516995365,-231.44516672304403,-31.027867713686405,-0.015443,-0.010097,6659.0,5961.6,-0.221424,-0.084193,0.000000,1.7648,1.0000,,,,,
2.8680,1778843155.407762,239,4.642588,0.267418,0.030638,1.7136,-0.0042,-0.009760,4.778106,0.152390,0.026818,1.6778,4.654290,0.267885,0.030641,1.7516,0.0138,0.000383,-0.489303,0.0000,4.654290,0.002387,0.000242,0.7608,0.000000,1.868087,562.6740,0,1,clay,1.0000,0.500000,0,0,0.000000,0.000000,0.000000,0,nan,0.00,0.000000,0.1406,0.2521,0.000000,-0.8813,0.65,5.41,6.71,5.59,0.152390,4.3528,0.9171,0.008000,0.089933,0.3293,-0.109567,0.017552,-0.018888,162.89736486631097,658.2262358158877,-219.13633056980345,-28.664378093119794,-0.010347,-0.009566,6659.1,5961.4,-0.221721,-0.130817,0.000000,1.7549,1.0000,,,,,
2.8800,1778843155.420602,240,4.889525,0.195055,0.021911,1.6904,0.0316,-0.010226,4.798125,0.152877,0.026713,1.6636,4.901173,0.195418,0.021902,1.7391,0.0159,-0.000886,-0.487569,0.0000,4.901173,-0.008897,-0.005488,0.6902,0.000000,1.939144,597.9187,0,1,clay,1.0000,0.500000,0,0,0.000000,0.000000,0.000000,0,nan,0.00,0.000000,0.1397,0.2495,0.000000,-0.8580,0.64,5.38,6.67,5.23,0.152877,4.3469,0.9734,0.008000,0.121978,-0.1115,-0.110280,0.026337,-0.013007,-35.086218524158966,-795.7947688410806,-219.2681274157213,-44.56222082737176,-0.010103,-0.013218,6658.6,5962.0,-0.220801,-0.139934,0.000000,1.7424,1.0000,,,,,
2.8920,1778843155.431591,241,4.743888,0.162410,0.029779,1.5743,-0.0811,-0.008297,4.817952,0.153327,0.026642,1.6454,4.755207,0.162726,0.029764,1.7066,0.0005,-0.001820,-0.485614,0.0000,4.755207,-0.000303,-0.059914,0.7439,0.000000,1.926201,585.1950,0,1,clay,1.0000,0.500000,0,0,0.000000,0.000000,0.000000,0,nan,0.00,0.000000,0.1388,0.2468,0.000000,-0.8349,0.62,5.38,6.63,5.36,0.153327,4.3428,0.9014,0.008000,0.077757,-0.2803,-0.128414,0.004977,-0.016117,-75.62622497605489,-1181.0844400511762,-192.46092806431432,-4.650562228909223,0.002368,-0.003293,6658.2,5962.4,-0.220092,-0.058137,0.000000,1.7099,1.0000,,,,,
2.9040,1778843155.443758,242,4.871672,0.164627,0.025597,1.6088,0.0436,-0.005252,4.837573,0.153807,0.026590,1.6302,4.882811,0.164936,0.025579,1.6871,0.0070,-0.002034,-0.479457,0.0000,4.882811,-0.008567,-0.029584,0.6923,0.000000,1.966645,613.8731,0,1,clay,1.0000,0.500000,0,0,0.000000,0.000000,0.000000,0,nan,0.00,0.000000,0.1380,0.2439,0.000000,-0.8113,0.61,5.38,6.60,5.38,0.153807,4.3398,0.9379,0.008000,0.024855,-0.4420,-0.125277,0.012743,-0.013028,41.393023552127886,-897.1595124810913,-204.17892779277625,-29.659303444758166,-0.002099,-0.008703,6656.6,5964.0,-0.217310,-0.073737,0.000000,1.6903,1.0000,,,,,
2.9160,1778843155.455625,243,4.893064,0.245352,0.022140,1.6104,0.0289,-0.006550,4.857026,0.154295,0.026509,1.6148,4.904055,0.245637,0.022120,1.6717,0.0100,-0.002381,-0.477178,0.0000,4.904055,-0.008906,-0.001255,0.6902,0.000000,1.982881,625.0794,0,1,clay,1.0000,0.500000,0,0,0.000000,0.000000,0.000000,0,nan,0.00,0.000000,0.1371,0.2409,0.000000,-0.7875,0.60,5.39,6.58,5.44,0.154295,4.3351,0.9246,0.008000,0.038315,-1.0735,-0.125943,0.012605,-0.017388,96.0227169113734,980.8750533090905,-208.66637238216643,-41.873612979441035,-0.003843,-0.011717,6656.1,5964.5,-0.216397,-0.096709,0.000000,1.6749,1.0000,,,,,
2.9280,1778843155.467693,244,4.856302,0.118836,0.026950,1.5409,0.0146,-0.014442,4.876301,0.154697,0.026363,1.5986,4.867152,0.119155,0.026919,1.6457,0.0102,-0.003595,-0.476667,0.0000,4.867152,-0.007969,-0.046194,0.6960,0.000000,1.981757,624.2513,0,1,clay,1.0000,0.500000,0,0,0.000000,0.000000,0.000000,0,nan,0.00,0.000000,0.1362,0.2378,0.000000,-0.7637,0.60,5.37,6.57,5.23,0.154697,-9.3915,0.9026,0.008000,0.038470,-0.5005,-0.144439,0.010130,-0.014739,-45.156122772936925,-224.03150137595148,-205.26634925401996,-50.698599239817405,-0.002162,-0.014209,6656.0,5964.6,-0.216235,-0.066422,0.000000,1.6489,1.0000,,,,,
2.9400,1778843155.479649,245,4.845154,0.256793,0.020691,1.5734,-0.0453,-0.008449,4.895440,0.155063,0.026268,1.5876,4.855843,0.256971,0.020658,1.6312,0.0014,-0.003961,-0.469543,0.0000,4.855843,-0.007389,-0.055937,0.6996,0.000000,1.960185,633.0529,0,1,clay,1.0000,0.500000,0,0,0.000000,0.000000,0.000000,0,nan,0.00,0.000000,0.1354,0.2346,0.000000,-0.7402,0.59,5.35,6.53,5.28,0.155063,-9.3970,0.8880,0.008000,0.167657,-0.0795,-0.141890,-0.006224,-0.017319,-105.04074291680422,-1803.452818321835,-192.23231393864404,-30.78673462030561,0.005196,-0.007910,6654.2,5966.4,-0.213049,-0.084671,0.000000,1.6343,1.0000,,,,,
2.9520,1778843155.491665,246,4.858043,0.188790,0.021784,1.5840,-0.0397,0.002524,4.914447,0.155492,0.026282,1.5772,4.868622,0.188945,0.021759,1.6215,-0.0048,-0.002948,-0.457533,0.0000,4.868622,-0.008036,-0.044789,0.6956,0.000000,1.946298,634.6256,0,1,clay,1.0000,0.500000,0,0,0.000000,0.000000,0.000000,0,nan,0.00,0.000000,0.1346,0.2313,0.000000,-0.7168,0.58,5.37,6.53,5.44,0.155492,-9.3962,0.8816,0.008000,0.121454,-0.5594,-0.117735,-0.016148,-0.009860,36.32148273122138,-2476.3436392580393,-188.6103259080943,-9.182991337286694,0.008461,-0.001179,6651.1,5969.5,-0.207659,-0.089716,0.000000,1.6246,1.0000,,,,,
2.9640,1778843155.503667,247,4.968775,0.160315,0.025035,1.6374,0.0225,0.003627,4.933322,0.155957,0.026339,1.5656,4.979372,0.160551,0.025019,1.6242,-0.0005,-0.001917,-0.433054,0.0000,4.979372,-0.003726,0.151579,0.7225,0.000000,1.968728,651.7118,0,1,clay,1.0000,0.500000,0,0,0.000000,0.000000,0.000000,0,nan,0.00,0.000000,0.1337,0.2279,0.000000,-0.6932,0.58,5.37,6.52,5.40,0.155957,-9.3929,0.8431,0.008000,0.048402,-0.1437,-0.085558,-0.015386,-0.009872,50.74312062938314,178.79775920707357,-204.6434402265486,-23.1529438272768,0.003446,-0.002891,6644.8,5975.7,-0.196812,-0.133088,0.000000,1.6271,1.0000,,,,,
2.9760,1778843155.518643,248,4.932894,0.137673,0.037452,1.4884,-0.0218,-0.004590,4.952054,0.156290,0.026252,1.5524,4.943309,0.138008,0.037435,1.5974,-0.0037,-0.002105,-0.427370,0.0000,4.943309,-0.007659,0.068483,0.6980,0.000000,1.969175,653.0866,0,1,clay,1.0000,0.500000,0,0,0.000000,0.000000,0.000000,0,nan,0.00,0.000000,0.1329,0.2244,0.000000,-0.6696,0.57,5.32,6.47,5.06,0.156290,-9.3979,0.8545,0.008000,0.171751,0.3881,-0.102447,-0.017715,-0.010329,-39.965475044128695,-165.32158788476954,-199.80292973007536,-17.081437122249667,0.006353,-0.000677,6643.4,5977.1,-0.194365,-0.079981,0.000000,1.6002,1.0000,,,,,
2.9880,1778843155.527660,249,5.010958,0.199484,0.021144,1.5679,-0.0285,-0.019263,4.970577,0.156465,0.026047,1.5302,5.021225,0.199595,0.021111,1.5911,-0.0073,-0.004016,-0.446161,0.0000,5.021225,0.005077,0.261656,0.7806,1.000000,2.000000,674.5258,0,1,clay,1.0000,0.500000,0,0,0.000000,0.000000,0.000000,0,nan,0.00,0.022727,0.1321,0.2207,0.012000,-0.6456,0.56,5.33,6.45,5.35,0.156465,-9.4096,0.7496,0.008000,0.064080,-0.0384,-0.096401,-0.020974,-0.008641,-120.11428216598506,258.51767121219063,-183.46998273676178,-13.785051432964735,0.012333,-0.001082,6648.2,5972.4,-0.202602,-0.158089,0.000000,1.5940,1.0000,,,,,
3.0000,1778843155.539627,250,5.033166,0.179038,0.024825,1.5069,0.0225,-0.010394,4.988787,0.156678,0.025897,1.5044,5.043302,0.179236,0.024797,1.5741,0.0002,-0.001604,-0.469956,0.0184,5.043302,0.011594,0.310956,0.8256,1.000000,2.000000,687.4090,0,1,clay,1.0000,0.500000,0,0,0.000000,0.000000,0.000000,0,nan,0.00,0.045455,0.1312,0.2170,0.024000,-0.6216,0.55,5.31,6.42,5.20,0.156678,-9.4182,0.6788,0.008000,0.107986,-0.2726,-0.080943,-0.004982,-0.011571,-282.8231246394996,-1300.6452332446188,-13.143372782775273,-24.768293266213476,0.021324,-0.005822,6654.2,5966.3,-0.213185,-0.144848,1.000000,1.5771,1.0000,,,,,
3.0120,1778843155.551716,251,5.023086,0.200362,0.028167,1.4670,0.0010,-0.011439,5.006697,0.156852,0.025783,1.4811,5.033089,0.200607,0.028143,1.5527,0.0030,0.000108,-0.480757,0.0304,5.033089,0.008432,0.289148,0.8037,1.000000,2.000000,694.5497,0,1,clay,1.0000,0.500000,0,0,0.000000,0.000000,0.000000,0,nan,0.00,0.068182,0.1304,0.2132,0.036000,-0.5976,0.56,5.30,6.43,5.25,0.156852,-9.4247,0.6774,0.008000,0.041821,0.1599,-0.083347,-0.006688,-0.008952,-391.561593189954,-968.1080865487824,28.160733610583875,-27.35339493439433,0.033764,-0.007317,6657.0,5963.6,-0.217957,-0.155244,1.000000,1.5558,1.0000,,,,,
3.0240,1778843155.563540,252,5.000312,0.186835,0.031098,1.4687,0.0356,-0.008827,5.024312,0.156948,0.025669,1.4566,5.010193,0.187165,0.031081,1.5357,0.0108,0.002244,-0.499301,0.0424,5.010193,0.002284,0.233959,0.7614,1.000000,2.000000,695.8508,0,1,clay,1.0000,0.500000,0,0,0.000000,0.000000,0.000000,0,nan,0.00,0.090909,0.1296,0.2093,0.048000,-0.5736,0.57,5.31,6.44,5.39,0.156948,-9.4313,0.6952,0.008000,0.094902,0.5280,-0.084999,-0.008918,-0.016427,-377.71260639960826,-976.0515743290591,53.8143207696408,-38.04812583913076,0.041255,-0.012336,6661.7,5958.9,-0.226139,-0.178852,1.000000,1.5390,1.0000,,,,,
3.0360,1778843155.575654,253,4.985906,0.230122,0.034423,1.3122,-0.0622,-0.009637,5.041606,0.156962,0.025531,1.4289,4.995512,0.230419,0.034412,1.4917,0.0029,0.004165,-0.513212,0.0544,4.995512,-0.000911,0.194143,0.7401,-1.000000,2.000000,712.8634,0,1,clay,1.0000,0.500000,0,0,0.000000,0.000000,0.000000,0,nan,0.00,0.068182,0.1288,0.2054,0.036000,-0.5496,0.56,5.32,6.44,5.37,0.156962,-9.4392,0.6888,0.008000,0.115536,0.4505,-0.103016,-0.038354,-0.034072,276.328845010531,-80.46177138589633,113.90572901449855,-11.31589482969872,0.062404,-0.004318,6665.2,5955.4,-0.232285,-0.121885,1.000000,1.4951,1.0000,,,,,
3.0480,1778843155.587633,254,5.050332,0.224003,0.029703,1.5118,0.0050,0.019784,5.058588,0.157317,0.025589,1.4061,5.059996,0.224288,0.029709,1.4948,0.0015,0.004027,-0.538332,0.0295,5.059996,0.017263,0.343014,0.8648,1.000000,2.000000,730.2787,0,1,clay,1.0000,0.500000,0,0,0.000000,0.000000,0.000000,0,nan,0.00,0.090909,0.1280,0.2013,0.048000,-0.5256,0.57,5.33,6.47,5.36,0.157317,-9.4359,0.5413,0.008000,0.047637,0.5409,-0.085935,-0.010160,-0.007678,1123.342291658553,424.1634988284815,40.43311307630992,11.330751199745265,0.042870,0.000243,6671.6,5949.0,-0.243398,-0.261242,-1.000000,1.4983,1.0000,,,,,
3.0600,1778843155.599606,255,5.075163,0.260843,0.030065,1.4067,0.0512,0.013707,5.075275,0.158046,0.025779,1.3837,5.084693,0.261243,0.030098,1.4771,0.0132,0.009405,-0.530153,0.0544,5.084693,0.026662,0.382647,0.9297,1.000000,2.000000,744.2476,0,1,clay,1.0000,0.500000,0,0,0.000000,0.000000,0.000000,0,nan,0.00,0.113636,0.1272,0.1972,0.060000,-0.5016,0.56,5.35,6.47,5.49,0.158046,-9.4250,0.4539,0.008000,0.082331,0.4928,-0.095223,0.005306,-0.005749,-964.3079141907838,-769.6000181391796,59.15612805066233,-4.738935566231788,0.044059,-0.003433,6669.5,5951.1,-0.239778,-0.222190,1.000000,1.4806,1.0000,,,,,
3.0720,1778843155.616800,256,5.034673,0.162101,0.028339,1.4064,-0.0474,-0.000229,5.091729,0.158571,0.025787,1.3644,5.044116,0.162442,0.028378,1.4627,0.0075,0.011402,-0.546497,0.0665,5.044116,0.011856,0.312622,0.8274,1.000000,2.000000,739.5543,0,1,clay,1.0000,0.500000,0,0,0.000000,0.000000,0.000000,0,nan,0.00,0.136364,0.1265,0.1931,0.072000,-0.4776,0.55,5.39,6.49,5.58,0.158571,-9.4245,0.5370,0.008000,0.107095,0.2012,-0.114670,-0.005985,-0.003875,-925.5948130826839,51.005811167844186,111.95983285607704,22.009742139028504,0.063093,0.003406,6673.6,5946.9,-0.246997,-0.259091,1.000000,1.4662,1.0000,,,,,
3.0840,1778843155.623586,257,5.091076,0.142305,0.031403,1.3767,0.0209,-0.005994,5.107922,0.158905,0.025701,1.3415,5.100411,0.142710,0.031444,1.4453,0.0134,0.012865,-0.552276,0.0785,5.100411,0.033183,0.403283,0.9745,1.000000,2.000000,763.9468,0,1,clay,1.0000,0.500000,0,0,0.000000,0.000000,0.000000,0,nan,0.00,0.159091,0.1257,0.1888,0.084000,-0.4536,0.53,5.44,6.51,5.74,0.158905,-9.4294,0.3670,0.008000,0.011921,-0.3336,-0.105765,0.006504,0.000804,-181.84857725287134,456.0553500022382,133.5211330199466,5.553325571751785,0.073001,-0.001387,6675.1,5945.5,-0.249552,-0.239018,1.000000,1.4489,1.0000,,,,,
3.0960,1778843155.635653,258,5.153975,0.167517,0.023247,1.2747,0.0190,-0.006985,5.123822,0.159189,0.025586,1.3170,5.163205,0.167877,0.023292,1.4115,0.0184,0.014449,-0.563238,0.0905,5.163205,0.062171,0.453141,1.1696,1.000000,2.000000,794.4850,0,1,clay,1.0000,0.500000,0,0,0.000000,0.000000,0.000000,0,nan,0.00,0.181818,0.1249,0.1845,0.096000,-0.4296,0.55,5.43,6.53,5.38,0.159189,-9.4360,0.1474,0.008000,0.043131,0.1454,-0.131253,0.004201,-0.009038,-228.59184039878903,208.702327432991,148.45538067874247,-6.32299161888497,0.083751,-0.005375,6677.9,5942.7,-0.254461,-0.192858,1.000000,1.4152,1.0000,,,,,
3.1080,1778843155.647700,259,5.173418,0.216835,0.024273,1.3080,0.0327,-0.002902,5.139436,0.159549,0.025491,1.2927,5.182501,0.217250,0.024325,1.3907,0.0246,0.016493,-0.571823,0.1025,5.182501,0.071642,0.458658,1.2315,1.000000,2.000000,813.4803,0,1,clay,1.0000,0.500000,0,0,0.000000,0.000000,0.000000,0,nan,0.00,0.204545,0.1241,0.1802,0.108000,-0.4056,0.55,5.44,6.54,5.51,0.054849,-24.2937,0.0612,0.008000,0.043521,-0.0208,-0.132615,0.008538,-0.005593,118.10995543209475,47.991162479319,157.17545070631832,-17.12735385744743,0.091894,-0.009630,6680.1,5940.5,-0.258245,-0.240360,1.000000,1.3944,1.0000,,,,,
3.1200,1778843155.659609,260,5.201149,0.014783,0.023805,1.3236,0.0332,0.004553,5.154729,0.160119,0.025490,1.2662,5.210145,0.015248,0.023871,1.3769,0.0301,0.019379,-0.586244,0.1145,5.210145,0.085321,0.458850,1.3188,1.000000,2.000000,843.8336,0,1,clay,1.0000,0.500000,0,0,0.000000,0.000000,0.000000,0,nan,0.00,0.227273,0.1234,0.1757,0.120000,-0.3816,0.54,5.46,6.55,5.55,0.055419,-24.2937,-0.0526,0.008000,0.190933,-0.2491,-0.123860,0.007821,-0.008610,825.2962911923378,-95.97976826445654,164.26879706682996,-18.87981240964018,0.098991,-0.011402,6683.7,5936.8,-0.264615,-0.259641,1.000000,1.3807,1.0000,,,,,
3.1320,1778843155.671577,261,5.181982,0.144571,0.031402,1.2308,0.0181,0.005713,5.169731,0.160862,0.025539,1.2439,5.190777,0.145132,0.031482,1.3478,0.0327,0.022113,-0.598285,0.1265,5.190777,0.075735,0.459665,1.2579,1.000000,2.000000,835.8763,0,1,clay,1.0000,0.500000,0,0,0.000000,0.000000,0.000000,0,nan,0.00,0.250000,0.1226,0.1713,0.132000,-0.3576,0.53,5.46,6.53,5.49,0.056162,-24.2910,-0.0140,0.008000,0.052122,0.0056,-0.134051,-0.022662,-0.037346,1174.7174011484124,236.10965438414058,166.7542345130484,-15.88918536241701,0.108681,-0.010589,6686.8,5933.8,-0.269928,-0.222781,1.000000,1.3517,1.0000,,,,,
3.1440,1778843155.683673,262,5.229177,0.182819,0.018909,1.2119,0.0751,0.011514,5.184464,0.161759,0.025644,1.2214,5.237830,0.183370,0.019007,1.3207,0.0433,0.025450,-0.605477,0.1385,5.237830,0.098871,0.449928,1.4020,1.000000,2.000000,869.8710,0,1,clay,1.0000,0.500000,0,0,0.000000,0.000000,0.000000,0,nan,0.00,0.272727,0.1219,0.1667,0.144000,-0.3336,0.54,5.44,6.53,5.32,0.057059,-24.2849,-0.1806,0.008000,0.100228,-0.9121,-0.115733,0.009018,-0.021758,344.6962491806222,71.35643044663999,157.92901548317315,-29.871897715521357,0.109042,-0.016805,6688.6,5931.9,-0.273124,-0.222948,1.000000,1.3247,1.0000,,,,,
3.1560,1778843155.695846,263,5.124344,0.152195,0.027292,1.1709,-0.0334,0.008534,5.198937,0.162744,0.025772,1.1995,5.132775,0.152773,0.027403,1.2908,0.0367,0.027874,-0.613757,0.1505,5.132775,0.047654,0.435249,1.0728,-1.000000,2.000000,842.1877,0,1,clay,1.0000,0.500000,0,0,0.000000,0.000000,0.000000,0,nan,0.00,0.250000,0.1211,0.1622,0.132000,-0.3096,0.55,5.44,6.53,5.45,0.058044,-24.2776,0.1267,0.008000,0.114981,-0.1616,-0.146053,0.005455,-0.012358,87.12010415432738,-1.1226028012973757,162.1526096283231,-7.31514574506383,0.128022,-0.006689,6690.7,5929.9,-0.276764,-0.213900,1.000000,1.2949,1.0000,,,,,
3.1680,1778843155.715638,264,5.239335,0.180264,0.026238,1.2204,0.0560,0.024183,5.213142,0.163885,0.025960,1.1770,5.247655,0.180878,0.026357,1.2764,0.0391,0.026605,-0.620317,0.1255,5.247655,0.103585,0.444531,1.4301,1.000000,2.000000,892.7220,0,1,clay,1.0000,0.500000,0,0,0.000000,0.000000,0.000000,0,nan,0.00,0.272727,0.1204,0.1575,0.144000,-0.2856,0.54,5.47,6.55,5.64,0.059185,-24.2668,-0.2530,0.008000,0.088527,-0.2751,-0.143608,0.008869,-0.006502,1489.2267482438601,132.9682723118338,116.85514830960014,-9.472283553507424,0.104687,-0.007673,6692.4,5928.2,-0.279649,-0.253483,-1.000000,1.2805,1.0000,,,,,
3.1800,1778843155.721780,265,5.281391,0.215710,0.014860,1.1805,0.0931,0.034902,5.227081,0.165352,0.026317,1.1556,5.290351,0.216447,0.015035,1.2567,0.0535,0.034081,-0.610631,0.1511,5.290351,0.123254,0.419645,1.5409,-1.000000,2.000000,917.3086,0,1,clay,1.0000,0.500000,0,0,0.000000,0.000000,0.000000,0,nan,0.00,0.250000,0.1197,0.1529,0.132000,-0.2616,0.83,5.47,7.13,5.48,0.060652,-24.2464,-0.3853,0.008000,0.102332,-0.8399,-0.146859,0.025393,-0.005326,1510.9713341446543,156.64518026139996,126.29520355412117,-21.356431259077297,0.098837,-0.011420,6690.2,5930.4,-0.275908,-0.240214,1.000000,1.2611,1.0000,,,,,
3.1920,1778843155.731809,266,5.208223,0.203693,0.027824,1.2195,0.1161,0.034244,5.240737,0.166985,0.026742,1.1329,5.217002,0.204626,0.028005,1.2487,0.0605,0.032407,-0.613693,0.1250,5.217002,0.088704,0.457495,1.3399,1.000000,2.000000,891.5135,0,1,clay,1.0000,0.500000,0,0,0.000000,0.000000,0.000000,0,nan,0.00,0.272727,0.1189,0.1482,0.144000,-0.2376,0.78,5.45,7.01,5.29,0.062285,-24.2220,-0.2070,0.008000,0.064421,-0.2811,-0.136971,0.039342,0.001886,482.22191088723986,-123.3111737984637,71.10583169686247,-34.42519895104722,0.069039,-0.018165,6690.9,5929.6,-0.277181,-0.247240,-1.000000,1.2531,1.0000,,,,,
3.2040,1778843155.743804,267,5.227125,0.129032,0.033874,1.0757,-0.0266,0.038182,5.254120,0.168680,0.027171,1.1098,5.235551,0.129966,0.034083,1.2143,0.0529,0.037382,-0.629258,0.1509,5.235551,0.097769,0.451011,1.3954,1.000000,2.000000,914.3868,0,1,clay,1.0000,0.500000,0,0,0.000000,0.000000,0.000000,0,nan,0.00,0.295455,0.1182,0.1434,0.156000,-0.2136,0.75,5.41,6.91,5.19,0.063980,-24.1974,-0.2856,0.008000,0.089922,0.5235,-0.136378,-0.008618,-0.027949,833.2813407723447,-127.74974447655052,104.06320217600083,4.385399424429664,0.086352,-0.000479,6694.8,5925.7,-0.283976,-0.133348,1.000000,1.2188,1.0000,,,,,
3.2160,1778843155.755550,268,5.261110,0.254953,0.028721,1.0397,0.1129,0.037457,5.267276,0.170320,0.027559,1.0935,5.269187,0.255950,0.028949,1.1797,0.0648,0.040609,-0.628818,0.1629,5.269187,0.113665,0.431335,1.4881,1.000000,2.000000,943.8930,0,1,clay,1.0000,0.500000,0,0,0.000000,0.000000,0.000000,0,nan,0.00,0.318182,0.1175,0.1386,0.168000,-0.1896,0.72,5.40,6.85,5.36,0.065620,-24.1752,-0.3947,0.008000,0.067007,0.1574,-0.149384,0.036391,0.014121,-1306.8249474737802,-725.7611093338946,87.78537499848655,-18.19328837647778,0.080041,-0.008383,6694.7,5925.9,-0.283700,-0.121035,1.000000,1.1841,1.0000,,,,,
3.2280,1778843155.767663,269,5.333713,0.132158,0.029687,1.0353,0.1289,0.021935,5.280219,0.171731,0.027854,1.0724,5.341535,0.133250,0.029919,1.1510,0.0769,0.042135,-0.631729,0.1748,5.341535,0.145359,0.397067,1.6532,1.000000,2.000000,989.2016,0,1,clay,1.0000,0.500000,0,0,0.000000,0.000000,0.000000,0,nan,0.00,0.340909,0.1168,0.1338,0.180000,-0.1656,0.70,5.38,6.79,5.28,0.067031,-24.1583,-0.5808,0.008000,0.108416,0.2222,-0.162944,0.030235,-0.007210,-1485.633247730228,-585.1860501135279,78.87265061261904,-43.48677080293969,0.077895,-0.022235,6695.4,5925.2,-0.284944,-0.128423,1.000000,1.1553,1.0000,,,,,
3.2400,1778843155.779676,270,5.360558,0.198084,0.025277,1.1145,-0.0006,0.022870,5.292893,0.173064,0.028136,1.0494,5.368256,0.199071,0.025511,1.1430,0.0698,0.043734,-0.642550,0.1867,5.368256,0.156426,0.388611,1.7048,1.000000,2.000000,1003.0769,0,1,clay,1.0000,0.500000,0,0,0.000000,0.000000,0.000000,0,nan,0.00,0.363636,0.1161,0.1290,0.192000,-0.1416,0.68,5.38,6.74,5.39,0.068364,-24.1421,-0.6555,0.008000,0.054810,-0.4822,-0.140550,0.017355,-0.006880,-402.4826762487309,-235.11366093317497,94.03180168170204,-25.132370612569673,0.100751,-0.011370,6698.1,5922.5,-0.289663,-0.174362,1.000000,1.1474,1.0000,,,,,
3.2520,1778843155.791714,271,5.348488,0.156295,0.028119,0.9797,0.0703,0.027948,5.305297,0.174437,0.028465,1.0275,5.355946,0.157335,0.028363,1.1106,0.0736,0.045670,-0.642138,0.1987,5.355946,0.151360,0.392216,1.6815,1.000000,2.000000,1015.1916,0,1,clay,1.0000,0.500000,0,0,0.000000,0.000000,0.000000,0,nan,0.00,0.386364,0.1154,0.1241,0.204000,-0.1176,0.67,5.38,6.73,5.39,0.069737,-24.1233,-0.6540,0.008000,0.043550,0.3762,-0.145166,0.017392,-0.001807,-422.0440130688497,-447.89873021753857,83.65152072090869,-31.648653207536498,0.106374,-0.013343,6698.0,5922.6,-0.289467,-0.061338,1.000000,1.1149,1.0000,,,,,
3.2640,1778843155.803701,272,5.314179,0.132524,0.035593,0.9924,0.0434,0.027683,5.317450,0.175814,0.028800,1.0076,5.321457,0.133619,0.035846,1.0868,0.0735,0.047535,-0.647659,0.2107,5.321457,0.136849,0.404941,1.6114,-0.561503,2.000000,1006.9400,0,1,clay,1.0000,0.500000,0,0,0.000000,0.000000,0.000000,0,nan,0.00,0.373602,0.1147,0.1181,0.197262,-0.0936,0.67,5.40,6.73,5.48,0.071114,-24.1041,-0.6038,0.008000,0.061494,0.3096,-0.138253,0.006433,-0.019926,-796.5614845653681,-101.98789880243515,76.6414504306465,-27.870015409118793,0.117963,-0.010304,6699.4,5921.2,-0.291895,-0.066984,1.000000,1.0912,1.0000,,,,,
3.2760,1778843155.816675,273,5.304988,0.261837,0.019153,1.0285,-0.0177,0.025274,5.329390,0.177222,0.029150,0.9894,5.312180,0.262710,0.019397,1.0748,0.0616,0.044995,-0.635426,0.1935,5.312180,0.132851,0.409012,1.5912,1.000000,2.000000,1009.9722,0,1,clay,1.0000,0.500000,0,0,0.000000,0.000000,0.000000,0,nan,0.00,0.396329,0.1142,0.1124,0.209262,-0.0696,0.65,5.35,6.64,5.08,0.072522,-24.0841,-0.6018,0.008000,0.098636,-0.5652,-0.135301,0.004908,-0.001743,507.81919490566713,648.2999975418011,-27.111822335499568,-4.400130432044861,0.123011,0.002517,6696.3,5924.3,-0.286474,-0.087847,-0.561503,1.0791,1.0000,,,,,
3.2880,1778843155.827728,274,5.391501,0.198920,0.026563,0.9893,0.0830,0.042790,5.341096,0.178877,0.029630,0.9719,5.398513,0.199929,0.026830,1.0574,0.0699,0.049252,-0.637524,0.2159,5.398513,0.168687,0.381883,1.7588,1.000000,2.000000,1056.2445,0,1,clay,1.0000,0.500000,0,0,0.000000,0.000000,0.000000,0,nan,0.00,0.419057,0.1138,0.1071,0.221262,-0.0456,0.65,5.36,6.66,5.44,0.074177,-24.0565,-0.7868,0.008000,0.038814,0.4653,-0.133979,-0.012185,-0.019369,520.4325152051629,415.25889659733025,60.60042910547013,-11.54203678857668,0.120960,0.000260,6696.8,5923.8,-0.287355,-0.064610,1.000000,1.0617,1.0000,,,,,
3.3000,1778843155.839680,275,5.399184,0.135062,0.027110,0.9456,-0.0219,0.042731,5.352613,0.180622,0.030132,0.9575,5.406046,0.136030,0.027394,1.0350,0.0624,0.051887,-0.638006,0.2279,5.406046,0.171706,0.380684,1.7716,-1.000000,2.000000,1072.5302,0,1,clay,1.0000,0.500000,0,0,0.000000,0.000000,0.000000,0,nan,0.00,0.396329,0.1134,0.1019,0.209262,-0.0216,0.64,5.34,6.61,5.20,0.075922,-24.0278,-0.8141,0.008000,0.102085,-0.2370,-0.148120,-0.019933,-0.001269,-40.30749021409793,-665.5553644713023,48.029071280802356,34.69517651128736,0.139897,0.017887,6696.9,5923.7,-0.287566,-0.015463,1.000000,1.0392,1.0000,,,,,
3.3120,1778843155.851547,276,5.411446,0.130707,0.032533,0.8649,0.0158,0.041975,5.363977,0.182358,0.030637,0.9459,5.418019,0.131658,0.032811,1.0014,0.0560,0.048707,-0.614347,0.2027,5.418019,0.176487,0.379172,1.7916,1.000000,2.000000,1089.6084,0,1,clay,1.0000,0.500000,0,0,0.000000,0.000000,0.000000,0,nan,0.00,0.419057,0.1131,0.0970,0.221262,0.0024,0.62,5.35,6.59,5.42,0.077658,-23.9989,-0.8457,0.008000,0.056827,-0.3030,-0.145922,-0.022470,-0.010648,912.8624594480873,-781.131220816066,-2.7045930176292927,51.014825262246745,0.125579,0.025674,6690.9,5929.7,-0.277066,0.048141,-1.000000,1.0055,1.0000,,,,,
3.3240,1778843155.863650,277,5.361297,0.095098,0.026567,0.9268,0.0832,0.052385,5.375161,0.184322,0.031255,0.9309,5.367750,0.096107,0.026869,0.9864,0.0656,0.053236,-0.585610,0.2278,5.367750,0.156219,0.388749,1.7039,1.000000,2.000000,1062.9100,0,1,clay,1.0000,0.500000,0,0,0.000000,0.000000,0.000000,0,nan,0.00,0.441784,0.1130,0.0924,0.233262,0.0264,0.60,5.36,6.57,5.44,-0.024778,-19.9973,-0.7729,0.008000,0.179056,-0.3692,-0.126594,-0.023482,-0.009560,501.11057141922197,1149.197431331165,14.629047978113888,31.857659816586818,0.120351,0.022262,6683.6,5937.0,-0.264356,-0.004746,1.000000,0.9903,1.0000,,,,,
3.3360,1778843155.875575,278,5.400502,0.232596,0.029709,0.9325,0.0205,0.049577,5.386196,0.186245,0.031811,0.9200,5.406855,0.233632,0.030027,0.9754,0.0648,0.055872,-0.562435,0.2398,5.406855,0.172030,0.380567,1.7730,1.000000,2.000000,1075.8324,0,1,clay,1.0000,0.500000,0,0,0.000000,0.000000,0.000000,0,nan,0.00,0.464511,0.1129,0.0879,0.245262,0.0504,0.58,5.36,6.53,5.36,-0.022855,-19.9655,-0.8530,0.008000,0.098684,-0.2535,-0.108695,-0.035662,-0.004964,-1130.260271468929,-14.046796363187468,0.6467873349317159,56.37936092904849,0.131365,0.030851,6677.7,5942.9,-0.254102,-0.022088,1.000000,0.9791,1.0000,,,,,
3.3480,1778843155.887697,279,5.392695,0.241185,0.034041,0.8701,-0.0484,0.039475,5.397142,0.188011,0.032273,0.9145,5.398921,0.242170,0.034364,0.9544,0.0556,0.057025,-0.536082,0.2518,5.398921,0.168850,0.381813,1.7595,1.000000,2.000000,1069.9094,0,1,clay,1.0000,0.500000,0,0,0.000000,0.000000,0.000000,0,nan,0.00,0.487239,0.1129,0.0837,0.257262,0.0744,0.59,5.36,6.54,5.34,-0.021089,-19.9390,-0.8450,0.008000,0.092961,0.2381,-0.120780,-0.059804,-0.022847,-673.5588003373405,-444.8694659524099,-20.318847278005464,114.27922570270295,0.158276,0.048802,6671.0,5949.5,-0.242477,-0.024832,1.000000,0.9580,1.0000,,,,,
3.3600,1778843155.899678,280,5.411630,0.176686,0.037322,0.8747,0.0545,0.037255,5.407997,0.189738,0.032727,0.9053,5.417748,0.177736,0.037649,0.9384,0.0616,0.058345,-0.517873,0.2638,5.417748,0.176379,0.379201,1.7912,1.000000,2.000000,1079.6976,0,1,clay,1.0000,0.500000,0,0,0.000000,0.000000,0.000000,0,nan,0.00,0.509966,0.1129,0.0797,0.269262,0.0984,0.59,5.34,6.52,5.20,-0.019362,-19.9130,-0.8859,0.008000,0.054942,0.2516,-0.104499,-0.034655,0.000528,-508.0862790657637,-266.399594798351,-31.895041340689218,83.36766695975477,0.162623,0.041925,6666.4,5954.1,-0.234440,-0.007646,1.000000,0.9419,1.0000,,,,,
3.3720,1778843155.916269,281,5.442514,0.258111,0.031901,0.9036,0.0643,0.036259,5.418728,0.191474,0.033185,0.8943,5.448543,0.259168,0.032230,0.9311,0.0680,0.059767,-0.504488,0.2758,5.448543,0.188611,0.377511,1.8408,1.000000,2.000000,1094.8134,0,1,clay,1.0000,0.500000,0,0,0.000000,0.000000,0.000000,0,nan,0.00,0.532693,0.1162,0.0759,0.281262,0.1224,0.58,5.33,6.49,5.32,-0.017626,-19.8868,-0.9465,0.008000,0.106493,-0.4984,-0.087588,-0.039530,-0.015755,-683.3573765284906,-883.0160358888122,-36.55950736739703,50.244874645465515,0.167171,0.033594,6663.0,5957.5,-0.228487,-0.036651,1.000000,0.9345,1.0000,,,,,
3.3840,1778843155.923670,282,5.453311,0.200429,0.032980,0.9068,0.1303,0.041186,5.429339,0.193271,0.033668,0.8848,5.459279,0.201606,0.033317,0.9259,0.0819,0.061896,-0.482082,0.2877,5.459279,0.192869,0.377678,1.8577,1.000000,2.000000,1097.2905,0,1,clay,1.0000,0.500000,0,0,0.000000,0.000000,0.000000,0,nan,0.00,0.555420,0.1199,0.0722,0.293262,0.1464,0.57,5.31,6.45,5.17,-0.015829,-19.8591,-0.9728,0.008000,0.084853,0.5204,-0.082122,-0.007837,-0.009921,797.3160321521837,925.909230024524,-39.246326297026094,-14.038033683557003,0.157989,0.014782,6657.3,5963.2,-0.218573,-0.047025,1.000000,0.9291,1.0000,,,,,
3.3960,1778843155.935628,283,5.419104,0.211115,0.037106,0.8589,0.0646,0.041062,5.439858,0.195040,0.034126,0.8796,5.424949,0.212336,0.037448,0.9124,0.0849,0.063454,-0.473209,0.2997,5.424949,0.179246,0.378518,1.8030,-0.762932,2.000000,1078.6192,0,1,clay,1.0000,0.500000,0,0,0.000000,0.000000,0.000000,0,nan,0.00,0.538081,0.1242,0.0688,0.284107,0.1704,0.57,5.31,6.44,5.30,-0.014060,-19.8328,-0.9234,0.008000,0.084965,0.3066,-0.078152,-0.019113,-0.020275,-859.3830687248808,730.3541005562124,-46.43129062138402,-20.56088857281088,0.165079,0.013276,6655.1,5965.5,-0.214627,-0.001520,1.000000,0.9155,1.0000,,,,,
3.4080,1778843155.947663,284,5.468768,0.192925,0.028967,0.9303,0.0525,0.044672,5.450305,0.196809,0.034610,0.8715,5.474627,0.194082,0.029306,0.9154,0.0820,0.061501,-0.462088,0.2792,5.474627,0.198964,0.378595,1.8815,1.000000,2.000000,1105.0191,0,1,clay,1.0000,0.500000,0,0,0.000000,0.000000,0.000000,0,nan,0.00,0.560808,0.1290,0.0655,0.296107,0.1944,0.56,5.30,6.42,5.26,-0.012291,-19.8051,-1.0100,0.008000,0.056495,-0.2072,-0.052781,-0.017176,-0.026525,601.8360725829141,-383.17907327840817,-123.16823863551957,-15.0808776716907,0.155148,0.015702,6652.2,5968.3,-0.209703,-0.086873,-0.762932,0.9184,1.0000,,,,,
3.4200,1778843155.959860,285,5.395292,0.181275,0.035891,0.9150,0.1782,0.047744,5.460620,0.198814,0.035181,0.8612,5.401150,0.182636,0.036247,0.9148,0.1007,0.065359,-0.444809,0.3025,5.401150,0.169745,0.381441,1.7633,-1.000000,2.000000,1061.8386,0,1,clay,1.0000,0.500000,0,0,0.000000,0.000000,0.000000,0,nan,0.00,0.538081,0.1342,0.0623,0.284107,0.2184,0.57,5.28,6.42,5.14,-0.010286,-19.7724,-0.9021,0.008000,0.126741,-0.1026,-0.022260,0.025962,-0.006303,1472.0340622260126,266.28048028282353,-43.5618583958735,-55.802176348866176,0.139130,-0.007703,6647.9,5972.7,-0.202089,-0.065586,1.000000,0.9177,1.0000,,,,,
3.4320,1778843155.971460,286,5.412949,0.169501,0.038986,0.9062,0.1120,0.058048,5.470799,0.201104,0.035865,0.8508,5.418742,0.170899,0.039343,0.9126,0.1016,0.063612,-0.441399,0.2777,5.418742,0.176775,0.379096,1.7928,1.000000,2.000000,1070.7974,0,1,clay,1.0000,0.500000,0,0,0.000000,0.000000,0.000000,0,nan,0.00,0.560808,0.1398,0.0593,0.296107,0.2424,0.56,5.26,6.38,5.16,-0.007996,-19.7332,-0.9420,0.008000,0.076840,0.3892,-0.012350,0.026463,-0.004521,1712.4579741782522,28.488719593079736,-48.646395897497456,-56.62627425442666,0.114558,-0.008940,6647.0,5973.6,-0.200540,-0.073899,-1.000000,0.9155,1.0000,,,,,
3.4440,1778843155.983624,287,5.536592,0.228198,0.034400,0.8459,0.0356,0.066889,5.480851,0.203630,0.036650,0.8426,5.542283,0.229559,0.034781,0.8992,0.0980,0.067780,-0.427911,0.3025,5.542283,0.226244,0.388256,1.9866,1.000000,2.000000,1135.5024,0,1,clay,1.0000,0.500000,0,0,0.000000,0.000000,0.000000,0,nan,0.00,0.583536,0.1459,0.0565,0.308107,0.2664,0.55,5.26,6.37,5.26,-0.005470,-19.6882,-1.1440,0.008000,0.040417,-0.0696,-0.017116,0.009505,-0.012340,525.9980527173594,-457.2241464213777,-49.91934090890321,-35.3511997332522,0.127122,0.009583,6643.6,5977.0,-0.194562,0.006391,1.000000,0.9020,1.0000,,,,,
3.4560,1778843155.995616,288,5.428739,0.254319,0.038376,0.8908,0.1763,0.060943,5.490872,0.206126,0.037339,0.8422,5.434402,0.255836,0.038774,0.8973,0.1127,0.070834,-0.391889,0.3145,5.434402,0.183001,0.377888,1.8183,0.206527,2.000000,1075.3146,0,1,clay,1.0000,0.500000,0,0,0.000000,0.000000,0.000000,0,nan,0.00,0.588229,0.1524,0.0538,0.310585,0.2904,0.55,5.27,6.37,5.31,-0.002974,-19.6487,-0.9761,0.008000,0.065323,-0.0969,-0.000989,0.039426,-0.008671,-1466.6252841341773,-761.8366294009055,-45.98425813781076,-56.281629894572944,0.113861,-0.007772,6634.4,5986.1,-0.178653,-0.063343,1.000000,0.8998,1.0000,,,,,
3.4680,1778843156.013069,289,5.479040,0.128222,0.038439,0.8351,0.1263,0.048629,5.500855,0.208469,0.037933,0.8368,5.484614,0.129759,0.038833,0.8849,0.1160,0.070125,-0.367237,0.3119,5.484614,0.202943,0.379621,1.8970,1.000000,2.000000,1099.5386,0,1,clay,1.0000,0.500000,0,0,0.000000,0.000000,0.000000,0,nan,0.00,0.610957,0.1592,0.0512,0.322585,0.3144,0.54,5.27,6.35,5.26,-0.000631,-19.6147,-1.0602,0.008000,0.075566,-0.2890,0.000672,0.041857,-0.008086,-922.181695824044,139.64104555308217,-209.03711388580265,-50.631115144985664,0.108070,-0.015771,6628.2,5992.4,-0.167759,-0.015311,0.206527,0.8873,1.0000,,,,,
3.4800,1778843156.019578,290,5.542867,0.149053,0.031548,0.7767,0.0364,0.049964,5.510763,0.210840,0.038558,0.8298,5.548287,0.150483,0.031943,0.8637,0.1094,0.071187,-0.346143,0.3289,5.548287,0.228702,0.389028,1.9960,1.000000,2.000000,1134.8394,0,1,clay,1.0000,0.500000,0,0,0.000000,0.000000,0.000000,0,nan,0.00,0.633684,0.1665,0.0487,0.334585,0.3384,0.53,5.24,6.30,5.12,0.001740,-19.5789,-1.1662,0.008000,0.129489,-0.3815,-0.014802,0.023228,-0.010089,1174.394953407715,-0.6438351478755635,-52.66152033596978,-53.78069627681115,0.129408,-0.002089,6622.8,5997.7,-0.158414,0.048549,1.000000,0.8659,1.0000,,,,,
3.4920,1778843156.031620,291,5.519264,0.230621,0.042847,0.7669,0.0772,0.058225,5.520567,0.213352,0.039244,0.8230,5.524519,0.232107,0.043249,0.8446,0.1091,0.072691,-0.328541,0.3409,5.524519,0.219003,0.385774,1.9589,0.626396,2.000000,1119.0685,0,1,clay,1.0000,0.500000,0,0,0.000000,0.000000,0.000000,0,nan,0.00,0.647920,0.1741,0.0464,0.342102,0.3624,0.52,5.24,6.28,5.22,0.004252,-19.5396,-1.1358,0.008000,0.032904,0.1914,-0.030996,0.007524,-0.011464,177.18705266619142,53.18153994451467,-52.24539575661016,-50.88895143420127,0.137027,0.003379,6618.3,6002.2,-0.150612,0.063670,1.000000,0.8467,1.0000,,,,,
3.5040,1778843156.043720,292,5.570896,0.208962,0.038247,0.8217,0.1800,0.053502,5.530312,0.215848,0.039892,0.8174,5.576132,0.210529,0.038655,0.8399,0.1215,0.073858,-0.310029,0.3460,5.576132,0.240170,0.392167,2.0397,1.000000,2.000000,1144.4874,0,1,clay,1.0000,0.500000,0,0,0.000000,0.000000,0.000000,0,nan,0.00,0.670647,0.1820,0.0442,0.354102,0.3864,0.53,5.25,6.30,5.29,0.006748,-19.5025,-1.2223,0.008000,0.060995,-0.3178,-0.023206,0.020157,-0.016012,494.8063494517836,733.8276761621504,-60.096847589887204,-36.933706122042466,0.122377,-0.017619,6613.7,6006.9,-0.142447,-0.009028,0.626396,0.8419,1.0000,,,,,
3.5160,1778843156.055751,293,5.540149,0.178642,0.032083,0.7968,0.1007,0.055015,5.539981,0.218380,0.040541,0.8123,5.545386,0.180204,0.032504,0.8313,0.1229,0.075796,-0.290587,0.3605,5.545386,0.227514,0.388659,1.9915,1.000000,2.000000,1129.1556,0,1,clay,1.0000,0.500000,0,0,0.000000,0.000000,0.000000,0,nan,0.00,0.693375,0.1903,0.0420,0.366102,0.4104,0.55,5.24,6.34,5.18,0.009280,-19.4653,-1.1792,0.008000,0.044258,-0.1932,-0.035974,0.024713,-0.010540,-1395.9818764868057,-944.4353908779648,-43.17604714446844,-34.60845996212244,0.132076,-0.015914,6608.8,6011.8,-0.133912,0.019475,1.000000,0.8332,1.0000,,,,,
3.5280,1778843156.067812,294,5.537400,0.317025,0.050345,0.8629,0.1524,0.059756,5.549564,0.220927,0.041225,0.8034,5.542631,0.318759,0.050778,0.8372,0.1311,0.078581,-0.270162,0.3724,5.542631,0.226386,0.388302,1.9872,-1.000000,2.000000,1123.7266,0,1,clay,1.0000,0.500000,0,0,0.000000,0.000000,0.000000,0,nan,0.00,0.670647,0.1989,0.0400,0.354102,0.4344,0.55,5.24,6.34,5.27,0.011827,-19.4261,-1.1838,0.008000,0.119632,0.4333,-0.031394,0.013144,-0.017143,428.04447702302343,-368.84069338721815,-26.10080357033901,-14.745508137369455,0.132522,-0.024336,6603.6,6017.0,-0.124884,-0.068996,1.000000,0.8389,1.0000,,,,,
3.5400,1778843156.079636,295,5.607692,0.244580,0.044639,0.8069,0.1376,0.064866,5.559047,0.223693,0.042008,0.7958,5.612894,0.246295,0.045071,0.8311,0.1308,0.076308,-0.255561,0.3478,5.612894,0.255444,0.395208,2.0972,0.827848,2.000000,1156.2816,0,1,clay,1.0000,0.500000,0,0,0.000000,0.000000,0.000000,0,nan,0.00,0.689462,0.2078,0.0381,0.364036,0.4584,0.55,5.22,6.32,5.10,0.014593,-19.3812,-1.3014,0.008000,0.110420,-0.0611,-0.035735,0.020165,-0.009676,1869.514031416124,691.9133267022567,-28.85834428231064,-7.053361095009706,0.109782,-0.025989,6599.9,6020.7,-0.118438,-0.026536,-1.000000,0.8327,1.0000,,,,,
3.5520,1778843156.091579,296,5.511855,0.227367,0.037448,0.7621,0.0608,0.069988,5.568412,0.226663,0.042874,0.7885,5.516948,0.229002,0.037892,0.8175,0.1257,0.078929,-0.249804,0.3692,5.516948,0.215933,0.384626,1.9471,1.000000,2.000000,1110.1857,0,1,clay,1.0000,0.500000,0,0,0.000000,0.000000,0.000000,0,nan,0.00,0.712189,0.2169,0.0363,0.376036,0.4824,0.54,5.21,6.29,5.17,0.017563,-19.3316,-1.1586,0.008000,0.122364,-0.2355,-0.037386,0.013827,-0.009668,1622.7977004326642,537.9241385803286,3.037331862702615,-36.682965609823334,0.123657,-0.007417,6598.4,6022.2,-0.115857,0.047369,0.827848,0.8191,1.0000,,,,,
3.5640,1778843156.111696,297,5.576127,0.134984,0.038802,0.7713,0.1182,0.075627,5.577720,0.229767,0.043728,0.7861,5.581141,0.136664,0.039262,0.8084,0.1287,0.081661,-0.229317,0.3823,5.581141,0.242243,0.392655,2.0475,1.000000,2.000000,1143.0732,0,1,clay,1.0000,0.500000,0,0,0.000000,0.000000,0.000000,0,nan,0.00,0.734917,0.2264,0.0345,0.388036,0.5064,0.53,5.26,6.32,5.53,0.020667,-19.2827,-1.2614,0.008000,0.156124,-0.4043,-0.048285,0.001271,-0.010398,-487.45396309511824,1343.3394768054363,-21.989214404144278,-35.782721858422995,0.124515,-0.003398,6593.2,6027.3,-0.106792,0.027869,1.000000,0.8098,1.0000,,,,,
3.5760,1778843156.117667,298,5.635133,0.237689,0.045763,0.7430,0.0945,0.065076,5.587027,0.232813,0.044528,0.7841,5.640545,0.239588,0.046283,0.7955,0.1299,0.084123,-0.192974,0.3949,5.640545,0.267005,0.396672,2.1403,1.000000,2.000000,1167.2942,0,1,clay,1.0000,0.500000,0,0,0.000000,0.000000,0.000000,0,nan,0.00,0.757644,0.2361,0.0329,0.400036,0.5304,0.82,5.29,6.93,5.45,0.023713,-19.2368,-1.3561,0.008000,0.103171,-0.0047,-0.051331,-0.003128,-0.006994,-33.34552144939116,-408.9343175416658,15.112877199609414,-28.466576253585473,0.134867,0.001278,6584.3,6036.2,-0.091298,0.054466,1.000000,0.7969,1.0000,,,,,
3.5880,1778843156.127969,299,5.614013,0.262901,0.042706,0.7940,0.1192,0.063884,5.596269,0.235853,0.045309,0.7799,5.619407,0.264812,0.043233,0.7951,0.1334,0.086066,-0.168182,0.4069,5.619407,0.258163,0.395616,2.1074,0.365425,2.000000,1154.5842,0,1,clay,1.0000,0.500000,0,0,0.000000,0.000000,0.000000,0,nan,0.00,0.765949,0.2461,0.0313,0.404421,0.5544,0.79,5.30,6.89,5.35,0.026753,-19.1921,-1.3275,0.008000,0.089604,0.2088,-0.032726,0.004581,-0.009040,-204.56785052212257,-148.15018238467496,57.0119504255284,-17.928369085909637,0.143319,-0.001415,6578.0,6042.5,-0.080331,-0.004060,1.000000,0.7963,1.0000,,,,,
3.6000,1778843156.139639,300,5.673656,0.226990,0.046311,0.7595,0.1441,0.064090,5.605515,0.238842,0.046063,0.7813,5.678949,0.228940,0.046835,0.7882,0.1373,0.086060,-0.138314,0.4069,5.678949,0.283116,0.397540,2.1993,1.000000,2.000000,1180.6808,0,1,clay,1.0000,0.500000,0,0,0.000000,0.000000,0.000000,0,nan,0.00,0.788676,0.2563,0.0298,0.416421,0.5784,0.76,5.29,6.81,5.26,0.029742,-19.1489,-1.4181,0.008000,0.072764,-0.2410,-0.022576,0.010759,-0.011316,-177.00733739065583,-944.0012932899706,21.93992555939799,4.344069473711741,0.136993,-0.009631,6570.4,6050.1,-0.067093,0.001643,0.365425,0.7892,1.0000,,,,,
3.6120,1778843156.151659,301,5.639011,0.210144,0.051101,0.7760,0.0630,0.073409,5.614681,0.241976,0.046931,0.7719,5.644226,0.212074,0.051634,0.7857,0.1334,0.088522,-0.135419,0.4232,5.644226,0.268546,0.396814,2.1460,1.000000,2.000000,1162.8035,0,1,clay,1.0000,0.500000,0,0,0.000000,0.000000,0.000000,0,nan,0.00,0.811404,0.2668,0.0284,0.428421,0.6024,0.73,5.32,6.78,5.46,0.032876,-19.0992,-1.3740,0.008000,0.034119,0.2899,-0.022253,-0.009322,-0.008242,-493.95560555905536,-287.90306881909885,122.89966668302327,-10.69155517413806,0.156481,0.007567,6569.7,6050.9,-0.065754,0.004205,1.000000,0.7867,1.0000,,,,,
3.6240,1778843156.163720,302,5.578721,0.208797,0.046397,0.6746,0.0708,0.074711,5.623749,0.245184,0.047818,0.7656,5.583790,0.210675,0.046937,0.7642,0.1301,0.089488,-0.112846,0.4352,5.583790,0.243340,0.392904,2.0517,0.961934,2.000000,1134.0790,0,1,clay,1.0000,0.500000,0,0,0.000000,0.000000,0.000000,0,nan,0.00,0.833266,0.2774,0.0270,0.439964,0.6264,0.71,5.33,6.75,5.38,0.036084,-19.0484,-1.2860,0.008000,0.048972,0.3617,-0.037265,-0.019221,-0.010061,-448.6804014600539,-134.60630510305714,166.61001570121564,6.960644156342539,0.166017,0.020654,6564.0,6056.6,-0.055775,0.127370,1.000000,0.7650,1.0000,,,,,
3.6360,1778843156.175709,303,5.534695,0.247376,0.049096,0.8156,0.1244,0.076511,5.632771,0.248493,0.048730,0.7648,5.539799,0.249325,0.049651,0.7741,0.1356,0.092613,-0.091732,0.4464,5.539799,0.225228,0.387927,1.9827,-1.000000,1.988131,1108.8809,0,1,clay,1.0000,0.500000,0,0,0.000000,0.000000,0.000000,0,nan,0.00,0.810539,0.2883,0.0257,0.427964,0.6503,0.69,5.30,6.68,5.15,-0.064407,-19.8972,-1.2179,0.008000,0.135604,-0.5466,-0.035399,-0.018838,-0.007271,91.67555962387269,130.9085700864971,229.82385910986696,12.89049888649727,0.171228,0.018035,6558.6,6062.0,-0.046426,-0.052175,0.961934,0.7748,1.0000,,,,,
3.6480,1778843156.187697,304,5.600187,0.348811,0.043328,0.7264,0.1002,0.074997,5.641777,0.251820,0.049639,0.7623,5.605205,0.350686,0.043872,0.7648,0.1313,0.089327,-0.078163,0.4213,5.605205,0.252239,0.394675,2.0852,-1.000000,1.995878,1146.0172,0,1,clay,1.0000,0.500000,0,0,0.000000,0.000000,0.000000,0,nan,0.00,0.787811,0.2994,0.0245,0.415964,0.6742,0.68,5.28,6.64,5.18,-0.061080,-19.8452,-1.3229,0.008000,0.119806,-0.5370,-0.040119,-0.020828,-0.005272,-444.44903418400577,-646.4654055523341,131.62344686058924,23.96751857171229,0.154630,0.021801,6555.1,6065.5,-0.040358,0.045323,-1.000000,0.7654,1.0000,,,,,
3.6600,1778843156.199870,305,5.626896,0.218440,0.040390,0.8252,0.1905,0.084846,5.650712,0.255270,0.050625,0.7555,5.631964,0.220390,0.040940,0.7764,0.1401,0.089692,-0.075179,0.4093,5.631964,0.263412,0.396293,2.1269,-0.086631,2.000000,1153.4318,0,1,clay,1.0000,0.500000,0,0,0.000000,0.000000,0.000000,0,nan,0.00,0.785842,0.3107,0.0233,0.414925,0.6982,0.67,5.29,6.63,5.35,-0.057630,-19.7887,-1.3714,0.008000,0.048574,-0.3091,-0.015491,0.000835,-0.005304,747.5308682714322,1084.6173747543135,110.56963898676779,13.563479729078239,0.120993,0.005997,6554.3,6066.2,-0.039030,-0.084608,-1.000000,0.7770,1.0000,,,,,
3.6720,1778843156.212751,306,5.644436,0.228812,0.050215,0.7549,0.1434,0.090306,5.659527,0.258920,0.051701,0.7490,5.649435,0.230847,0.050776,0.7722,0.1430,0.091160,-0.073761,0.4144,5.649435,0.270730,0.396994,2.1540,0.274084,2.000000,1160.6783,0,1,clay,1.0000,0.500000,0,0,0.000000,0.000000,0.000000,0,nan,0.00,0.792072,0.3221,0.0222,0.418214,0.7222,0.65,5.28,6.58,5.20,-0.053980,-19.7270,-1.4050,0.008000,0.065220,0.1597,-0.012703,0.002291,-0.005101,1078.5491204747414,1489.4025432444091,40.60365562586749,14.319296784240407,0.106735,0.007601,6554.0,6066.6,-0.038393,0.048796,-0.086631,0.7727,1.0000,,,,,
3.6840,1778843156.223701,307,5.630603,0.271867,0.045167,0.7728,0.1396,0.089432,5.668309,0.262673,0.052761,0.7472,5.635584,0.273905,0.045739,0.7724,0.1456,0.092880,-0.052380,0.4200,5.635584,0.264927,0.396461,2.1326,-0.669647,1.989959,1153.2483,0,1,clay,1.0000,0.500000,0,0,0.000000,0.000000,0.000000,0,nan,0.00,0.776852,0.3337,0.0211,0.410178,0.7461,0.64,5.27,6.55,5.21,-0.050227,-19.6663,-1.3854,0.008000,0.088213,-0.5459,-0.003469,0.003857,-0.005051,491.5956661005782,2738.9151835598477,82.66186202710287,23.98490273354136,0.101856,0.009453,6548.6,6072.0,-0.028921,0.030610,0.274084,0.7727,1.0000,,,,,
3.6960,1778843156.235608,308,5.646777,0.282370,0.055957,0.7652,0.2045,0.081726,5.677082,0.266375,0.053738,0.7458,5.651679,0.284509,0.056521,0.7710,0.1526,0.091580,-0.032442,0.4058,5.651679,0.271671,0.397063,2.1575,-1.000000,1.971710,1157.9108,0,1,clay,1.0000,0.500000,0,0,0.000000,0.000000,0.000000,0,nan,0.00,0.754125,0.3455,0.0201,0.398178,0.7698,0.62,5.25,6.49,5.17,-0.046525,-19.6103,-1.4117,0.008000,0.052505,0.2360,-0.007023,0.015446,-0.006409,674.44872251449,517.9786959490598,41.79018330474349,30.703945332224976,0.074863,-0.008625,6543.5,6077.1,-0.020038,0.040764,-0.669647,0.7713,1.0000,,,,,
3.7080,1778843156.247618,309,5.724129,0.237229,0.053178,0.7296,0.1042,0.087236,5.685866,0.270077,0.054740,0.7467,5.728978,0.239294,0.053736,0.7631,0.1455,0.089429,-0.016771,0.3917,5.728978,0.304107,0.396641,2.2744,0.881036,1.989467,1194.2199,0,1,clay,1.0000,0.500000,0,0,0.000000,0.000000,0.000000,0,nan,0.00,0.774149,0.3575,0.0191,0.408750,0.7936,0.62,5.25,6.49,5.23,-0.042823,-19.5529,-1.5277,0.008000,0.039519,-0.1297,-0.011160,0.003850,-0.005371,968.27788036713,-538.2192022345819,57.974853263403716,35.57874967441322,0.065369,0.004349,6539.5,6081.1,-0.013054,0.062810,-1.000000,0.7632,1.0000,,,,,
3.7200,1778843156.259549,310,5.710850,0.244539,0.053542,0.7075,0.1199,0.089135,5.694602,0.273866,0.055799,0.7428,5.715609,0.246604,0.054110,0.7524,0.1458,0.091875,0.007022,0.4144,5.715609,0.298504,0.397106,2.2546,0.972746,1.980222,1186.9620,0,1,clay,1.0000,0.500000,0,0,0.000000,0.000000,0.000000,0,nan,0.00,0.796256,0.3696,0.0182,0.420423,0.8174,0.61,5.25,6.46,5.24,-0.039034,-19.4922,-1.5118,0.008000,0.010470,-0.3979,-0.019722,0.004781,-0.005974,-1607.3311305187437,-870.0297305754153,69.88382182330396,49.97592036187399,0.071968,0.011908,6533.4,6087.1,-0.002578,0.127723,0.881036,0.7524,1.0000,,,,,
3.7320,1778843156.271595,311,5.694506,0.293447,0.058659,0.7399,0.0989,0.084616,5.703358,0.277646,0.056820,0.7483,5.699223,0.295512,0.059232,0.7503,0.1437,0.093462,0.057498,0.4267,5.699223,0.291628,0.397453,2.2301,-0.824008,1.914715,1174.7222,0,1,clay,1.0000,0.500000,0,0,0.000000,0.000000,0.000000,0,nan,0.00,0.777529,0.3818,0.0173,0.410535,0.8404,0.60,5.27,6.46,5.38,-0.035254,-19.4337,-1.4818,0.008000,0.063016,0.1589,-0.002874,0.001437,-0.006528,-765.513080792648,130.26116455179476,172.6627903066554,88.15639014021129,0.089492,0.021437,6520.6,6099.9,0.019757,0.049582,0.972746,0.7500,1.0000,,,,,
3.7440,1778843156.283656,312,5.744588,0.249685,0.055151,0.7328,0.1225,0.076654,5.712166,0.281290,0.057744,0.7508,5.749289,0.251697,0.055709,0.7473,0.1404,0.090283,0.095812,0.4052,5.749289,0.312603,0.395620,2.3041,0.544650,1.868702,1194.9913,0,1,clay,1.0000,0.500000,0,0,0.000000,0.000000,0.000000,0,nan,0.00,0.789907,0.3942,0.0165,0.417071,0.8628,0.58,5.27,6.43,5.26,-0.031610,-19.3808,-1.5532,0.008000,0.132747,-0.2155,-0.018248,-0.004118,-0.010659,-189.14044369633814,135.2241902246918,224.21148082481605,94.47329739851529,0.081257,0.019560,6510.8,6109.7,0.036867,0.069397,-0.824008,0.7467,1.0000,,,,,
3.7560,1778843156.297563,313,5.804542,0.334764,0.054086,0.8436,0.0229,0.078626,5.720955,0.285016,0.058732,0.7479,5.809781,0.336872,0.054702,0.7662,0.1331,0.093165,0.112089,0.4209,5.809781,0.337747,0.392386,2.3892,-0.774611,1.827899,1219.7111,0,1,clay,1.0000,0.500000,0,0,0.000000,0.000000,0.000000,0,nan,0.00,0.772303,0.4066,0.0157,0.407776,0.8847,0.86,5.30,7.02,5.51,-0.027884,-19.3242,-1.6413,0.008000,0.132577,0.0734,0.008421,-0.019560,-0.007714,1441.3584592743114,-280.03438945810103,428.43143465424447,201.15713735412095,0.119855,0.043544,6506.9,6113.7,0.043731,-0.030066,0.544650,0.7654,1.0000,,,,,
3.7680,1778843156.311541,314,5.675418,0.255782,0.053995,0.8382,0.1325,0.097568,5.729731,0.288924,0.059822,0.7492,5.680723,0.257922,0.054617,0.7805,0.1346,0.093102,0.140637,0.4024,5.680723,0.283860,0.397548,2.2020,-0.432066,1.720157,1154.8046,0,1,clay,1.0000,0.500000,0,0,0.000000,0.000000,0.000000,0,nan,0.00,0.762483,0.4191,0.0150,0.402591,0.9054,0.82,5.32,6.95,5.40,-0.023976,-19.2617,-1.4528,0.008000,0.033182,0.2341,0.010600,-0.022816,-0.005072,755.9001214637404,-446.99983998407333,387.7670782317643,221.40344357301493,0.103504,0.042991,6499.6,6121.0,0.056495,-0.013987,-0.774611,0.7795,1.0000,,,,,
3.7800,1778843156.319845,315,5.778131,0.207698,0.055875,0.6461,0.1157,0.098511,5.738508,0.293063,0.060992,0.7514,5.783214,0.209820,0.056494,0.7548,0.1329,0.091679,0.163358,0.3996,5.783214,0.326732,0.393702,2.3524,1.000000,1.710352,1204.0796,0,1,clay,1.0000,0.500000,0,0,0.000000,0.000000,0.000000,0,nan,0.00,0.785210,0.4317,0.0142,0.414591,0.9259,0.79,5.32,6.89,5.33,-0.019837,-19.1947,-1.6009,0.008000,0.077027,-0.2301,-0.011111,-0.024813,-0.003748,1191.2935487049544,458.3153530272299,293.2637574970919,263.2734425421687,0.082105,0.049365,6493.6,6127.0,0.066898,0.240480,-0.432066,0.7537,1.0000,,,,,
3.7920,1778843156.331685,316,5.727120,0.372124,0.062691,0.7157,0.1293,0.089201,5.747377,0.297209,0.062076,0.7612,5.732091,0.374298,0.063313,0.7478,0.1373,0.094108,0.216067,0.4214,5.732091,0.305411,0.396509,2.2790,-1.000000,1.620521,1179.9216,0,1,clay,1.0000,0.500000,0,0,0.000000,0.000000,0.000000,0,nan,0.00,0.762483,0.4442,0.0136,0.402591,0.9454,0.75,5.31,6.81,5.26,-0.015691,-19.1326,-1.5178,0.008000,0.067217,0.4391,-0.020764,-0.023709,-0.004870,-1255.9639879528638,655.9422367591304,388.4833706800477,274.21704119065714,0.086220,0.046197,6480.2,6140.4,0.090249,0.149167,1.000000,0.7464,1.0000,,,,,
3.8040,1778843156.343582,317,5.821848,0.367962,0.071069,0.8351,0.2373,0.083894,5.756358,0.301307,0.063120,0.7741,5.826869,0.370278,0.071680,0.7652,0.1491,0.092646,0.254131,0.3958,5.826869,0.344811,0.391627,2.4124,-1.000000,1.559710,1214.2124,0,1,clay,1.0000,0.500000,0,0,0.000000,0.000000,0.000000,0,nan,0.00,0.739756,0.4568,0.0129,0.390591,0.9641,0.73,5.31,6.76,5.28,-0.011593,-19.0728,-1.6383,0.008000,0.106914,0.3088,-0.004256,-0.006436,-0.004045,240.49068714749689,-49.89777844467733,321.6583782145749,48.528051844749754,0.054725,0.012633,6470.4,6150.2,0.107366,-0.040692,-1.000000,0.7635,1.0000,,,,,
3.8160,1778843156.355638,318,5.689696,0.261018,0.053113,0.7474,0.1693,0.089144,5.765345,0.305560,0.064257,0.7724,5.694687,0.263235,0.053714,0.7619,0.1503,0.090902,0.231145,0.3839,5.694687,0.289724,0.397505,2.2232,-0.851957,1.510460,1156.6266,0,1,clay,1.0000,0.500000,0,0,0.000000,0.000000,0.000000,0,nan,0.00,0.720393,0.4694,0.0123,0.380367,0.9822,0.70,5.30,6.70,5.30,-0.007340,-19.0076,-1.4509,0.008000,0.114482,-0.5481,-0.000979,0.005289,-0.002037,1116.8012153357095,-548.7727921893265,120.75786309637502,18.716964168021534,0.033696,0.005918,6476.1,6144.5,0.097442,0.160683,-1.000000,0.7604,1.0000,,,,,
3.8280,1778843156.367671,319,5.776649,0.292186,0.057401,0.7673,0.1749,0.103938,5.774344,0.310084,0.065496,0.7737,5.781604,0.294448,0.058006,0.7633,0.1524,0.090898,0.242874,0.3747,5.781604,0.326064,0.393787,2.3501,0.090037,1.504033,1195.0699,0,1,clay,1.0000,0.500000,0,0,0.000000,0.000000,0.000000,0,nan,0.00,0.722439,0.4820,0.0117,0.381448,1.0002,0.68,5.30,6.65,5.27,-0.002816,-18.9366,-1.5764,0.008000,0.017576,-0.3378,0.008609,0.011268,-0.000736,1093.6306579470686,1112.8456225618927,-47.389925302812614,12.205834619463872,0.011394,0.005455,6473.0,6147.6,0.102797,0.202895,-0.851957,0.7617,1.0000,,,,,
3.8400,1778843156.379741,320,5.842973,0.342895,0.072801,0.6753,0.1067,0.101705,5.783429,0.314725,0.066728,0.7835,5.847762,0.345176,0.073408,0.7468,0.1469,0.091028,0.274069,0.3820,5.847762,0.353429,0.390791,2.4405,-0.575119,1.505783,1223.0698,0,1,clay,1.0000,0.500000,0,0,0.000000,0.000000,0.000000,0,nan,0.00,0.709368,0.4945,0.0111,0.374547,1.0183,0.66,5.29,6.62,5.26,0.001825,-18.8661,-1.6570,0.008000,0.071908,0.2419,-0.011070,0.004758,-0.000164,1090.8505461280947,-409.3917970101335,-121.54427936937114,103.59755787299628,0.010761,0.021932,6465.1,6155.5,0.116611,0.267176,0.090037,0.7450,1.0000,,,,,
3.8520,1778843156.391697,321,5.823620,0.381911,0.073904,0.7703,0.1359,0.098202,5.792685,0.319302,0.067891,0.8026,5.828424,0.384184,0.074509,0.7520,0.1451,0.090321,0.316965,0.3707,5.828424,0.345453,0.391561,2.4145,-1.000000,1.448632,1212.1828,0,1,clay,1.0000,0.500000,0,0,0.000000,0.000000,0.000000,0,nan,0.00,0.686641,0.5071,0.0106,0.362547,1.0357,0.66,5.27,6.58,5.13,0.006402,-18.7994,-1.6119,0.008000,0.097690,0.5252,-0.006935,0.006457,0.003654,-345.7571160414177,-1121.9480932144882,-96.252944371041,127.71260736272947,0.005445,0.025816,6454.2,6166.4,0.135561,0.169517,-0.575119,0.7499,1.0000,,,,,
3.8640,1778843156.408998,322,5.756937,0.280523,0.074756,0.8266,0.1446,0.094228,5.802159,0.323859,0.069030,0.8202,5.761783,0.282777,0.075352,0.7671,0.1443,0.089386,0.360035,0.3560,5.761783,0.317816,0.394882,2.3220,-0.917813,1.345427,1175.1153,0,1,clay,1.0000,0.500000,0,0,0.000000,0.000000,0.000000,0,nan,0.00,0.665782,0.5195,0.0101,0.351533,1.0518,0.63,5.29,6.55,5.42,0.010959,-18.7342,-1.5019,0.008000,0.155548,0.6152,-0.012639,0.013960,0.001341,255.80092402899058,284.3590833053124,-75.79245540264702,112.69824289064333,-0.001038,0.024563,6443.2,6177.4,0.154792,0.118477,-1.000000,0.7647,1.0000,,,,,
3.8760,1778843156.415479,323,5.713087,0.335950,0.073067,0.7980,0.1591,0.096902,5.811774,0.328554,0.070236,0.8315,5.717949,0.338196,0.073658,0.7736,0.1450,0.088555,0.381437,0.3456,5.717949,0.299485,0.397037,2.2581,-1.000000,1.240661,1155.9280,0,1,clay,1.0000,0.500000,0,0,0.000000,0.000000,0.000000,0,nan,0.00,0.643054,0.5319,0.0096,0.339533,1.0667,0.60,5.30,6.50,5.35,0.015654,-18.6651,-1.4265,0.008000,0.063318,0.5237,-0.023330,0.016372,0.001974,1077.602696066198,-81.08359481361197,-142.71745604179276,81.21641262538674,-0.014209,0.021269,6437.6,6183.0,0.164562,0.196225,-0.917813,0.7712,1.0000,,,,,
3.8880,1778843156.427559,324,5.765114,0.321988,0.074845,0.8796,0.1232,0.112024,5.821543,0.333441,0.071531,0.8441,5.770124,0.324255,0.075450,0.7947,0.1419,0.089275,0.399764,0.3330,5.770124,0.321289,0.394410,2.3339,-1.000000,1.170950,1174.2129,0,1,clay,1.0000,0.500000,0,0,0.000000,0.000000,0.000000,0,nan,0.00,0.620327,0.5442,0.0092,0.327533,1.0808,0.61,5.30,6.51,5.29,0.020541,-18.5909,-1.4899,0.008000,0.121889,0.5262,0.021049,0.013113,0.006126,696.6617200078873,-37.71946519566836,-150.31361488545429,203.64245783645404,-0.018682,0.033368,6432.8,6187.8,0.172944,0.150116,-1.000000,0.7922,1.0000,,,,,
3.9000,1778843156.439625,325,5.812251,0.263707,0.070850,0.8581,0.1258,0.111857,5.831458,0.338485,0.072861,0.8630,5.817356,0.265954,0.071463,0.8078,0.1390,0.089279,0.448387,0.3210,5.817356,0.340881,0.392041,2.3995,1.000000,1.096492,1189.9203,0,1,clay,1.0000,0.500000,0,0,0.000000,0.000000,0.000000,0,nan,0.00,0.643054,0.5563,0.0087,0.339533,1.0939,0.61,5.29,6.51,5.26,0.025585,-18.5146,-1.5365,0.008000,0.144164,-0.1074,0.035528,0.008778,0.009686,1072.5346774285968,489.24021779032734,-170.33888125733438,305.70090342065316,-0.027051,0.042174,6420.3,6200.2,0.194611,0.189786,-1.000000,0.8049,1.0000,,,,,
3.9120,1778843156.451653,326,5.908421,0.423353,0.070826,0.9144,0.1312,0.102815,5.841620,0.343521,0.074111,0.8829,5.913642,0.425634,0.071453,0.8293,0.1426,0.093830,0.494923,0.3460,5.913642,0.380488,0.388824,2.5261,-1.000000,1.013286,1229.6842,0,1,clay,1.0000,0.500000,0,0,0.000000,0.000000,0.000000,0,nan,0.00,0.620327,0.5683,0.0083,0.327533,1.1061,0.60,5.27,6.47,5.17,0.030621,-18.4431,-1.6432,0.008000,0.019451,-0.5798,0.035479,-0.005191,0.008764,-805.9532760134362,210.58780301957427,-51.74378598089884,329.2925872588206,-0.006041,0.043568,6408.4,6212.1,0.215386,0.137007,1.000000,0.8261,1.0000,,,,,
3.9240,1778843156.463775,327,5.895867,0.289734,0.073950,0.9302,0.2016,0.096572,5.852049,0.348465,0.075303,0.9050,5.901200,0.292087,0.074568,0.8497,0.1486,0.092039,0.527720,0.3211,5.901200,0.375388,0.389117,2.5102,0.980644,0.926446,1216.6925,0,1,clay,1.0000,0.500000,0,0,0.000000,0.000000,0.000000,0,nan,0.00,0.642615,0.5802,0.0079,0.339300,1.1172,0.60,5.25,6.46,5.13,0.035565,-18.3747,-1.6052,0.008000,0.126858,0.6386,0.061216,0.006223,0.010074,-353.0261370189237,-1185.9552423674154,-80.64918338250577,136.4844936271038,-0.022185,0.025962,6400.0,6220.6,0.230110,0.203341,-1.000000,0.8463,1.0000,,,,,
3.9360,1778843156.475577,328,5.809343,0.387388,0.072399,0.9383,0.1197,0.100321,5.862695,0.353462,0.076532,0.9259,5.814744,0.389723,0.073025,0.8676,0.1490,0.096007,0.556604,0.3456,5.814744,0.339801,0.392158,2.3960,-1.000000,0.793779,1183.0689,0,1,clay,1.0000,0.500000,0,0,0.000000,0.000000,0.000000,0,nan,0.00,0.619887,0.5918,0.0075,0.327300,1.1267,0.58,5.24,6.41,5.20,0.040562,-18.3043,-1.4701,0.008000,0.075155,0.3039,0.076469,-0.001456,0.010175,-834.2378613519214,-1363.6118282514865,67.07753443754069,206.90400053864326,0.002044,0.032099,6392.5,6228.1,0.243136,0.212900,0.980644,0.8641,1.0000,,,,,
3.9480,1778843156.487653,329,5.939667,0.320061,0.081324,0.9136,0.1650,0.098583,5.873636,0.358450,0.077723,0.9498,5.945093,0.322443,0.081940,0.8775,0.1491,0.093548,0.596664,0.3209,5.945093,0.393361,0.388244,2.5657,0.210445,0.729660,1227.8124,0,1,clay,1.0000,0.500000,0,0,0.000000,0.000000,0.000000,0,nan,0.00,0.624670,0.6033,0.0072,0.329826,1.1355,0.58,5.25,6.41,5.31,0.045550,-18.2361,-1.6160,0.008000,0.062856,-0.0680,0.099464,0.008116,0.010501,-25.842794068865828,117.80194697105233,83.08928014048733,150.0111319141519,-0.010298,0.026365,6382.1,6238.4,0.261207,0.260460,-1.000000,0.8737,1.0000,,,,,
3.9600,1778843156.507531,330,5.823472,0.388517,0.079441,0.9505,0.2119,0.107447,5.884813,0.363595,0.078986,0.9686,5.828966,0.390979,0.080069,0.8924,0.1593,0.096460,0.611180,0.3312,5.828966,0.345677,0.391538,2.4153,-1.000000,0.618706,1184.4084,0,1,clay,1.0000,0.500000,0,0,0.000000,0.000000,0.000000,0,nan,0.00,0.601943,0.6145,0.0068,0.317826,1.1429,0.56,5.29,6.40,5.46,-0.052205,-17.6868,-1.4467,0.008000,0.083393,-0.2349,0.104885,0.022547,0.012504,694.8196042370294,-208.15412052308574,-296.614567293242,48.70638463710064,-0.017314,0.014757,6378.4,6242.2,0.267806,0.286841,0.210445,0.8885,1.0000,,,,,
3.9720,1778843156.513444,331,5.847217,0.377458,0.086263,1.0491,0.1615,0.105927,5.896241,0.368858,0.080274,0.9938,5.853391,0.380194,0.086946,0.9241,0.1583,0.095630,0.648385,0.3109,5.853391,0.355747,0.390583,2.4479,-1.000000,0.506243,1189.4049,0,1,clay,1.0000,0.500000,0,0,0.000000,0.000000,0.000000,0,nan,0.00,0.579216,0.6254,0.0065,0.305826,1.1490,0.82,5.28,6.92,5.25,-0.046942,-17.6131,-1.4541,0.008000,0.061347,0.1130,0.116538,0.023969,0.014311,302.5934716218128,319.909872013739,84.53270217203439,67.74007214940184,-0.020102,0.015617,6368.8,6251.7,0.284393,0.237581,-1.000000,0.9196,1.0000,,,,,
3.9840,1778843156.523606,332,5.849590,0.365102,0.079934,1.1227,0.1452,0.105465,5.907962,0.374223,0.081568,1.0179,5.855958,0.367771,0.080611,0.9636,0.1565,0.096073,0.682921,0.2990,5.855958,0.356804,0.390490,2.4513,-1.000000,0.378683,1188.0487,0,1,clay,1.0000,0.500000,0,0,0.000000,0.000000,0.000000,0,nan,0.00,0.556488,0.6361,0.0062,0.293826,1.1535,0.77,5.28,6.83,5.29,-0.041577,-17.5389,-1.4334,0.008000,0.057063,-0.1478,0.147134,0.021514,0.016757,1112.0813993553522,382.7028841171468,148.0956156722302,110.52141532348178,-0.017419,0.019149,6359.9,6260.7,0.300009,0.223651,-1.000000,0.9589,1.0000,,,,,
3.9960,1778843156.535625,333,5.947186,0.423594,0.076952,1.1202,0.1473,0.109754,5.919914,0.379758,0.082909,1.0389,5.953713,0.426230,0.077627,0.9949,0.1547,0.096297,0.707104,0.2871,5.953713,0.396886,0.388126,2.5765,-1.000000,0.290264,1224.7654,0,1,clay,1.0000,0.500000,0,0,0.000000,0.000000,0.000000,0,nan,0.00,0.533761,0.6464,0.0059,0.281826,1.1570,0.74,5.27,6.75,5.20,-0.036042,-17.4620,-1.5376,0.008000,0.119252,-0.4254,0.155403,0.021945,0.016938,686.5500364312804,675.8684776666519,160.75418980101136,151.4576818075701,-0.020053,0.022829,6353.5,6267.0,0.311082,0.282067,-1.000000,0.9901,1.0000,,,,,
4.0080,1778843156.547691,334,5.953082,0.279567,0.087529,1.0347,0.2015,0.114067,5.932136,0.385423,0.084285,1.0643,5.959572,0.282300,0.088201,1.0037,0.1590,0.095851,0.737907,0.2751,5.959572,0.399281,0.388055,2.5838,0.985503,0.221103,1218.1888,0,1,clay,1.0000,0.500000,0,0,0.000000,0.000000,0.000000,0,nan,0.00,0.556159,0.6565,0.0056,0.293652,1.1597,0.71,5.28,6.70,5.32,-0.030377,-17.3832,-1.5195,0.008000,0.060614,0.4090,0.146094,0.034516,0.019553,393.30338215347257,443.43595422788997,52.742159351420085,106.70210072962401,-0.040332,0.016978,6345.6,6275.0,0.324955,0.363446,-1.000000,0.9988,1.0000,,,,,
4.0200,1778843156.559673,335,6.001925,0.366228,0.075380,1.1817,0.2007,0.119140,5.944636,0.391168,0.085682,1.0871,6.008629,0.368983,0.076077,1.0391,0.1689,0.102243,0.750066,0.3002,6.008629,0.419325,0.387771,2.6441,1.000000,0.180159,1210.2722,0,1,clay,1.0000,0.500000,0,0,0.000000,0.000000,0.000000,0,nan,0.00,0.578886,0.6663,0.0053,0.305652,1.1618,0.69,5.27,6.64,5.20,-0.024632,-17.3032,-1.5569,0.008000,0.094749,-0.3126,0.155376,0.042971,0.023059,92.19763817114534,-461.8352765764581,27.008787130970234,92.39987433379278,-0.027837,0.013773,6342.4,6278.2,0.330533,0.314859,0.985503,1.0342,1.0000,,,,,
4.0320,1778843156.571672,336,6.053308,0.497047,0.091681,1.0255,0.1718,0.111744,5.957435,0.396855,0.087024,1.1116,6.059890,0.499907,0.092382,1.0376,0.1710,0.104516,0.778880,0.3122,6.059890,0.440256,0.387533,2.7058,-1.000000,0.138640,1232.4713,0,1,clay,1.0000,0.500000,0,0,0.000000,0.000000,0.000000,0,nan,0.00,0.556159,0.6757,0.0051,0.293652,1.1635,0.66,5.25,6.57,5.19,-0.018945,-17.2263,-1.5943,0.008000,0.182963,0.4532,0.130059,0.035062,0.020549,-35.28684875855015,136.41807473747127,133.88262985336078,100.82626867328796,-0.017236,0.014714,6335.0,6285.6,0.343380,0.433953,1.000000,1.0325,1.0000,,,,,
4.0440,1778843156.583621,337,6.004291,0.460921,0.092809,1.1903,0.0948,0.107257,5.970529,0.402526,0.088320,1.1395,6.011024,0.463686,0.093497,1.0683,0.1588,0.102274,0.803080,0.2871,6.011024,0.420303,0.387765,2.6470,-1.000000,0.081451,1190.3788,0,1,clay,1.0000,0.500000,0,0,0.000000,0.000000,0.000000,0,nan,0.00,0.533432,0.6849,0.0048,0.281652,1.1645,0.64,5.26,6.54,5.31,-0.013274,-17.1520,-1.5075,0.008000,0.110837,0.5835,0.139735,0.025648,0.023715,97.35965136023204,-106.76931029072051,339.30475965536283,211.6929283423853,-0.007364,0.027636,6328.8,6291.7,0.354189,0.368796,-1.000000,1.0630,1.0000,,,,,
4.0560,1778843156.595595,338,5.981920,0.511734,0.090862,1.1693,0.2915,0.112589,5.983936,0.408376,0.089687,1.1660,5.988739,0.514623,0.091547,1.0890,0.1759,0.102126,0.829388,0.2752,5.988739,0.411200,0.387825,2.6198,-1.000000,0.014082,1171.8225,0,1,clay,1.0000,0.500000,0,0,0.000000,0.000000,0.000000,0,nan,0.00,0.510704,0.6938,0.0046,0.269652,1.1646,0.62,5.29,6.52,5.42,-0.007424,-17.0737,-1.4538,0.008000,0.159833,-0.0248,0.146460,0.045912,0.018770,610.2823266956831,-419.40336732869986,183.32802056753863,45.24536152744108,-0.036831,0.004180,6322.1,6298.5,0.365972,0.397838,-1.000000,1.0836,1.0000,,,,,
4.0680,1778843156.608858,339,5.921331,0.359223,0.086864,1.1932,0.3152,0.123871,5.997631,0.414484,0.091156,1.1930,5.928288,0.362252,0.087561,1.1104,0.1930,0.102967,0.854220,0.2632,5.928288,0.386485,0.388525,2.5446,-0.839878,-0.054738,1129.0748,0,1,clay,1.0000,0.500000,0,0,0.000000,0.000000,0.000000,0,nan,0.00,0.491616,0.7023,0.0044,0.259573,1.1640,0.61,5.25,6.46,5.06,-0.001316,-16.9895,-1.3516,0.008000,0.070284,-0.1633,0.151260,0.068685,0.024518,202.2176909613773,-147.4416926875305,-53.603325289674096,-70.82833879003132,-0.067534,-0.014822,6315.7,6304.9,0.377129,0.420068,-1.000000,1.1048,1.0000,,,,,
4.0800,1778843156.619628,340,6.053350,0.502632,0.094145,1.1631,0.1770,0.120836,6.011636,0.420700,0.092632,1.2209,6.060285,0.505654,0.094837,1.1217,0.1877,0.102641,0.877648,0.2542,6.060285,0.440417,0.387530,2.7063,-1.000000,-0.086755,1164.9185,0,1,clay,1.0000,0.500000,0,0,0.000000,0.000000,0.000000,0,nan,0.00,0.468889,0.7106,0.0042,0.247573,1.1629,0.59,5.23,6.41,5.14,0.004900,-16.9049,-1.4855,0.008000,0.138568,-0.1354,0.127155,0.057470,0.019379,182.97999649671019,-490.3673995646501,-114.08234208454805,-8.99134235120141,-0.071691,-0.006715,6309.6,6311.0,0.387669,0.455631,-0.839878,1.1161,1.0000,,,,,
4.0920,1778843156.631513,341,6.000275,0.431731,0.093857,1.2361,0.1322,0.122855,6.025952,0.426962,0.094116,1.2451,6.007326,0.434676,0.094548,1.1451,0.1770,0.102171,0.900382,0.2412,6.007326,0.418792,0.387775,2.6425,-1.000000,-0.135995,1127.9150,0,1,clay,1.0000,0.500000,0,0,0.000000,0.000000,0.000000,0,nan,0.00,0.446162,0.7185,0.0040,0.235573,1.1613,0.58,5.23,6.38,5.19,0.011162,-16.8199,-1.3973,0.008000,0.056767,0.2085,0.107448,0.046992,0.021119,162.96016336107064,-1433.429503043439,-24.330839839268755,94.96651569625402,-0.068850,0.007902,6303.8,6316.8,0.397796,0.444807,-1.000000,1.1393,1.0000,,,,,
4.1040,1778843156.643668,342,6.014882,0.446176,0.097041,1.1999,0.1993,0.122669,6.040578,0.433248,0.095590,1.2727,6.021966,0.449146,0.097731,1.1568,0.1770,0.101423,0.914036,0.2292,6.021966,0.424772,0.387730,2.6603,-1.000000,-0.173678,1123.1489,0,1,clay,1.0000,0.500000,0,0,0.000000,0.000000,0.000000,0,nan,0.00,0.423434,0.7261,0.0038,0.223573,1.1592,0.57,5.22,6.35,5.17,0.017448,-16.7355,-1.3876,0.008000,0.040113,0.5606,0.085425,0.051495,0.022442,317.37691521106024,-86.87620744476698,-137.33967282224552,99.55039978766034,-0.081123,0.008052,6300.3,6320.3,0.403962,0.477009,-1.000000,1.1510,1.0000,,,,,
4.1160,1778843156.655674,343,6.017726,0.402588,0.098927,1.3238,0.1245,0.124975,6.055496,0.439655,0.097085,1.2982,6.025009,0.405522,0.099620,1.1904,0.1670,0.101344,0.934851,0.2172,6.025009,0.426015,0.387719,2.6639,0.101267,-0.213090,1096.0464,0,1,clay,1.0000,0.500000,0,0,0.000000,0.000000,0.000000,0,nan,0.00,0.425736,0.7334,0.0036,0.224789,1.1567,0.56,5.23,6.36,5.31,0.023855,-16.6498,-1.3657,0.008000,0.089386,0.0654,0.106994,0.040293,0.028436,167.92623448582484,256.98042701792394,-85.04757090779327,189.00516781381873,-0.076772,0.020859,6294.9,6325.6,0.413258,0.447479,-1.000000,1.1845,1.0000,,,,,
4.1280,1778843156.667625,344,6.148299,0.469840,0.100193,1.3200,0.1678,0.121868,6.070718,0.446176,0.098587,1.3257,6.155738,0.472806,0.100894,1.2168,0.1674,0.103560,0.954699,0.2254,6.155738,0.479328,0.386500,2.8183,0.669186,-0.232334,1110.2253,0,1,clay,1.0000,0.500000,0,0,0.000000,0.000000,0.000000,0,nan,0.00,0.440945,0.7404,0.0034,0.232819,1.1539,0.56,5.23,6.34,5.22,0.030376,-16.5638,-1.4926,0.008000,0.071339,0.7960,0.096551,0.022860,0.015635,92.82044360844306,140.48033024367848,-406.5161775804206,206.81561412540694,-0.068701,0.022928,6289.8,6330.7,0.422132,0.463443,0.101267,1.2107,1.0000,,,,,
4.1400,1778843156.679686,345,6.096646,0.503122,0.100892,1.2777,0.1921,0.111953,6.086270,0.452576,0.099962,1.3520,6.104169,0.506129,0.101595,1.2299,0.1718,0.105062,0.973977,0.2371,6.104169,0.458320,0.387151,2.7583,-1.000000,-0.276110,1089.5472,0,1,clay,1.0000,0.500000,0,0,0.000000,0.000000,0.000000,0,nan,0.00,0.418217,0.7471,0.0033,0.220819,1.1506,0.56,5.22,6.34,5.15,0.036776,-16.4850,-1.4063,0.008000,0.075021,-0.1112,0.108168,0.030364,0.018586,-165.41105562088705,552.2812845571246,-62.96472719347669,178.99366107133048,-0.058389,0.018178,6284.9,6335.6,0.430698,0.505931,0.669186,1.2237,1.0000,,,,,
4.1520,1778843156.691781,346,6.060083,0.469177,0.097649,1.3685,0.3235,0.116804,6.102119,0.458962,0.101344,1.3756,6.067753,0.472306,0.098345,1.2579,0.1904,0.103460,0.982576,0.2145,6.067753,0.443465,0.387477,2.7152,-1.000000,-0.316744,1057.7986,0,1,clay,1.0000,0.500000,0,0,0.000000,0.000000,0.000000,0,nan,0.00,0.395490,0.7535,0.0031,0.208819,1.1468,0.55,5.26,6.37,5.49,0.043162,-16.4058,-1.3396,0.008000,0.065407,-0.3481,0.103114,0.063620,0.015732,-20.566021048181682,-1779.6186769518529,-145.08821261443032,45.256601651648914,-0.084439,-0.004830,6282.7,6337.9,0.434615,0.486672,-1.000000,1.2517,1.0000,,,,,
4.1640,1778843156.707980,347,6.134111,0.440632,0.108307,1.3934,0.1630,0.128766,6.118212,0.465619,0.102908,1.4021,6.141968,0.443839,0.109013,1.2854,0.1830,0.103350,0.983684,0.2025,6.141968,0.473723,0.386695,2.8024,0.660976,-0.326799,1050.9460,0,1,clay,1.0000,0.500000,0,0,0.000000,0.000000,0.000000,0,nan,0.00,0.410512,0.7596,0.0030,0.216750,1.1429,0.55,5.31,6.41,5.59,0.049819,-16.3162,-1.4003,0.008000,0.124224,0.3752,0.107216,0.044292,0.015859,-226.43350604548465,-1723.9851736160674,-177.0847424092776,108.38935495264936,-0.086638,0.004826,6282.3,6338.2,0.435223,0.498017,-1.000000,1.2791,1.0000,,,,,
4.1760,1778843156.715645,348,6.156120,0.456859,0.105234,1.2532,0.2142,0.136406,6.134565,0.472445,0.104522,1.4252,6.163993,0.460114,0.105965,1.2804,0.1874,0.107336,0.976042,0.2210,6.163993,0.482687,0.386375,2.8278,1.000000,-0.322237,1060.3131,0,1,clay,1.0000,0.500000,0,0,0.000000,0.000000,0.000000,0,nan,0.00,0.433240,0.7655,0.0028,0.228750,1.1390,0.55,5.27,6.36,5.05,-0.045155,-16.0568,-1.4026,0.008000,0.130127,0.4226,0.078350,0.034982,0.017042,57.818224222304806,485.15175989249974,-358.91182035560644,118.55227838162727,-0.085655,0.006776,6284.3,6336.3,0.431882,0.557986,0.660976,1.2741,1.0000,,,,,
4.1880,1778843156.727623,349,6.196625,0.466774,0.100669,1.4922,0.2776,0.121636,6.151267,0.479142,0.106001,1.4507,6.204709,0.470109,0.101408,1.3225,0.2023,0.111336,0.976521,0.2351,6.204709,0.499236,0.385677,2.8742,1.000000,-0.321723,1036.3457,0,1,clay,1.0000,0.500000,0,0,0.000000,0.000000,0.000000,0,nan,0.00,0.455967,0.7711,0.0027,0.240750,1.1351,0.54,5.26,6.34,5.23,-0.038458,-15.9720,-1.4235,0.008000,0.088968,-0.2540,0.106842,0.056568,0.022184,-164.88107694972368,-991.6909024063643,-285.5252504181892,51.13129903184324,-0.074439,-0.004964,6284.1,6336.4,0.432074,0.489580,1.000000,1.3163,1.0000,,,,,
4.2000,1778843156.739697,350,6.073992,0.575041,0.104252,1.5037,0.2097,0.117723,6.168271,0.485766,0.107439,1.4782,6.082292,0.578445,0.104998,1.3589,0.2047,0.114119,0.994350,0.2471,6.082292,0.449398,0.387360,2.7325,-1.000000,-0.374038,990.6343,0,1,clay,1.0000,0.500000,0,0,0.000000,0.000000,0.000000,0,nan,0.00,0.433240,0.7765,0.0025,0.228750,1.1306,0.54,5.30,6.38,5.49,-0.031834,-15.8896,-1.2543,0.008000,0.105465,-0.0294,0.117508,0.064395,0.023334,-128.83451192457957,-152.19464516233086,-63.64883314014309,54.06918638809285,-0.052866,-0.005108,6279.6,6340.9,0.439944,0.502050,1.000000,1.3526,1.0000,,,,,
4.2120,1778843156.751623,351,6.206065,0.440243,0.112272,1.4727,0.2703,0.127192,6.185564,0.492469,0.108952,1.5010,6.214512,0.443793,0.113019,1.3822,0.2103,0.112311,1.002653,0.2224,6.214512,0.503214,0.385488,2.8853,0.765604,-0.383607,990.3667,0,1,clay,1.0000,0.500000,0,0,0.000000,0.000000,0.000000,0,nan,0.00,0.450640,0.7816,0.0024,0.237938,1.1260,0.54,5.30,6.37,5.29,-0.025131,-15.8030,-1.3843,0.008000,0.090124,0.2520,0.127588,0.078350,0.027156,28.39066295903649,-502.1156951780798,-28.962807024878543,13.450424255042314,-0.068423,-0.011492,6277.4,6343.1,0.443761,0.523907,-1.000000,1.3758,1.0000,,,,,
4.2240,1778843156.763567,352,6.226099,0.483604,0.116609,1.5675,0.1223,0.140188,6.203083,0.499412,0.110631,1.5235,6.234744,0.487153,0.117382,1.4194,0.1990,0.117916,1.014144,0.2428,6.234744,0.511420,0.385073,2.9079,0.433528,-0.410086,965.9155,0,1,clay,1.0000,0.500000,0,0,0.000000,0.000000,0.000000,0,nan,0.00,0.460493,0.7864,0.0023,0.243140,1.1211,0.53,5.30,6.36,5.35,-0.018188,-15.7068,-1.3844,0.008000,0.092260,0.3927,0.129033,0.068365,0.034025,23.88493262490684,-556.8167013877438,44.304302678638436,135.98185064309806,-0.042324,0.007034,6274.5,6346.0,0.448859,0.505010,0.765604,1.4129,1.0000,,,,,
4.2360,1778843156.775677,353,6.107709,0.421362,0.114408,1.5030,0.1249,0.139671,6.220903,0.506424,0.112282,1.5490,6.116499,0.424857,0.115199,1.4369,0.1883,0.120505,1.029870,0.2459,6.116499,0.463347,0.387015,2.7728,0.417361,-0.456011,929.3182,0,1,clay,1.0000,0.500000,0,0,0.000000,0.000000,0.000000,0,nan,0.00,0.469978,0.7910,0.0022,0.248148,1.1156,0.53,5.29,6.36,5.21,-0.011176,-15.6122,-1.2238,0.008000,0.191860,0.1809,0.118127,0.050923,0.032757,-56.78639773872939,495.9899454101675,119.58929965115458,219.8882162047373,-0.026436,0.021002,6270.5,6350.1,0.455879,0.536029,0.433528,1.4304,1.0000,,,,,
4.2480,1778843156.787679,354,6.336530,0.523029,0.113589,1.5947,0.2010,0.135300,6.239021,0.513419,0.113899,1.5760,6.345499,0.526570,0.114392,1.4688,0.1917,0.123233,1.044572,0.2508,6.345499,0.556148,0.382564,3.0287,0.063037,-0.481320,948.4967,0,1,clay,1.0000,0.500000,0,0,0.000000,0.000000,0.000000,0,nan,0.00,0.471411,0.7953,0.0021,0.248905,1.1099,0.53,5.29,6.36,5.29,-0.004181,-15.5195,-1.4528,0.008000,0.117184,0.0853,0.134915,0.054478,0.037186,-132.216588527012,350.9781239140117,168.18559921663913,216.17494012639375,-0.018461,0.020572,6266.7,6353.9,0.462497,0.518118,0.417361,1.4622,1.0000,,,,,
4.2600,1778843156.845545,355,6.353741,0.452127,0.110172,1.7112,0.1609,0.136444,6.257425,0.520443,0.115501,1.5998,6.363042,0.455664,0.110987,1.5171,0.1883,0.125345,1.058748,0.2493,6.363042,0.563204,0.382163,3.0474,1.000000,-0.514639,913.3774,0,1,clay,1.0000,0.500000,0,0,0.000000,0.000000,0.000000,0,nan,0.00,0.494138,0.7994,0.0020,0.260905,1.1037,0.54,5.39,6.46,5.93,0.002843,-15.4277,-1.4476,0.008000,0.177793,0.0848,0.154199,0.033587,0.034916,77.90253840058395,615.1259429576506,116.29923162862559,242.45803416353672,-0.007049,0.025319,6263.1,6357.5,0.468829,0.496020,0.063037,1.5104,1.0000,,,,,
4.2840,1778843156.851986,356,6.397593,0.441189,0.111604,1.5902,0.2201,0.142577,6.295056,0.534964,0.118873,1.6502,6.408040,0.445270,0.112538,1.5438,0.2006,0.131107,1.073317,0.2679,6.408040,0.581262,0.381131,3.0947,1.000000,-0.552351,899.6619,0,1,clay,1.0000,0.500000,0,0,0.000000,0.000000,0.000000,0,nan,0.00,0.539592,0.8070,0.0018,0.284905,1.0904,0.83,5.50,7.15,6.12,0.017364,-15.2346,-1.4445,0.008000,0.129405,-0.2919,0.158277,0.041216,0.031288,20.92277398739887,-1066.6702841958374,301.65576822165747,216.5051733471603,-0.001176,0.021800,6259.2,6361.3,0.475508,0.542341,0.500000,1.5363,1.0000,,,,,
4.3080,1778843156.858604,357,6.294060,0.483027,0.121341,1.6456,0.0660,0.143593,6.333803,0.549876,0.122378,1.6979,6.306359,0.487680,0.122458,1.5806,0.1763,0.138288,1.097510,0.2930,6.306359,0.540379,0.383457,2.9867,-0.184261,-0.617001,857.7133,0,1,clay,1.0000,0.500000,0,0,0.000000,0.000000,0.000000,0,nan,0.00,0.531217,0.8136,0.0016,0.280483,1.0756,1.30,5.49,8.09,5.43,0.032276,-15.0337,-1.2887,0.008000,0.168613,0.2826,0.113361,-0.005237,0.036856,97.31424451569907,519.7277675641761,642.7812436297875,395.53231293240765,0.051279,0.051384,6252.9,6367.7,0.486568,0.547094,1.000000,1.5717,1.0000,,,,,
4.3200,1778843156.864523,358,6.380967,0.527404,0.122271,1.7603,0.2157,0.142070,6.353603,0.557405,0.124097,1.7241,6.395446,0.532925,0.123560,1.6185,0.1861,0.138155,1.101261,0.2788,6.395446,0.576214,0.381420,3.0816,-1.000000,-0.661474,843.5050,0,1,clay,1.0000,0.500000,0,0,0.000000,0.000000,0.000000,0,nan,0.00,0.508490,0.8165,0.0015,0.268483,1.0677,1.92,5.46,9.31,5.34,0.039805,-14.9352,-1.3574,0.008000,0.044571,-0.1134,0.125713,-0.007599,0.026243,102.45650996686001,208.7515982086869,518.0290449988049,338.3968641997325,0.044220,0.043762,6251.6,6369.0,0.488788,0.519969,-0.368521,1.6082,1.0000,,,,,
4.3320,1778843156.871577,359,6.418960,0.450829,0.118916,1.6640,0.1263,0.144809,6.373677,0.565026,0.125822,1.7478,6.432868,0.455963,0.120137,1.6289,0.1763,0.135326,1.106955,0.2596,6.432868,0.591203,0.380560,3.1205,1.000000,-0.685064,840.5801,0,1,clay,1.0000,0.500000,0,0,0.000000,0.000000,0.000000,0,nan,0.00,0.531217,0.8192,0.0015,0.280483,1.0595,1.71,5.40,8.82,5.06,0.047426,-14.8364,-1.3728,0.008000,0.103076,-0.5877,0.098212,-0.007784,0.025128,209.54685843800894,306.0100709117111,564.6016713990933,376.0880539966656,0.037152,0.049520,6250.1,6370.4,0.491355,0.554154,-1.000000,1.6190,1.0000,,,,,
4.3440,1778843156.883795,360,6.339369,0.580227,0.133071,1.7279,0.1944,0.147905,6.394036,0.572794,0.127595,1.7771,6.352741,0.585461,0.134271,1.6496,0.1861,0.142117,1.117180,0.2890,6.352741,0.559062,0.382399,3.0365,-1.000000,-0.729270,817.9455,0,1,clay,1.0000,0.500000,0,0,0.000000,0.000000,0.000000,0,nan,0.00,0.508490,0.8216,0.0014,0.268483,1.0507,1.54,5.38,8.46,5.25,-0.045206,-14.4045,-1.2594,0.008000,0.131843,0.3336,0.100166,0.006127,0.025412,138.9552355148396,-1213.4976185001613,587.8575281099025,343.15231058125164,0.046581,0.046310,6247.6,6373.0,0.495841,0.538203,1.000000,1.6401,1.0000,,,,,
4.3560,1778843156.943277,361,6.378048,0.569605,0.135549,1.7877,0.1546,0.150515,6.414697,0.580674,0.129388,1.8014,6.391151,0.574676,0.136703,1.6779,0.1800,0.139367,1.122292,0.2603,6.391151,0.574491,0.381519,3.0771,-1.000000,-0.761710,802.2238,0,1,clay,1.0000,0.500000,0,0,0.000000,0.000000,0.000000,0,nan,0.00,0.485762,0.8238,0.0013,0.256483,1.0416,1.40,5.47,8.26,5.97,-0.037326,-14.3018,-1.2757,0.008000,0.109591,0.5062,0.095386,0.000689,0.023522,142.44605868176643,121.87584824618871,550.499327638451,351.4106150824882,0.038048,0.048597,6246.2,6374.3,0.498164,0.526298,-1.000000,1.6687,1.0000,,,,,
4.3800,1778843156.949778,362,6.492020,0.597133,0.131897,1.8138,0.3337,0.144843,6.456965,0.596429,0.132802,1.8537,6.506173,0.602876,0.133112,1.7253,0.2198,0.139207,1.111693,0.2479,6.506173,0.620458,0.378865,3.1955,-1.000000,-0.780502,783.8031,0,1,clay,1.0000,0.500000,0,0,0.000000,0.000000,0.000000,0,nan,0.00,0.440308,0.8276,0.0012,0.232483,1.0228,1.56,5.56,8.69,6.11,-0.021571,-14.1062,-1.3419,0.020000,0.087952,0.4799,0.092750,0.055465,0.020444,344.99180175870015,5.924433747013893,270.2047232415754,138.76487824273624,0.001314,0.015675,6248.8,6371.8,0.493744,0.527419,-0.500000,1.7157,1.0000,,,,,
4.4160,1778843156.956404,363,6.524181,0.579716,0.139521,1.9579,0.2682,0.156241,6.522520,0.621270,0.138268,1.9336,6.539238,0.585915,0.140771,1.8270,0.2327,0.140144,1.137777,0.2238,6.539238,0.633606,0.378092,3.2288,-0.310861,-0.847889,720.0919,0,1,clay,1.0000,0.500000,0,0,0.000000,0.000000,0.000000,0,nan,0.00,0.419113,0.8313,0.0010,0.221292,0.9923,1.55,5.56,8.65,5.54,0.003270,-13.7930,-1.2951,0.008000,0.073753,0.1853,0.126741,0.066309,0.004415,379.5539020300041,60.2039864609461,41.10321834935351,39.96397671276624,-0.024056,0.008333,6242.1,6378.5,0.505354,0.503814,-0.666667,1.8171,1.0000,,,,,
4.4280,1778843156.967656,364,6.496473,0.593920,0.136776,1.9774,0.1584,0.151939,6.544952,0.629765,0.140112,1.9593,6.511287,0.599775,0.137981,1.8577,0.2200,0.139615,1.145223,0.2187,6.511287,0.622494,0.378746,3.2007,-0.429696,-0.902852,698.4322,0,1,clay,1.0000,0.500000,0,0,0.000000,0.000000,0.000000,0,nan,0.00,0.409347,0.8322,0.0010,0.216135,0.9815,1.40,5.50,8.30,5.18,0.011765,-13.6873,-1.2414,0.008000,0.054612,-0.0344,0.119504,0.045837,0.004669,621.3125845201846,330.6861436892749,64.98098531627784,89.14294691511762,-0.023619,0.017216,6240.1,6380.4,0.508785,0.501593,-0.932582,1.8481,1.0000,,,,,
4.4400,1778843156.979616,365,6.553924,0.688422,0.137913,1.9592,0.1800,0.155557,6.567687,0.638402,0.141975,1.9881,6.568335,0.694037,0.139076,1.8789,0.2129,0.139855,1.152000,0.2127,6.568335,0.645152,0.377403,3.2577,-1.000000,-0.951298,695.2295,0,1,clay,1.0000,0.500000,0,0,0.000000,0.000000,0.000000,0,nan,0.00,0.386620,0.8329,0.0009,0.204135,0.9701,1.26,5.48,8.00,5.34,0.020402,-13.5806,-1.2697,0.008000,0.177877,0.2431,0.130086,0.049925,0.014645,536.7745837179004,628.8481199531097,-73.44913811564727,113.22764593485633,-0.022742,0.022605,6238.4,6382.2,0.511851,0.504838,-0.429696,1.8696,1.0000,,,,,
4.4520,1778843156.991692,366,6.634326,0.662431,0.139842,2.0002,0.2182,0.158329,6.590742,0.647225,0.143871,2.0150,6.648525,0.667942,0.140974,1.9040,0.2109,0.138528,1.158035,0.1963,6.648525,0.676850,0.375463,3.3362,-0.776668,-0.989965,686.9985,0,1,clay,1.0000,0.500000,0,0,0.000000,0.000000,0.000000,0,nan,0.00,0.368968,0.8333,0.0009,0.194815,0.9582,1.16,5.47,7.80,5.44,0.029225,-13.4720,-1.3212,0.008000,0.124423,-0.4950,0.133613,0.045668,0.014850,478.71172631396274,579.3631029679445,-20.422155054991677,103.63284893187318,-0.033133,0.023336,6236.8,6383.8,0.514594,0.500052,-1.000000,1.8949,1.0000,,,,,
4.4640,1778843157.043985,367,6.619276,0.613862,0.142755,2.0320,0.1652,0.157213,6.614041,0.656243,0.145841,2.0364,6.633264,0.619219,0.143857,1.9303,0.2021,0.138238,1.163567,0.1889,6.633264,0.670832,0.375837,3.3215,1.000000,-1.022427,668.7519,0,1,clay,1.0000,0.500000,0,0,0.000000,0.000000,0.000000,0,nan,0.00,0.391695,0.8336,0.0008,0.206815,0.9459,1.06,5.54,7.65,5.92,0.038243,-13.3590,-1.2851,0.008000,0.071322,-0.4518,0.131359,0.031769,0.008152,944.5991805562074,631.8173234304982,-83.32504682107749,128.98742497136413,-0.035230,0.028981,6235.4,6385.2,0.517073,0.497368,-0.776668,1.9214,1.0000,,,,,
4.4880,1778843157.050441,368,6.713564,0.736107,0.152032,2.0598,0.2800,0.155815,6.661294,0.674756,0.149841,2.0841,6.728649,0.742200,0.153225,1.9756,0.2259,0.144088,1.149219,0.2148,6.728649,0.708340,0.373466,3.4128,-0.939758,-1.051944,654.7408,0,1,clay,1.0000,0.500000,0,0,0.000000,0.000000,0.000000,0,nan,0.00,0.348979,0.8332,0.0008,0.184261,0.9207,1.25,5.60,8.10,5.97,-0.041944,-12.7818,-1.3287,0.008000,0.078943,0.2864,0.129820,0.036435,0.009962,189.4302919726781,1021.2517373900943,-189.25149342364637,47.98199080400278,-0.030381,0.016879,6238.8,6381.7,0.511050,0.497517,0.500000,1.9663,1.0000,,,,,
4.5120,1778843157.056893,369,6.765010,0.695786,0.155004,2.1148,0.2080,0.153519,6.709805,0.693097,0.153501,2.1345,6.782083,0.702493,0.156287,2.0248,0.2136,0.136740,1.158028,0.1759,6.782083,0.729237,0.372090,3.4626,-0.011244,-1.093287,631.6716,0,1,clay,1.0000,0.500000,0,0,0.000000,0.000000,0.000000,0,nan,0.00,0.348468,0.8320,0.0007,0.183991,0.8944,1.63,5.56,8.82,5.29,-0.023603,-12.5721,-1.3282,nan,nan,nan,nan,nan,nan,214.77481903111013,40.20225398918811,-125.74833207008528,45.801928195793394,-0.043989,0.019881,6236.3,6384.2,0.515430,0.487244,-0.939758,2.0145,1.0000,,,,,
4.5240,1778843157.063643,370,6.824975,0.585935,0.151382,2.0654,0.2042,0.156191,6.734451,0.702442,0.155357,2.1579,6.841440,0.592308,0.152621,2.0343,0.2123,0.138790,1.162426,0.1839,6.841440,0.752347,0.370466,3.5171,1.000000,-1.119177,631.4861,0,1,clay,1.0000,0.500000,0,0,0.000000,0.000000,0.000000,0,nan,0.00,0.371195,0.8311,0.0007,0.195991,0.8810,1.47,5.51,8.45,5.27,-0.014258,-12.4658,-1.3592,0.008000,0.131848,-0.1950,0.083566,0.024727,0.015093,306.24672186201167,742.6791014968155,-494.4720474662677,53.7962802032679,-0.041831,0.021948,6235.2,6385.3,0.517355,0.498704,-0.022487,2.0244,1.0000,,,,,
4.5360,1778843157.075683,371,6.667085,0.706494,0.152968,2.2058,0.1783,0.155433,6.759366,0.711905,0.157203,2.1814,6.683230,0.712702,0.154185,2.0691,0.2107,0.144030,1.166503,0.2042,6.683230,0.690513,0.374606,3.3696,-0.792426,-1.153745,600.4753,0,1,clay,1.0000,0.500000,0,0,0.000000,0.000000,0.000000,0,nan,0.00,0.353186,0.8300,0.0006,0.186482,0.8672,1.34,5.48,8.16,5.32,-0.004795,-12.3600,-1.1883,0.008000,0.043527,0.0588,0.087213,0.024743,0.017279,272.98579904878363,1014.1143223478646,-183.96511465730572,61.71053605811916,-0.022597,0.025606,6234.2,6386.3,0.519101,0.465793,1.000000,2.0595,1.0000,,,,,
4.5480,1778843157.087655,372,6.841408,0.707307,0.162007,2.2159,0.1966,0.150345,6.784537,0.721411,0.159007,2.2053,6.857205,0.713434,0.163169,2.0990,0.2053,0.140559,1.169990,0.1802,6.857205,0.758466,0.370016,3.5314,0.132768,-1.190146,598.5041,0,1,clay,1.0000,0.500000,0,0,0.000000,0.000000,0.000000,0,nan,0.00,0.356203,0.8285,0.0006,0.188075,0.8529,1.22,5.45,7.88,5.27,0.004711,-12.2567,-1.3261,0.008000,0.108493,0.5125,0.095622,0.030867,0.022787,234.0399140194689,492.40179502135067,-106.19039695946174,53.950929343322784,-0.027143,0.025942,6233.4,6387.2,0.520627,0.465009,-0.792426,2.0897,1.0000,,,,,
4.5600,1778843157.141882,373,6.859907,0.671582,0.162404,2.2030,0.1741,0.157867,6.809929,0.731059,0.160856,2.2257,6.875387,0.677534,0.163542,2.1205,0.2016,0.143070,1.145665,0.1891,6.875387,0.765513,0.369489,3.5479,1.000000,-1.192539,587.7258,0,1,clay,1.0000,0.500000,0,0,0.000000,0.000000,0.000000,0,nan,0.00,0.378930,0.8267,0.0006,0.200075,0.8386,1.11,5.54,7.76,6.05,0.014359,-12.1507,-1.3222,0.008000,0.071827,0.4341,0.091877,0.025636,0.024419,588.0201465788457,582.062783351294,-332.0743317219703,97.25322549984605,-0.020962,0.029474,6239.5,6381.1,0.509886,0.472268,0.132768,2.1117,1.0000,,,,,
4.5840,1778843157.148484,374,6.815894,0.705865,0.167277,2.3078,0.2326,0.153904,6.861348,0.750657,0.164566,2.2644,6.832922,0.712521,0.168513,2.1845,0.2142,0.147738,1.121363,0.2083,6.832922,0.749037,0.370705,3.5093,0.201128,-1.196685,553.3830,0,1,clay,1.0000,0.500000,0,0,0.000000,0.000000,0.000000,0,nan,0.00,0.388073,0.8218,0.0005,0.204902,0.8098,1.34,5.64,8.31,6.20,0.033957,-11.9381,-1.2450,0.020000,0.017434,0.5498,0.128616,0.039471,0.025319,-48.91881486799437,707.6607675607985,-65.56130282601909,63.000589483517714,-0.007274,0.023874,6245.5,6375.1,0.499447,0.446897,0.500000,2.1753,1.0000,,,,,
4.6080,1778843157.155217,375,6.892314,0.771349,0.160359,2.3202,0.1879,0.153144,6.913636,0.770284,0.168134,2.2979,6.911890,0.778700,0.161748,2.2324,0.2097,0.148403,1.093754,0.2068,6.911890,0.779627,0.368400,3.5808,-0.581934,-1.199008,540.8628,0,1,clay,1.0000,0.500000,0,0,0.000000,0.000000,0.000000,0,nan,0.00,0.361621,0.8160,0.0005,0.190936,0.7811,1.78,5.65,9.22,5.72,-0.043216,-11.3142,-1.2829,0.020000,0.052142,-0.4168,0.131750,0.028222,0.033275,-179.2692926462642,298.40157864807065,-45.90005402809125,101.2541456015966,0.005420,0.026555,6252.2,6368.4,0.487796,0.447097,0.201128,2.2223,1.0000,,,,,
4.6200,1778843157.161442,376,6.865244,0.748039,0.178146,2.4050,0.2514,0.150114,6.940060,0.780245,0.169960,2.3170,6.885452,0.755993,0.179543,2.2680,0.2130,0.144093,1.091737,0.1855,6.885452,0.769409,0.369193,3.5570,-1.000000,-1.210345,523.0494,0,1,clay,1.0000,0.500000,0,0,0.000000,0.000000,0.000000,0,nan,0.00,0.338894,0.8130,0.0004,0.178936,0.7665,1.88,5.63,9.39,5.47,-0.033255,-11.2096,-1.2400,0.008000,0.113720,0.4690,0.117035,0.038514,0.028571,-259.26782512251305,512.0876792066318,61.68001695367899,51.092943391679924,-0.008900,0.021523,6252.6,6367.9,0.487025,0.428742,-1.163867,2.2576,1.0000,,,,,
4.6320,1778843157.171600,377,6.878481,0.784725,0.172354,2.3251,0.1955,0.146758,6.966706,0.790175,0.171716,2.3353,6.897895,0.792131,0.173662,2.2805,0.2071,0.140362,1.084979,0.1700,6.897895,0.774221,0.368822,3.5682,-1.000000,-1.217498,520.0601,0,1,clay,1.0000,0.500000,0,0,0.000000,0.000000,0.000000,0,nan,0.00,0.316167,0.8098,0.0004,0.166936,0.7519,1.67,5.56,8.90,5.20,-0.023325,-11.1090,-1.2329,0.008000,0.197216,0.3354,0.120190,0.010023,-0.002525,-218.1391744815041,479.40651741881203,-8.013820278139107,63.307779291065955,-0.017485,0.021974,6254.4,6366.1,0.483849,0.446666,-1.000000,2.2707,1.0000,,,,,
4.6440,1778843157.183667,378,6.999794,0.901984,0.174214,2.4022,0.0999,0.143742,6.993546,0.800176,0.173481,2.3541,7.018576,0.908928,0.175443,2.3054,0.1878,0.137182,1.078795,0.1584,7.018576,0.820605,0.364990,3.6761,-1.000000,-1.238245,524.8856,0,1,clay,1.0000,0.500000,0,0,0.000000,0.000000,0.000000,0,nan,0.00,0.293439,0.8063,0.0004,0.154936,0.7371,1.50,5.50,8.50,5.13,-0.013324,-11.0078,-1.3221,0.008000,0.164746,0.3223,0.110428,0.002035,0.010561,63.53432280761251,475.3624551098294,-10.953527413759048,129.65033228303145,-0.017368,0.029802,6256.1,6364.4,0.480931,0.428988,-1.000000,2.2961,1.0000,,,,,
4.6560,1778843157.240355,379,6.976802,0.732200,0.175594,2.3211,0.2683,0.148273,7.020594,0.810273,0.175261,2.3728,6.994800,0.738961,0.176758,2.3098,0.1977,0.134787,1.072144,0.1467,6.994800,0.811509,0.365777,3.6550,1.000000,-1.234150,516.8176,0,1,clay,1.0000,0.500000,0,0,0.000000,0.000000,0.000000,0,nan,0.00,0.316167,0.8027,0.0004,0.166936,0.7223,1.35,5.56,8.26,5.90,-0.003227,-10.9059,-1.2822,0.008000,0.099043,-0.0934,0.084934,0.030323,0.021894,188.2555849524017,346.7524890033537,-105.34326619178886,76.34379327664453,-0.035196,0.022736,6257.9,6362.7,0.477874,0.432719,-1.000000,2.3010,1.0000,,,,,
4.6800,1778843157.246863,380,7.072026,0.854393,0.182858,2.3980,0.1126,0.157869,7.075130,0.830977,0.179046,2.4058,7.091207,0.861548,0.184121,2.3417,0.1792,0.141435,1.073784,0.1756,7.091207,0.848257,0.362560,3.7401,-0.310753,-1.259780,515.3998,0,1,clay,1.0000,0.500000,0,0,0.000000,0.000000,0.000000,0,nan,0.00,0.302041,0.7942,0.0003,0.159478,0.6920,1.54,5.65,8.72,6.18,0.017477,-10.6890,-1.3344,0.020000,0.100249,0.2870,0.097375,-0.013167,0.006984,-161.28395669247087,484.5178997696754,-116.21802081891732,180.6580331247705,-0.010096,0.037005,6257.3,6363.2,0.478817,0.432478,0.500000,2.3324,1.0000,,,,,
4.7040,1778843157.253560,381,7.166709,0.800651,0.180884,2.4075,0.2568,0.142354,7.130561,0.851542,0.182532,2.4426,7.188268,0.808759,0.182246,2.3669,0.1973,0.135575,1.052498,0.1565,7.188268,0.884892,0.359250,3.8228,0.835290,-1.264351,511.8960,0,1,clay,1.0000,0.500000,0,0,0.000000,0.000000,0.000000,0,nan,0.00,0.340009,0.7850,0.0003,0.179525,0.6617,1.97,5.61,9.56,5.40,-0.056458,-10.0025,-1.3802,0.020000,0.126186,-0.1377,0.060123,0.008039,0.004629,-184.05743273775084,381.9325714039735,-291.63504359387457,83.21996065640135,-0.024592,0.022893,6262.4,6358.2,0.470055,0.431813,-0.310753,2.3568,1.0000,,,,,
4.7160,1778843157.259435,382,7.178901,0.801228,0.183593,2.4786,0.2821,0.143506,7.158594,0.861871,0.184266,2.4610,7.202132,0.810229,0.185079,2.3912,0.2169,0.142492,1.048796,0.1881,7.202132,0.890095,0.358772,3.8342,1.000000,-1.274269,503.2881,0,1,clay,1.0000,0.500000,0,0,0.000000,0.000000,0.000000,0,nan,0.00,0.362736,0.7804,0.0003,0.191525,0.6464,2.33,5.57,10.23,5.36,-0.046129,-9.9032,-1.3732,0.008000,0.078647,0.4014,0.038606,0.026958,0.005429,-168.31565117832864,266.5044069418301,-185.14887189224828,5.306450288733394,-0.008413,0.015285,6263.1,6357.5,0.468812,0.412979,1.670580,2.3804,1.0000,,,,,
4.7280,1778843157.267854,383,7.273745,0.859205,0.187668,2.4891,0.1941,0.146175,7.186822,0.872298,0.186022,2.4782,7.295845,0.867842,0.189090,2.4116,0.2171,0.146391,1.044250,0.2012,7.295845,0.925063,0.355495,3.9076,-0.198167,-1.290480,502.7215,0,1,clay,1.0000,0.500000,0,0,0.000000,0.000000,0.000000,0,nan,0.00,0.358233,0.7757,0.0003,0.189147,0.6309,2.06,5.52,9.64,5.21,-0.035702,-9.8026,-1.4293,0.008000,0.174096,-0.3601,0.024265,0.029919,0.015848,-120.32512269230773,403.3351727943714,52.150993466067284,16.794696623180336,0.007201,0.016709,6264.4,6356.2,0.466529,0.412283,1.000000,2.4014,1.0000,,,,,
4.7400,1778843157.279714,384,7.280689,0.862728,0.193642,2.5567,0.1113,0.142638,7.215262,0.882730,0.187747,2.4973,7.301862,0.870895,0.194975,2.4411,0.1997,0.143987,1.042660,0.1873,7.301862,0.927296,0.355282,3.9121,-0.838293,-1.308904,491.6663,0,1,clay,1.0000,0.500000,0,0,0.000000,0.000000,0.000000,0,nan,0.00,0.339181,0.7708,0.0003,0.179087,0.6152,1.83,5.48,9.14,5.29,-0.025270,-9.7038,-1.4149,0.008000,0.165979,0.3406,0.042481,0.021603,0.025252,-147.86757320445,286.93848333683366,32.26009146721687,78.69343955633151,0.015471,0.023850,6264.9,6355.7,0.465600,0.397666,-0.198167,2.4315,1.0000,,,,,
4.7520,1778843157.338932,385,7.243486,0.884061,0.187485,2.5214,0.2035,0.140626,7.243888,0.893158,0.189410,2.5026,7.263859,0.891716,0.188735,2.4580,0.1982,0.140364,1.043457,0.1718,7.263859,0.913167,0.356624,3.8832,-1.000000,-1.325267,483.2415,0,1,clay,1.0000,0.500000,0,0,0.000000,0.000000,0.000000,0,nan,0.00,0.316453,0.7657,0.0003,0.167087,0.5993,1.63,5.56,8.81,5.97,-0.014842,-9.6084,-1.3807,0.008000,0.105137,-0.0960,0.035547,0.046900,0.041331,-134.39672893833395,373.29787115588044,123.22441573612622,57.11220313286019,0.006551,0.022009,6264.8,6355.8,0.465776,0.388156,-0.838293,2.4489,1.0000,,,,,
4.7760,1778843157.345446,386,7.308476,0.972950,0.190914,2.5571,0.1691,0.132534,7.301924,0.913963,0.192601,2.5536,7.329956,0.980887,0.192167,2.4934,0.1889,0.134694,1.035615,0.1580,7.329956,0.937704,0.354278,3.9333,-1.000000,-1.346994,475.5402,0,1,clay,1.0000,0.500000,0,0,0.000000,0.000000,0.000000,0,nan,0.00,0.270999,0.7545,0.0002,0.143087,0.5670,1.76,5.65,9.17,6.15,0.005963,-9.4257,-1.3797,0.020000,0.179306,0.0388,0.066926,0.018040,0.018815,168.6137970945933,311.8709592767591,5.543341877316692,59.394170480716255,0.002853,0.022159,6266.6,6353.9,0.462575,0.393496,-0.500000,2.4839,1.0000,,,,,
4.8120,1778843157.352119,387,7.384767,0.850814,0.193983,2.7073,0.1356,0.145178,7.390243,0.946441,0.197855,2.6060,7.406742,0.858644,0.195206,2.5867,0.1668,0.131089,1.036694,0.1342,7.406742,0.965985,0.351486,3.9925,0.745093,-1.390131,443.4987,0,1,clay,1.0000,0.500000,0,0,0.000000,0.000000,0.000000,0,nan,0.00,0.321801,0.7354,0.0002,0.169911,0.5169,1.65,5.62,8.91,5.47,-0.053559,-8.6025,-1.3865,0.008000,0.050360,-0.1043,0.105239,-0.007030,0.016505,332.00071809331445,773.9488282245329,-84.29615531013664,106.3828227610012,-0.008197,0.030674,6266.4,6354.2,0.463054,0.357621,-0.666667,2.5774,1.0000,,,,,
4.8240,1778843157.363685,388,7.388608,0.862141,0.195449,2.7406,0.1390,0.141945,7.420066,0.957404,0.199554,2.6231,7.409999,0.869820,0.196666,2.6179,0.1713,0.140714,1.027561,0.1763,7.409999,0.967179,0.351366,3.9951,1.000000,-1.415074,430.8552,0,1,clay,1.0000,0.500000,0,0,0.000000,0.000000,0.000000,0,nan,0.00,0.344528,0.7295,0.0002,0.181911,0.4999,1.49,5.56,8.54,5.25,-0.042596,-8.5052,-1.3720,0.008000,0.053823,-0.2222,0.112948,-0.040744,-0.007200,209.94262797952896,557.1576247222614,76.54006357147729,124.99308602486501,0.022451,0.032121,6268.7,6351.9,0.458985,0.351095,2.235279,2.6090,1.0000,,,,,
4.8360,1778843157.375594,389,7.406256,0.979325,0.205035,2.6588,0.2755,0.139164,7.450070,0.968431,0.201226,2.6395,7.426750,0.987097,0.206214,2.6271,0.1924,0.143833,1.015272,0.1902,7.426750,0.973313,0.350747,4.0087,-1.000000,-1.425299,429.1604,0,1,clay,1.0000,0.500000,0,0,0.000000,0.000000,0.000000,0,nan,0.00,0.321801,0.7235,0.0002,0.169911,0.4828,1.35,5.52,8.21,5.25,-0.031569,-8.4094,-1.3692,0.008000,0.120036,0.0748,0.102636,-0.015168,-0.003776,262.37774512281754,968.1935412681082,218.7183504601348,46.58563202648412,0.027062,0.023027,6271.9,6348.7,0.453437,0.370998,1.000000,2.6186,1.0000,,,,,
4.8480,1778843157.387629,390,7.532231,0.936333,0.206713,2.5752,0.1108,0.141560,7.480229,0.979584,0.202912,2.6548,7.551951,0.943702,0.207830,2.6183,0.1759,0.138544,1.007668,0.1619,7.551951,1.018787,0.346002,4.1252,-0.661961,-1.420291,436.9654,0,1,clay,1.0000,0.500000,0,0,0.000000,0.000000,0.000000,0,nan,0.00,0.306756,0.7174,0.0002,0.161967,0.4658,1.22,5.50,7.95,5.42,-0.020416,-8.3128,-1.4704,0.008000,0.023907,-0.1525,0.064905,-0.015272,0.002710,410.2245595795871,707.71235902906,228.6890863981695,117.54825512990678,0.019821,0.028350,6273.9,6346.7,0.449933,0.390720,-1.000000,2.6102,1.0000,,,,,
4.8600,1778843157.439860,391,7.514991,0.906841,0.208669,2.6604,0.1112,0.142748,7.510549,0.990880,0.204636,2.6711,7.534236,0.913965,0.209750,2.6277,0.1651,0.137293,1.001481,0.1568,7.534236,1.012394,0.346687,4.1073,0.735862,-1.412545,432.1815,0,1,clay,1.0000,0.500000,0,0,0.000000,0.000000,0.000000,0,nan,0.00,0.323480,0.7111,0.0002,0.170797,0.4488,1.12,5.55,7.78,5.79,-0.009120,-8.2140,-1.4363,0.008000,0.074359,0.3379,0.057579,-0.016920,0.013247,371.3883494685944,786.3578351527992,166.32270760494765,165.79290716305513,0.016485,0.032581,6275.6,6345.0,0.447044,0.370259,-0.661961,2.6200,1.0000,,,,,
4.8840,1778843157.446171,392,7.521288,0.997227,0.207644,2.7083,0.2145,0.137866,7.571756,1.013583,0.207963,2.7040,7.541878,1.004960,0.208794,2.6567,0.1845,0.140334,0.983428,0.1768,7.541878,1.015154,0.346392,4.1150,-0.992971,-1.405034,421.3312,0,1,clay,1.0000,0.500000,0,0,0.000000,0.000000,0.000000,0,nan,0.00,0.278345,0.6974,0.0001,0.146966,0.4151,1.33,5.56,8.21,5.62,0.013583,-8.0234,-1.4110,0.008000,0.084285,0.1150,0.051623,0.020598,0.029657,154.4372361997017,338.0078555428415,152.65159036936996,94.5811030754657,0.020843,0.024362,6280.0,6340.6,0.439332,0.361780,0.367931,2.6486,1.0000,,,,,
4.9080,1778843157.452254,393,7.653408,1.007227,0.215054,2.7200,0.1077,0.140709,7.633677,1.036588,0.211262,2.7380,7.676163,1.015651,0.216279,2.6805,0.1595,0.132108,0.966663,0.1380,7.676163,1.063222,0.341041,4.2353,-0.557496,-1.394254,416.7446,0,1,clay,1.0000,0.500000,0,0,0.000000,0.000000,0.000000,0,nan,0.00,0.253004,0.6833,0.0001,0.133586,0.3817,1.71,5.51,8.93,5.22,-0.052712,-7.2597,-1.4973,nan,nan,nan,nan,nan,nan,390.89263446153484,510.8114355812455,128.10078033120703,196.83080649800772,0.006417,0.032431,6284.0,6336.6,0.432388,0.356427,-0.992971,2.6717,1.0000,,,,,
4.9200,1778843157.459665,394,7.624467,1.027202,0.217764,2.6987,0.1597,0.137810,7.664895,1.048263,0.212934,2.7540,7.646223,1.035285,0.218917,2.6852,0.1575,0.129282,0.957915,0.1288,7.646223,1.052575,0.342261,4.2136,-1.000000,-1.381386,413.7590,0,1,clay,1.0000,0.500000,0,0,0.000000,0.000000,0.000000,0,nan,0.00,0.230277,0.6765,0.0001,0.121586,0.3651,1.53,5.47,8.54,5.27,-0.041037,-7.1639,-1.4596,0.008000,0.086459,0.5414,-0.013461,-0.001869,0.016495,360.04133834581216,601.7722143540703,36.483274399835445,201.35752800830187,-0.006778,0.031585,6286.3,6334.2,0.428234,0.362918,-1.114993,2.6770,1.0000,,,,,
4.9320,1778843157.471721,395,7.720062,1.080934,0.224030,2.7526,0.1615,0.136464,7.696300,1.059990,0.214579,2.7715,7.741129,1.088861,0.225126,2.6995,0.1554,0.125901,0.949259,0.1133,7.741129,1.086180,0.338340,4.2634,-1.000000,-1.373919,411.6004,0,1,clay,1.0000,0.500000,0,0,0.000000,0.000000,0.000000,0,nan,0.00,0.207550,0.6697,0.0001,0.109586,0.3486,1.40,5.42,8.23,5.16,-0.029310,-7.0696,-1.4919,0.008000,0.135768,0.7616,-0.029058,-0.022146,-0.009998,290.31379422401244,365.09021334178476,-57.498423041419755,197.54384544115763,-0.018069,0.030490,6288.7,6331.9,0.424180,0.350717,-1.000000,2.6916,1.0000,,,,,
4.9440,1778843157.483646,396,7.680306,1.022619,0.218621,2.8092,0.1986,0.133207,7.727877,1.071765,0.216206,2.7860,7.700812,1.030207,0.219660,2.7219,0.1598,0.123004,0.939021,0.1016,7.700812,1.071956,0.340025,4.2495,0.309958,-1.363210,400.7255,0,1,clay,1.0000,0.500000,0,0,0.000000,0.000000,0.000000,0,nan,0.00,0.214594,0.6627,0.0001,0.113306,0.3322,1.27,5.39,7.94,5.20,-0.017535,-6.9764,-1.4635,0.008000,0.059700,-0.1133,-0.014241,-0.008069,0.007550,300.23179907083437,539.4220771001591,-141.17334579979394,160.19468559494766,-0.031184,0.026454,6291.4,6329.2,0.419448,0.336026,-1.000000,2.7144,1.0000,,,,,
4.9560,1778843157.537867,397,7.835457,1.077920,0.220268,2.7730,0.2196,0.137056,7.759588,1.083788,0.217955,2.8015,7.855343,1.085404,0.221282,2.7329,0.1710,0.125638,0.932123,0.1157,7.855343,1.126053,0.333356,4.2377,0.094327,-1.357552,400.2995,0,1,clay,1.0000,0.500000,0,0,0.000000,0.000000,0.000000,0,nan,0.00,0.216738,0.6557,0.0001,0.114438,0.3160,1.16,5.45,7.77,5.77,-0.005512,-6.8762,-1.4363,0.008000,0.054603,-0.0811,0.006626,0.008524,0.006130,599.1588512653275,850.6098605600714,-415.20525752859334,116.3138691617343,-0.030594,0.022285,6293.2,6327.3,0.416207,0.343976,0.309958,2.7257,1.0000,,,,,
4.9800,1778843157.544161,398,7.805305,1.178422,0.226453,2.8808,0.2820,0.144756,7.823292,1.108350,0.221603,2.8257,7.826618,1.186838,0.227541,2.7834,0.2002,0.127605,0.897854,0.1152,7.826618,1.116086,0.334644,4.2509,-1.000000,-1.339605,381.7700,0,1,clay,1.0000,0.500000,0,0,0.000000,0.000000,0.000000,0,nan,0.00,0.171284,0.6407,0.0001,0.090438,0.2838,1.35,5.49,8.20,5.75,0.019050,-6.6671,-1.4253,0.020000,0.173704,0.1704,0.048110,0.046744,0.006580,-165.381416539489,861.3323624626214,-642.02444061317,-9.496520035770494,-0.040338,0.010738,6301.8,6318.8,0.401322,0.320572,0.047164,2.7760,1.0000,,,,,
5.0040,1778843157.550370,399,7.866858,1.111468,0.228457,2.8395,0.1662,0.132109,7.887806,1.132569,0.224828,2.8589,7.890560,1.120594,0.229598,2.8046,0.1807,0.117180,0.882021,0.0815,7.890560,1.138216,0.331746,4.2186,-0.558698,-1.317116,372.2047,0,1,clay,1.0000,0.500000,0,0,0.000000,0.000000,0.000000,0,nan,0.00,0.145888,0.6255,0.0001,0.077029,0.2522,1.74,5.45,8.94,5.20,-0.043031,-5.8263,-1.3597,0.020000,0.074446,0.3226,0.041537,0.029153,0.009965,-238.25333448107824,541.6265422914962,-325.4524081289834,53.69493897414496,-0.056817,0.014108,6305.5,6315.0,0.394757,0.330002,-1.000000,2.7966,1.0000,,,,,
5.0160,1778843157.556042,400,7.884641,1.174837,0.228126,2.9027,0.1688,0.136275,7.920331,1.144772,0.226451,2.8750,7.907863,1.183666,0.229221,2.8248,0.1742,0.114796,0.879815,0.0722,7.907863,1.144169,0.330942,4.2088,-1.000000,-1.310848,366.0595,0,1,clay,1.0000,0.500000,0,0,0.000000,0.000000,0.000000,0,nan,0.00,0.123161,0.6183,0.0001,0.065029,0.2365,1.64,5.41,8.69,5.18,-0.030828,-5.7333,-1.3338,0.008000,0.079761,-0.0781,0.039971,0.047594,0.025852,-251.9502347149021,412.9459334331542,-390.63911636504264,67.91877829291472,-0.067222,0.015698,6306.2,6314.3,0.393546,0.318317,-1.117396,2.8171,1.0000,,,,,
5.0280,1778843157.567651,401,7.919458,1.196784,0.222753,2.9005,0.1732,0.134135,7.953026,1.157008,0.228057,2.8909,7.941872,1.205086,0.223786,2.8406,0.1689,0.111869,0.876830,0.0567,7.941872,1.155824,0.329337,4.1903,-1.000000,-1.309473,361.1168,0,1,clay,1.0000,0.500000,0,0,0.000000,0.000000,0.000000,0,nan,0.00,0.100434,0.6110,0.0001,0.053029,0.2207,1.47,5.38,8.32,5.22,-0.018592,-5.6413,-1.2993,0.008000,0.070422,-0.5210,0.052235,0.053548,0.035488,-520.9043861678515,435.29601156391607,-507.51308489105827,77.89846560112738,-0.076920,0.016412,6307.1,6313.4,0.391987,0.317505,-1.000000,2.8332,1.0000,,,,,
5.0400,1778843157.579626,402,7.946128,1.183552,0.229359,2.8567,0.2647,0.127439,7.985932,1.169246,0.229619,2.9084,7.967675,1.191764,0.230334,2.8449,0.1795,0.108646,0.872312,0.0450,7.967675,1.164625,0.328098,4.1780,-0.905931,-1.304874,359.5617,0,1,clay,1.0000,0.500000,0,0,0.000000,0.000000,0.000000,0,nan,0.00,0.079844,0.6036,0.0001,0.042158,0.2051,1.33,5.35,8.01,5.20,-0.006354,-5.5518,-1.2695,0.008000,0.050173,-0.4788,0.043361,0.082842,0.050148,-366.48599565900815,357.4456495660045,-655.7109363808011,-0.15732519287455915,-0.092888,0.010020,6308.4,6312.2,0.389808,0.327325,-1.000000,2.8378,1.0000,,,,,
5.0520,1778843157.636408,403,8.050272,1.248253,0.232264,2.9367,0.1589,0.162770,8.018949,1.181812,0.231372,2.9149,8.071240,1.256272,0.233237,2.8638,0.1709,0.110956,0.881241,0.0351,8.071240,1.199587,0.323052,4.1595,-1.000000,-1.317442,356.3465,0,1,clay,1.0000,0.500000,0,0,0.000000,0.000000,0.000000,0,nan,0.00,0.057117,0.5962,0.0001,0.030158,0.1893,1.21,5.43,7.86,5.88,0.006212,-5.4514,-1.2446,0.008000,0.154344,0.0175,0.041138,0.064407,0.047298,837.2617864568326,367.73940240739967,-890.8409686215527,49.46332254850509,-0.102870,0.016107,6306.2,6314.3,0.393582,0.302082,-0.905931,2.8569,1.0000,,,,,
5.0880,1778843157.642871,404,8.037949,1.268460,0.241716,2.9744,0.2479,0.110715,8.119053,1.218863,0.235980,2.9656,8.058745,1.276600,0.242580,2.9127,0.1885,0.100320,0.864531,0.0225,8.058745,1.195399,0.323653,4.1593,-0.848286,-1.321289,338.6848,0,1,clay,1.0000,0.500000,0,0,0.000000,0.000000,0.000000,0,nan,0.00,-0.000721,0.5715,0.0001,-0.000381,0.1417,1.09,5.48,7.66,5.79,0.043263,-5.1874,-1.1936,0.008000,0.054635,0.0810,0.032962,0.094139,0.062438,-800.1252034155013,444.4950314322793,-1451.5517877222278,-141.30593897340708,-0.113439,0.000752,6310.5,6310.1,0.386149,0.300062,-0.333333,2.9061,1.0000,,,,,
5.1000,1778843157.649173,405,8.153610,1.186720,0.238257,2.9475,0.1597,0.115775,8.152866,1.230992,0.237345,2.9828,8.177366,1.195657,0.239170,2.9216,0.1687,0.087680,0.855079,-0.0077,8.177366,1.234819,0.318062,4.1680,1.000000,-1.309969,336.1417,0,1,clay,1.0000,0.500000,0,0,0.000000,0.000000,0.000000,0,nan,0.00,0.022007,0.5641,0.0001,0.011619,0.1260,1.58,5.44,8.59,5.21,-0.027608,-4.4362,-1.1853,nan,nan,nan,nan,nan,nan,-934.3110428660532,386.7257574121629,-839.8311854130637,-103.03806068521202,-0.138638,0.003136,6312.5,6308.0,0.382586,0.302936,-2.544857,2.9141,1.0000,,,,,
5.1120,1778843157.654838,406,8.208210,1.247719,0.233215,2.9674,0.2234,0.111812,8.186858,1.243158,0.238712,2.9981,8.233841,1.257231,0.234187,2.9324,0.1746,0.089459,0.848334,0.0209,8.233841,1.253332,0.315492,4.1650,1.000000,-1.300633,333.6541,0,1,clay,1.0000,0.500000,0,0,0.000000,0.000000,0.000000,0,nan,0.00,0.044734,0.5566,0.0001,0.023619,0.1104,1.91,5.40,9.23,5.17,-0.015442,-4.3579,-1.1669,0.008000,0.059794,-0.4641,0.031677,0.086333,0.050075,-948.9678624445337,572.1011055424713,-1302.2156926449247,-137.98618567917046,-0.125898,0.000382,6314.1,6306.5,0.379931,0.300160,1.000000,2.9244,1.0000,,,,,
5.1240,1778843157.663661,407,8.171120,1.215978,0.239128,2.9996,0.0634,0.110554,8.221056,1.255288,0.240032,3.0155,8.195623,1.225008,0.240056,2.9465,0.1557,0.092211,0.845172,0.0324,8.195623,1.240822,0.317225,4.1683,1.000000,-1.296049,327.5736,0,1,clay,1.0000,0.500000,0,0,0.000000,0.000000,0.000000,0,nan,0.00,0.067461,0.5467,0.0001,0.035619,0.0948,1.71,5.39,8.80,5.31,-0.003312,-4.2822,-1.1528,0.008000,0.066638,-0.0901,0.026166,0.080956,0.071343,-866.7433012956928,454.8206932382996,-1123.9498011759613,-20.921523615145375,-0.102531,0.008576,6315.0,6305.5,0.378238,0.291324,1.000000,2.9390,1.0000,,,,,
5.1360,1778843157.675575,408,8.191816,1.263236,0.238438,2.9961,0.0695,0.101713,8.255447,1.267297,0.241266,3.0277,8.215402,1.271727,0.239318,2.9573,0.1416,0.093637,0.852320,0.0441,8.215402,1.247305,0.316325,4.1674,0.029050,-1.304305,325.3483,0,1,clay,1.0000,0.500000,0,0,0.000000,0.000000,0.000000,0,nan,0.00,0.068121,0.5372,0.0001,0.035968,0.0792,1.52,5.37,8.42,5.24,0.008697,-4.2115,-1.1397,0.008000,0.043045,0.1985,0.021743,0.064995,0.071363,-774.2382845712137,394.2350708548589,-902.673262584332,43.86874849976199,-0.080937,0.013732,6313.3,6307.2,0.381160,0.295531,1.000000,2.9500,1.0000,,,,,
5.1480,1778843157.695521,409,8.277355,1.254779,0.232354,3.0650,-0.0301,0.103573,8.290013,1.279317,0.242493,3.0425,8.300328,1.262555,0.233184,2.9792,0.1106,0.091541,0.845062,0.0362,8.300328,1.274923,0.312450,4.1422,0.932010,-1.304164,318.8863,0,1,clay,1.0000,0.500000,0,0,0.000000,0.000000,0.000000,0,nan,0.00,0.089303,0.5282,0.0000,0.047152,0.0635,1.37,5.37,8.12,5.40,0.020717,-4.1412,-1.0998,0.008000,0.054569,-0.5068,0.040204,0.027485,0.073109,-853.9637741112667,219.7483167939452,-902.9952130611744,197.32844139268252,-0.066179,0.024472,6315.3,6305.3,0.377799,0.279644,0.029050,2.9723,1.0000,,,,,
5.1600,1778843157.701432,410,8.305896,1.330667,0.244839,3.0407,0.1214,0.103851,8.324745,1.291373,0.243731,3.0564,8.329746,1.339072,0.245699,2.9926,0.1137,0.093390,0.835658,0.0550,8.329746,1.284403,0.311031,4.1264,-1.000000,-1.300284,315.9398,0,1,clay,1.0000,0.500000,0,0,0.000000,0.000000,0.000000,0,nan,0.00,0.066576,0.5197,0.0000,0.035152,0.0479,1.53,5.33,8.38,5.09,0.032773,-4.0703,-1.0701,0.008000,0.043987,0.0290,0.033578,0.048075,0.090635,-813.8730890463628,313.20544209160585,-655.9855266239837,189.46045223532684,-0.053403,0.023280,6317.6,6303.0,0.373824,0.287790,0.932010,2.9855,1.0000,,,,,
5.1720,1778843157.711581,411,8.216847,1.265663,0.248333,3.0761,0.1254,0.096252,8.359667,1.303363,0.244909,3.0716,8.239865,1.273778,0.249122,3.0099,0.1100,0.086923,0.836489,0.0271,8.239865,1.255297,0.315222,4.1639,-1.000000,-1.302944,307.4225,0,1,clay,1.0000,0.500000,0,0,0.000000,0.000000,0.000000,0,nan,0.00,0.043849,0.5115,0.0000,0.023152,0.0323,1.38,5.32,8.07,5.24,0.044763,-4.0028,-1.0923,nan,nan,nan,nan,nan,nan,-734.484222539325,300.1763799681971,-388.2573022533851,154.8346914561239,-0.063388,0.021182,6317.5,6303.1,0.373983,0.280798,-1.000000,3.0031,1.0000,,,,,
5.1840,1778843157.723594,412,8.423117,1.246881,0.245897,3.0796,0.1126,0.097907,8.394770,1.315369,0.246088,3.0860,8.445477,1.254628,0.246636,3.0244,0.1061,0.083265,0.830606,0.0153,8.445477,1.321228,0.304982,4.0567,1.000000,-1.294289,306.0400,0,1,clay,1.0000,0.500000,0,0,0.000000,0.000000,0.000000,0,nan,0.00,0.066576,0.5038,0.0000,0.035152,0.0168,1.24,5.30,7.79,5.23,-0.022931,-3.1961,-0.9707,nan,nan,nan,nan,nan,nan,-761.0498645134248,242.59709566105775,-486.59411920821117,148.0155246830044,-0.073109,0.020507,6319.0,6301.5,0.371232,0.278438,-1.000000,3.0179,1.0000,,,,,
5.1960,1778843157.735713,413,8.489517,1.247847,0.246577,3.1206,0.1279,0.100520,8.430045,1.327381,0.247236,3.1012,8.511443,1.255493,0.247308,3.0441,0.1120,0.087737,0.827353,0.0428,8.511443,1.341859,0.301204,4.0304,1.000000,-1.287694,300.8339,0,1,clay,1.0000,0.500000,0,0,0.000000,0.000000,0.000000,0,nan,0.00,0.089303,0.4964,0.0000,0.047152,0.0013,1.15,5.29,7.60,5.24,-0.010919,-3.1303,-0.9293,0.008000,0.205015,-0.3458,0.038568,0.043550,0.088367,-691.0743243099816,353.9824036663345,-746.5458150664042,125.40611170600563,-0.060269,0.019226,6319.9,6300.6,0.369653,0.269543,1.000000,3.0378,1.0000,,,,,
5.2080,1778843157.747593,414,8.518170,1.308404,0.246657,3.1460,0.1291,0.083768,8.465536,1.339236,0.248273,3.1154,8.539677,1.315887,0.247355,3.0649,0.1161,0.087876,0.827558,0.0546,8.539677,1.350605,0.299565,4.0256,0.072760,-1.289579,294.7626,0,1,clay,1.0000,0.500000,0,0,0.000000,0.000000,0.000000,0,nan,0.00,0.090957,0.4894,0.0000,0.048025,-0.0142,1.06,5.28,7.40,5.22,0.000936,-3.0708,-0.9101,0.008000,0.065928,-0.0734,0.051643,0.039833,0.071502,-742.254445890662,255.54659645729134,-596.3529375885385,78.86092818573317,-0.045849,0.016290,6320.0,6300.6,0.369610,0.260047,1.000000,3.0587,1.0000,,,,,
5.2200,1778843157.759672,415,8.440451,1.396882,0.259057,3.1125,0.0973,0.081490,8.501247,1.351023,0.249256,3.1320,8.461521,1.404422,0.259716,3.0751,0.1113,0.084645,0.819492,0.0486,8.461521,1.326271,0.304084,4.0486,-1.000000,-1.291848,291.6676,0,1,clay,1.0000,0.500000,0,0,0.000000,0.000000,0.000000,0,nan,0.00,0.068230,0.4827,0.0000,0.036025,-0.0297,0.99,5.27,7.24,5.18,0.012723,-3.0145,-0.9166,0.008000,0.082004,0.9123,0.051925,0.042363,0.079475,-598.138904431007,267.40226301886327,-626.4190393149835,79.84371988992852,-0.041026,0.015737,6322.1,6298.5,0.365969,0.266498,0.072760,3.0691,1.0000,,,,,
5.2320,1778843157.771703,416,8.489706,1.311066,0.250219,3.1013,0.1399,0.088538,8.537111,1.362947,0.250307,3.1484,8.510536,1.318290,0.250845,3.0813,0.1118,0.080010,0.826860,0.0289,8.510536,1.341577,0.301257,4.0307,-1.000000,-1.296557,288.9098,0,1,clay,1.0000,0.500000,0,0,0.000000,0.000000,0.000000,0,nan,0.00,0.045502,0.4763,0.0000,0.024025,-0.0452,0.93,5.26,7.13,5.21,0.024647,-2.9543,-0.8823,0.008000,0.020183,0.0539,0.044324,0.041931,0.062409,-577.2180029811964,243.28197281752307,-315.4011484596316,28.315101823994397,-0.053281,0.013381,6320.2,6300.3,0.369160,0.267257,-1.000000,3.0753,1.0000,,,,,
5.2440,1778843157.783636,417,8.607051,1.296226,0.258857,3.1726,0.1204,0.096917,8.573082,1.375094,0.251491,3.1588,8.627576,1.303508,0.259465,3.0999,0.1093,0.077921,0.817382,0.0170,8.627576,1.377511,0.294557,4.0269,0.462782,-1.288083,285.2014,0,1,clay,1.0000,0.500000,0,0,0.000000,0.000000,0.000000,0,nan,0.00,0.056020,0.4703,0.0000,0.029579,-0.0607,0.87,5.29,7.04,5.45,0.036794,-2.8865,-0.8681,0.008000,0.133566,0.5830,0.051639,0.053347,0.070088,-430.8494002597816,264.65496727347323,-439.1960433823734,33.61663462121081,-0.064706,0.013553,6322.7,6297.9,0.364916,0.256206,-1.000000,3.0942,1.0000,,,,,
5.2560,1778843157.796393,418,8.565464,1.343287,0.244179,3.1771,0.1086,0.100962,8.609204,1.387243,0.252636,3.1733,8.585971,1.350230,0.244794,3.1158,0.1093,0.081273,0.807021,0.0328,8.585971,1.364836,0.296909,4.0240,0.179215,-1.278553,278.0628,0,1,clay,1.0000,0.500000,0,0,0.000000,0.000000,0.000000,0,nan,0.00,0.060093,0.4645,0.0000,0.031729,-0.0760,0.82,5.27,6.92,5.20,0.048943,-2.8208,-0.8507,0.008000,0.022672,0.1055,0.046510,0.050154,0.055289,-417.29137635536614,366.4626305570067,-697.1551506217456,60.95412669713586,-0.058339,0.014849,6325.3,6295.2,0.360272,0.256971,0.462782,3.1102,1.0000,,,,,
5.2680,1778843157.807596,419,8.646476,1.424610,0.259981,3.2639,0.1180,0.078195,8.645553,1.399220,0.253649,3.1875,8.666855,1.431819,0.260570,3.1454,0.1095,0.079060,0.797443,0.0330,8.666855,1.389381,0.292367,4.0310,-1.000000,-1.270737,271.2388,0,1,clay,1.0000,0.500000,0,0,0.000000,0.000000,0.000000,0,nan,0.00,0.037366,0.4590,0.0000,0.019729,-0.0913,0.79,5.26,6.84,5.16,-0.014980,-1.9585,-0.8434,0.008000,0.035190,0.2832,0.063771,0.071890,0.078522,-568.94580670953,238.37356531364338,-714.3408692395957,38.196957490645474,-0.053426,0.012828,6327.8,6292.8,0.355971,0.235984,0.179215,3.1399,1.0000,,,,,
5.2800,1778843157.819632,420,8.678707,1.391853,0.256621,3.1648,0.0132,0.079243,8.682115,1.411134,0.254588,3.2045,8.698924,1.398732,0.257175,3.1501,0.0886,0.073602,0.790331,0.0130,8.698924,1.399002,0.290600,4.0336,-1.000000,-1.256963,269.1944,0,1,clay,1.0000,0.500000,0,0,0.000000,0.000000,0.000000,0,nan,0.00,0.014639,0.4537,0.0012,0.007729,-0.1064,0.76,5.24,6.75,5.17,-0.003066,-1.9047,-0.8291,0.008000,0.154640,-0.0684,0.051259,0.042811,0.064000,-598.5021821609386,289.4451669852732,-383.8951207752504,125.61825719426743,-0.057436,0.017848,6329.6,6290.9,0.352757,0.255913,-1.000000,3.1448,1.0000,,,,,
5.2920,1778843157.831701,421,8.621112,1.377591,0.248387,3.1719,0.0442,0.087030,8.718838,1.423203,0.255606,3.2200,8.641215,1.384146,0.248923,3.1553,0.0772,0.070687,0.791372,0.0010,8.641215,1.381643,0.293793,4.0283,-0.449808,-1.253412,266.0603,0,1,clay,1.0000,0.500000,0,0,0.000000,0.000000,0.000000,0,nan,0.00,0.004416,0.4485,0.0025,0.002332,-0.1214,0.72,5.24,6.69,5.22,0.009003,-1.8463,-0.8083,0.008000,0.114712,-0.3767,0.042572,0.025713,0.055752,-653.543453943101,437.66850761295376,-469.90143774154797,165.28786616743,-0.065624,0.020790,6329.4,6291.1,0.353134,0.250018,-1.000000,3.1500,1.0000,,,,,
5.3040,1778843157.843578,422,8.850653,1.499648,0.259318,3.3024,0.1257,0.087152,8.755706,1.435360,0.256659,3.2334,8.870655,1.506436,0.259843,3.1847,0.0830,0.069916,0.785658,-0.0006,8.870655,1.449485,0.281109,4.0054,-1.000000,-1.243471,262.0106,0,1,clay,1.0000,0.500000,0,0,0.000000,0.000000,0.000000,0,nan,0.00,-0.018311,0.4435,0.0039,-0.009668,-0.1363,0.69,5.23,6.61,5.17,0.021160,-1.7860,-0.7721,0.008000,0.153756,0.1854,0.052685,0.014897,0.036664,-646.5098444038078,452.5883069608709,-929.4090152245357,118.06849251745099,-0.072346,0.018024,6330.9,6289.7,0.350562,0.225856,-0.449808,3.1795,1.0000,,,,,
5.3160,1778843157.855689,423,8.796358,1.495195,0.258159,3.2242,0.0519,0.087842,8.792748,1.447481,0.257667,3.2477,8.816367,1.501874,0.258671,3.1933,0.0730,0.066857,0.777803,-0.0163,8.816367,1.433717,0.284189,4.0216,-1.000000,-1.234429,257.9774,0,1,clay,1.0000,0.500000,0,0,0.000000,0.000000,0.000000,0,nan,0.00,-0.041039,0.4386,0.0054,-0.021668,-0.1511,0.68,5.21,6.58,5.12,0.033281,-1.7282,-0.7739,0.008000,0.086535,0.1155,0.040528,0.014223,0.046843,-635.3403578564331,303.1346785868874,-660.3065524541942,165.67154806902886,-0.081361,0.020460,6332.9,6287.7,0.347051,0.241152,-1.000000,3.1882,1.0000,,,,,
5.3280,1778843157.867650,424,8.866515,1.534195,0.258780,3.2345,0.0676,0.079637,8.829980,1.459575,0.258627,3.2626,8.886396,1.540778,0.259269,3.2022,0.0676,0.063175,0.766549,-0.0282,8.886396,1.454022,0.280199,4.0003,-1.000000,-1.216842,256.0716,0,1,clay,1.0000,0.500000,0,0,0.000000,0.000000,0.000000,0,nan,0.00,-0.063766,0.4338,0.0069,-0.033668,-0.1657,0.66,5.21,6.53,5.22,0.045375,-1.6732,-0.7378,0.008000,0.117233,-0.5386,0.040087,0.043307,0.081245,-619.9836727585483,602.3812099985632,-776.1845107799783,184.13571468422506,-0.091082,0.020601,6335.8,6284.8,0.342021,0.239346,-1.000000,3.1971,1.0000,,,,,
5.3400,1778843157.879771,425,8.790991,1.562034,0.262835,3.2616,0.1195,0.076814,8.867400,1.471634,0.259556,3.2779,8.810816,1.568688,0.263303,3.2145,0.0717,0.059334,0.756817,-0.0402,8.810816,1.432095,0.284499,4.0230,-1.000000,-1.205574,252.0290,0,1,clay,1.0000,0.500000,0,0,0.000000,0.000000,0.000000,0,nan,0.00,-0.086493,0.4292,0.0086,-0.045668,-0.1802,0.64,5.20,6.49,5.15,0.057434,-1.6200,-0.7451,0.008000,0.144765,0.2286,0.045650,0.030901,0.056836,-872.1456498780663,464.35668833776003,-933.2318749816022,141.40546517131827,-0.103986,0.017262,6338.3,6282.3,0.337654,0.227638,-1.000000,3.2096,1.0000,,,,,
5.3520,1778843157.894400,426,8.873344,1.465994,0.266753,3.2789,0.0368,0.074858,8.905018,1.483674,0.260456,3.2921,8.893138,1.472612,0.267198,3.2280,0.0604,0.055452,0.761938,-0.0521,8.893138,1.455961,0.279806,3.9982,-1.000000,-1.199202,246.1965,0,1,clay,1.0000,0.500000,0,0,0.000000,0.000000,0.000000,0,nan,0.00,-0.109220,0.4247,0.0104,-0.057668,-0.1946,0.63,5.32,6.57,5.96,-0.002626,-0.7412,-0.7061,0.008000,0.077056,-0.0289,0.041375,0.022079,0.056824,-841.9822286258197,555.7567187782886,-1003.9571499982844,162.17927416590214,-0.111506,0.019337,6337.0,6283.5,0.339863,0.224317,-1.000000,3.2230,1.0000,,,,,
5.3640,1778843157.903645,427,8.872639,1.454374,0.267013,3.2872,0.0301,0.074600,8.942809,1.495749,0.261354,3.3091,8.892880,1.461037,0.267446,3.2405,0.0494,0.051225,0.759279,-0.0642,8.892880,1.455887,0.279821,3.9982,0.156633,-1.193027,241.5493,0,1,clay,1.0000,0.500000,0,0,0.000000,0.000000,0.000000,0,nan,0.00,-0.105661,0.4203,0.0122,-0.055789,-0.2089,0.63,5.30,6.55,5.17,0.009449,-0.6897,-0.6891,0.008000,0.011188,0.8074,0.038921,0.012695,0.054775,-986.6287008076375,302.38958570162913,-1086.8860128041742,193.54107378479085,-0.119470,0.021357,6337.7,6282.9,0.338730,0.218101,-1.000000,3.2355,1.0000,,,,,
5.3760,1778843157.915618,428,9.075568,1.567451,0.264723,3.4312,-0.0225,0.074519,8.980806,1.507750,0.262180,3.3230,9.095946,1.573977,0.265149,3.2783,0.0348,0.051639,0.753155,-0.0548,9.095946,1.512897,0.267424,3.9675,-1.000000,-1.177028,232.5119,0,1,clay,1.0000,0.500000,0,0,0.000000,0.000000,0.000000,0,nan,0.00,-0.128388,0.4161,0.0141,-0.067789,-0.2230,0.61,5.29,6.52,5.23,0.021450,-0.6424,-0.6445,0.008000,0.115222,-0.2150,0.048147,0.021626,0.084563,-1065.949289101175,426.85689758067747,-1339.202479452785,260.5655127186136,-0.110748,0.025882,6339.3,6281.3,0.335983,0.182821,0.156633,3.2733,1.0000,,,,,
5.3880,1778843157.927579,429,9.059778,1.508695,0.265474,3.2839,0.0717,0.055605,9.019030,1.519528,0.262865,3.3363,9.080003,1.515142,0.265860,3.2803,0.0354,0.044870,0.749082,-0.0743,9.080003,1.508520,0.268423,3.9669,-0.056352,-1.164382,230.9180,0,1,clay,1.0000,0.500000,0,0,0.000000,0.000000,0.000000,0,nan,0.00,-0.129669,0.4119,0.0160,-0.068465,-0.2370,0.59,5.27,6.45,5.17,0.033228,-0.6032,-0.6306,0.008000,0.062410,0.0538,0.046211,0.019729,0.063327,-1137.568570750778,418.157595248714,-1108.7604782239703,212.78277116104945,-0.121548,0.022238,6340.3,6280.2,0.334110,0.217420,-1.000000,3.2754,1.0000,,,,,
5.4000,1778843157.939617,430,9.032599,1.557224,0.265174,3.3850,0.0016,0.055656,9.057428,1.531295,0.263538,3.3501,9.052889,1.563579,0.265538,3.3014,0.0266,0.042523,0.741540,-0.0688,9.052889,1.501038,0.270115,3.9667,-0.991665,-1.155555,223.7257,0,1,clay,1.0000,0.500000,0,0,0.000000,0.000000,0.000000,0,nan,0.00,-0.152206,0.4079,0.0180,-0.080365,-0.2509,0.59,5.26,6.43,5.20,0.044995,-0.5646,-0.6166,0.008000,0.118806,0.5261,0.062116,0.017276,0.065156,-1115.1182340103096,455.94906802739445,-1542.770692735163,233.32477498598564,-0.116841,0.023309,6342.3,6278.3,0.330728,0.195167,-0.056352,3.2966,1.0000,,,,,
5.4120,1778843157.951644,431,9.058548,1.493220,0.266358,3.3803,0.0193,0.055017,9.096008,1.543041,0.264189,3.3647,9.078910,1.499533,0.266693,3.3176,0.0194,0.037005,0.743580,-0.0867,9.078910,1.508219,0.268491,3.9669,1.000000,-1.151363,218.4311,0,1,clay,1.0000,0.500000,0,0,0.000000,0.000000,0.000000,0,nan,0.00,-0.129479,0.4039,0.0201,-0.068365,-0.2647,0.58,5.24,6.41,5.17,0.056741,-0.5273,-0.6022,0.008000,0.161799,-0.0273,0.049506,0.044982,0.101923,-1126.0394121418708,442.8134409254259,-1160.91032680571,219.63632786052918,-0.125438,0.023068,6341.8,6278.8,0.331597,0.194690,-0.991665,3.3128,1.0000,,,,,
5.4240,1778843157.963627,432,9.135424,1.608902,0.256264,3.3098,-0.0183,0.053188,9.134769,1.554745,0.264796,3.3786,9.155689,1.614892,0.256592,3.3170,0.0130,0.038645,0.737918,-0.0620,9.155689,1.529145,0.263657,3.9709,-1.000000,-1.139003,220.1905,0,1,clay,1.0000,0.500000,0,0,0.000000,0.000000,0.000000,0,nan,0.00,-0.152206,0.4001,0.0222,-0.080365,-0.2784,0.56,5.24,6.36,5.19,0.000445,0.4103,-0.5923,0.008000,0.017134,-0.5210,0.041130,0.019851,0.077414,-1270.1117568736177,526.0771187595567,-1258.8527069196646,260.88811600865836,-0.108607,0.024983,6343.2,6277.3,0.329057,0.209179,1.000000,3.3122,1.0000,,,,,
5.4360,1778843157.975632,433,9.182774,1.522391,0.269416,3.4078,-0.0100,0.041923,9.173775,1.566220,0.265253,3.3925,9.203040,1.528550,0.269706,3.3355,0.0029,0.031367,0.749247,-0.0867,9.203040,1.541851,0.260646,3.9725,0.683263,-1.141254,215.1624,0,1,clay,1.0000,0.500000,0,0,0.000000,0.000000,0.000000,0,nan,0.00,-0.136678,0.3963,0.0244,-0.072166,-0.2921,0.56,5.22,6.34,5.15,0.011920,0.4365,-0.5800,0.008000,0.117006,0.2194,0.051896,0.017409,0.078358,-1297.8159874950309,488.70410241777313,-1057.0531855375018,232.42533153962347,-0.115937,0.024783,6340.4,6280.2,0.334015,0.182719,-1.000000,3.3307,1.0000,,,,,
5.4480,1778843157.992966,434,9.175828,1.547133,0.259272,3.3755,-0.0033,0.035328,9.212969,1.577664,0.265704,3.4061,9.196162,1.553032,0.259542,3.3441,0.0013,0.030301,0.738869,-0.0678,9.196162,1.540015,0.261084,3.9725,1.000000,-1.131454,211.2346,0,1,clay,1.0000,0.500000,0,0,0.000000,0.000000,0.000000,0,nan,0.00,-0.113950,0.3926,0.0266,-0.060166,-0.3056,0.56,5.22,6.33,5.19,0.023364,0.4623,-0.5663,0.008000,0.134835,-0.5709,0.049149,0.012947,0.076552,-1211.570674118192,431.25394811231513,-1179.8584254945345,229.05041040317943,-0.103851,0.023624,6343.0,6277.5,0.329430,0.187086,0.683263,3.3394,1.0000,,,,,
5.4600,1778843157.999450,435,9.212251,1.553161,0.270697,3.3843,-0.0320,0.031093,9.252360,1.589008,0.266095,3.4207,9.232412,1.559178,0.270946,3.3527,-0.0045,0.029271,0.733556,-0.0539,9.232412,1.549655,0.258765,3.9718,-0.103068,-1.120308,208.9869,0,1,clay,1.0000,0.500000,0,0,0.000000,0.000000,0.000000,0,nan,0.00,-0.116293,0.3890,0.0288,-0.061403,-0.3191,0.53,5.20,6.26,5.09,0.034708,0.4847,-0.5511,0.008000,0.022335,-0.1172,0.043911,0.013630,0.079281,-1362.2471569242823,293.4593953920104,-1079.706890544425,239.93279778326396,-0.086667,0.023924,6344.4,6276.2,0.327029,0.183356,1.000000,3.3481,1.0000,,,,,
5.4720,1778843158.011691,436,9.272735,1.612553,0.275451,3.4572,0.0755,0.024453,9.291964,1.600207,0.266383,3.4348,9.292940,1.618713,0.275669,3.3738,0.0064,0.024337,0.727108,-0.0620,9.292940,1.565551,0.254862,3.9640,-1.000000,-1.106024,203.3894,0,1,clay,1.0000,0.500000,0,0,0.000000,0.000000,0.000000,0,nan,0.00,-0.139020,0.3855,0.0311,-0.073403,-0.3323,0.53,5.20,6.26,5.18,0.045907,0.5012,-0.5292,0.008000,0.088678,0.1652,0.052811,0.037900,0.081975,-1219.8120730309695,326.7547940050914,-1324.9374253240644,133.66342337485742,-0.089213,0.017238,6346.0,6274.5,0.324143,0.164628,-0.103068,3.3692,1.0000,,,,,
5.4840,1778843158.023649,437,9.347267,1.663991,0.265843,3.4668,0.0732,0.022780,9.331753,1.611399,0.266667,3.4496,9.367656,1.669990,0.266026,3.3928,0.0129,0.017834,0.739968,-0.0797,9.367656,1.584823,0.249993,3.9455,-1.000000,-1.107134,199.3026,0,1,clay,1.0000,0.500000,0,0,0.000000,0.000000,0.000000,0,nan,0.00,-0.161747,0.3821,0.0335,-0.085403,-0.3456,0.54,5.19,6.26,5.16,0.057099,0.5175,-0.4959,0.008000,0.062271,-0.2561,0.034512,0.074240,0.100308,-1290.463990671631,411.62341603991626,-928.2577405285605,16.894417304483255,-0.101957,0.011868,6342.8,6277.8,0.329784,0.159901,-1.000000,3.3881,1.0000,,,,,
5.4960,1778843158.035584,438,9.359439,1.597926,0.264144,3.4315,0.0305,0.027286,9.371685,1.622652,0.267008,3.4609,9.379863,1.603850,0.264305,3.4011,0.0107,0.013289,0.735033,-0.0917,9.379863,1.587934,0.249192,3.9421,-0.694842,-1.102240,195.6076,0,1,clay,1.0000,0.500000,0,0,0.000000,0.000000,0.000000,0,nan,0.00,-0.177539,0.3787,0.0358,-0.093741,-0.3589,0.53,5.18,6.25,5.15,0.068352,0.5370,-0.4812,0.008000,0.036790,-0.3554,0.041336,0.063014,0.084427,-1118.6589398356214,378.7863249555409,-1050.5406705232522,-2.8634487089594387,-0.112589,0.010466,6344.1,6276.5,0.327602,0.173881,-1.000000,3.3965,1.0000,,,,,
5.5080,1778843158.047648,439,9.479570,1.663563,0.261434,3.3800,-0.0443,0.029960,9.411764,1.633936,0.267351,3.4754,9.499978,1.669306,0.261580,3.3979,-0.0035,0.010446,0.734049,-0.0981,9.499978,1.617995,0.241233,3.9127,-1.000000,-1.088127,197.4934,0,1,clay,1.0000,0.500000,0,0,0.000000,0.000000,0.000000,0,nan,0.00,-0.200267,0.3755,0.0382,-0.105741,-0.3719,0.53,5.20,6.26,5.29,0.015936,1.4965,-0.4373,0.008000,0.110753,-0.4788,0.017755,0.062323,0.096778,-1178.817936173966,495.9016127290009,-1304.657751690051,55.800841476638965,-0.115882,0.013896,6344.3,6276.2,0.327148,0.182555,-0.694842,3.3933,1.0000,,,,,
5.5200,1778843158.059654,440,9.431732,1.624776,0.264583,3.4735,0.0011,0.023633,9.452039,1.645155,0.267649,3.4883,9.452290,1.630565,0.264706,3.4133,-0.0085,0.005708,0.717328,-0.1120,9.452290,1.606182,0.244411,3.9224,0.074399,-1.070010,191.5229,0,1,clay,1.0000,0.500000,0,0,0.000000,0.000000,0.000000,0,nan,0.00,-0.198576,0.3722,0.0407,-0.104848,-0.3848,0.53,5.20,6.27,5.23,0.027155,1.5136,-0.4341,0.008000,0.046219,-0.3329,0.016856,0.055973,0.086844,-931.4480990789415,321.3910496080769,-1196.0958033993024,67.92915044014782,-0.125717,0.013385,6348.6,6272.0,0.319735,0.156561,-1.000000,3.4088,1.0000,,,,,
5.5320,1778843158.071604,441,9.462822,1.666166,0.262999,3.4914,-0.0665,0.015917,9.492503,1.656277,0.267862,3.5024,9.483502,1.671830,0.263104,3.4294,-0.0214,0.003692,0.727523,-0.1044,9.483502,1.613932,0.242334,3.9156,-0.586306,-1.069109,187.6377,0,1,clay,1.0000,0.500000,0,0,0.000000,0.000000,0.000000,0,nan,0.00,-0.211901,0.3691,0.0431,-0.111884,-0.3976,0.53,5.19,6.25,5.13,0.038277,1.5258,-0.4132,0.008000,0.041601,0.1457,0.034071,0.060932,0.103886,-1346.6078447760017,426.7838050110239,-1468.1544206918156,89.3190102261088,-0.118560,0.016037,6346.0,6274.5,0.324184,0.150811,0.074399,3.4248,1.0000,,,,,
5.5440,1778843158.091428,442,9.523956,1.618922,0.260895,3.4934,-0.0353,0.008468,9.533172,1.667234,0.267964,3.5156,9.544681,1.624459,0.260970,3.4426,-0.0287,-0.001544,0.723097,-0.1155,9.544681,1.628922,0.238246,3.9076,1.000000,-1.058574,183.5594,0,1,clay,1.0000,0.500000,0,0,0.000000,0.000000,0.000000,0,nan,0.00,-0.189174,0.3660,0.0456,-0.099884,-0.4103,0.52,5.25,6.29,5.55,0.049234,1.5317,-0.3920,0.008000,0.003761,-0.6846,0.027670,0.048108,0.087024,-1367.9406214048702,359.3519377892566,-1514.1336576587407,85.28166079938629,-0.121672,0.015684,6347.2,6273.4,0.322217,0.146764,-0.586306,3.4381,1.0000,,,,,
5.5560,1778843158.097507,443,9.616317,1.684409,0.268544,3.5626,-0.0205,0.006464,9.574017,1.678121,0.268048,3.5268,9.639177,1.690659,0.268606,3.4671,-0.0291,-0.003206,0.714569,-0.0930,9.639177,1.651556,0.231941,3.9069,-0.941928,-1.038644,177.0247,0,1,clay,1.0000,0.500000,0,0,0.000000,0.000000,0.000000,0,nan,0.00,-0.210581,0.3630,0.0481,-0.111187,-0.4228,0.80,5.27,6.86,5.37,0.060121,1.5365,-0.3801,0.008000,0.106591,0.3422,0.044220,0.040874,0.078293,-1451.6202314272282,347.41211950057766,-1273.4637441625678,64.6194537328599,-0.107155,0.014321,6349.2,6271.4,0.318706,0.127033,1.000000,3.4622,1.0000,,,,,
5.5680,1778843158.107622,444,9.552875,1.679763,0.262245,3.5114,-0.0324,-0.003881,9.615063,1.688809,0.268035,3.5387,9.575661,1.685731,0.262264,3.4765,-0.0361,-0.010981,0.706022,-0.1176,9.575661,1.636412,0.236177,3.9061,-0.303960,-1.026346,173.4137,0,1,clay,1.0000,0.500000,0,0,0.000000,0.000000,0.000000,0,nan,0.00,-0.217489,0.3600,0.0506,-0.114834,-0.4351,0.76,5.25,6.77,5.19,0.070809,1.5358,-0.3675,0.008000,0.026750,-0.6663,0.045661,0.043526,0.078952,-1329.0929979449625,358.8371336925662,-1154.20049138105,51.44714589623432,-0.114882,0.012956,6351.4,6269.2,0.314844,0.143697,-0.941928,3.4717,1.0000,,,,,
5.5800,1778843158.119579,445,9.638307,1.673403,0.257428,3.5295,-0.0794,-0.003409,9.656289,1.699438,0.267977,3.5522,9.660899,1.679083,0.257423,3.4876,-0.0471,-0.014169,0.703086,-0.1169,9.660899,1.656670,0.230494,3.9078,0.733723,-1.009841,170.1778,0,1,clay,1.0000,0.500000,0,0,0.000000,0.000000,0.000000,0,nan,0.00,-0.200814,0.3571,0.0531,-0.106030,-0.4472,0.71,5.25,6.68,5.23,0.022138,2.4872,-0.3556,0.008000,0.046943,-1.1845,0.036408,0.035018,0.085390,-1404.9185781805863,146.60560012749465,-1672.4409073535794,77.48573668423694,-0.113090,0.014504,6352.2,6268.4,0.313467,0.135135,-0.303960,3.4829,1.0000,,,,,
5.5920,1778843158.131695,446,9.783657,1.695728,0.255985,3.5790,-0.0498,-0.008138,9.697689,1.710011,0.267878,3.5641,9.806274,1.701334,0.255963,3.5061,-0.0484,-0.014747,0.696227,-0.1012,9.806274,1.690042,0.220754,3.9142,0.258145,-0.980544,165.2118,0,1,clay,1.0000,0.500000,0,0,0.000000,0.000000,0.000000,0,nan,0.00,-0.194947,0.3542,0.0557,-0.102932,-0.4590,0.70,5.24,6.64,5.20,0.032711,2.4815,-0.3501,0.008000,0.112351,-0.6775,0.034735,0.018187,0.071082,-1417.7082255836829,233.84435414577055,-1226.550525449473,65.14778738597056,-0.101159,0.013620,6353.9,6266.6,0.310375,0.122768,0.733723,3.5015,1.0000,,,,,
5.6040,1778843158.143713,447,9.660636,1.713460,0.269524,3.6644,-0.0573,-0.017447,9.739311,1.720371,0.267651,3.5783,9.683277,1.719323,0.269474,3.5377,-0.0524,-0.018467,0.698743,-0.1012,9.683277,1.661903,0.229004,3.9091,-1.000000,-0.983511,157.1408,0,1,clay,1.0000,0.500000,0,0,0.000000,0.000000,0.000000,0,nan,0.00,-0.217674,0.3514,0.0582,-0.114932,-0.4708,0.69,5.23,6.60,5.15,0.043071,2.4685,-0.3308,0.008000,0.049896,0.2229,0.058393,0.018990,0.073087,-1475.5192943506272,406.1610328925434,-1210.4702205167296,25.995691503779838,-0.094377,0.012393,6353.4,6267.2,0.311384,0.095692,0.258145,3.5330,1.0000,,,,,
5.6160,1778843158.155621,448,9.739380,1.756176,0.263666,3.6550,-0.1067,-0.023040,9.781110,1.730697,0.267413,3.5925,9.762031,1.761740,0.263575,3.5612,-0.0674,-0.025953,0.691073,-0.1215,9.762031,1.680043,0.223763,3.9131,-1.000000,-0.971248,151.0427,0,1,clay,1.0000,0.500000,0,0,0.000000,0.000000,0.000000,0,nan,0.00,-0.240401,0.3487,0.0608,-0.126932,-0.4824,0.66,5.22,6.55,5.19,0.053397,2.4548,-0.3206,0.008000,0.088460,0.0597,0.085313,0.020635,0.078450,-1304.2262019167779,413.1400593288051,-1027.8102596506658,48.142198942545704,-0.100275,0.013592,6355.3,6265.2,0.307979,0.096601,-1.000000,3.5566,1.0000,,,,,
5.6280,1778843158.167685,449,9.800411,1.683145,0.268070,3.5533,-0.0466,-0.008482,9.823032,1.741131,0.267263,3.6045,9.822959,1.688758,0.267963,3.5606,-0.0690,-0.029511,0.699211,-0.1335,9.822959,1.693776,0.219596,3.9144,0.165587,-0.966776,151.6478,0,1,clay,1.0000,0.500000,0,0,0.000000,0.000000,0.000000,0,nan,0.00,-0.236638,0.3460,0.0633,-0.124945,-0.4940,0.65,5.23,6.54,5.28,0.063831,2.4463,-0.3099,0.008000,0.041260,0.1601,0.070912,0.022722,0.076300,-1216.3778083253715,457.6554818515474,-1124.9139299622161,21.298062132609033,-0.111840,0.012708,6353.3,6267.3,0.311527,0.114532,-1.000000,3.5560,1.0000,,,,,
5.6400,1778843158.179654,450,9.889469,1.752498,0.270416,3.5860,-0.0834,-0.011609,9.865094,1.751564,0.267120,3.6132,9.911989,1.758112,0.270303,3.5663,-0.0736,-0.029637,0.687428,-0.1239,9.911989,1.713351,0.213199,3.9139,-1.000000,-0.943349,149.6722,0,1,clay,1.0000,0.500000,0,0,0.000000,0.000000,0.000000,0,nan,0.00,-0.259365,0.3433,0.0659,-0.136945,-0.5053,0.64,5.26,6.54,5.45,0.074264,2.4381,-0.3007,0.008000,0.074788,0.3978,0.059642,0.027070,0.082187,-1306.6245091303877,401.8899329799223,-1379.8098964190858,54.4788605886405,-0.107257,0.013687,6356.3,6264.3,0.306303,0.108145,0.165587,3.5618,1.0000,,,,,
5.6520,1778843158.192626,451,9.829446,1.767627,0.274556,3.7280,-0.0458,-0.020832,9.907341,1.761792,0.266862,3.6232,9.852315,1.773388,0.274412,3.5984,-0.0750,-0.035729,0.671556,-0.1435,9.852315,1.700297,0.217527,3.9144,-1.000000,-0.924761,141.1591,0,1,clay,1.0000,0.500000,0,0,0.000000,0.000000,0.000000,0,nan,0.00,-0.282093,0.3407,0.0684,-0.148945,-0.5164,0.65,5.26,6.55,5.24,0.029692,3.4578,-0.2912,0.008000,0.075198,0.7873,0.079029,0.027228,0.073092,-1394.31654210256,269.35562454695446,-1232.5502095228508,26.805124817984762,-0.118553,0.011490,6360.3,6260.2,0.299247,0.068816,-1.000000,3.5940,1.0000,,,,,
5.6640,1778843158.203621,452,10.005943,1.776033,0.258668,3.5302,-0.0501,-0.028483,9.949732,1.771950,0.266571,3.6333,10.028732,1.781333,0.258493,3.5860,-0.0764,-0.041352,0.671185,-0.1555,10.028732,1.738086,0.204284,3.9124,-0.488400,-0.894410,143.7910,0,1,clay,1.0000,0.500000,0,0,0.000000,0.000000,0.000000,0,nan,0.00,-0.293193,0.3381,0.0710,-0.154806,-0.5272,0.63,5.24,6.51,5.13,0.039850,3.4410,-0.2791,0.008000,0.031634,-0.5510,0.043069,0.042173,0.086798,-1432.7765934940783,442.0059027016121,-1310.1990721188195,-5.442274087238715,-0.128901,0.009377,6360.5,6260.1,0.299017,0.123477,-1.000000,3.5816,1.0000,,,,,
5.6760,1778843158.215623,453,9.957260,1.709722,0.269078,3.7228,-0.0734,-0.026593,9.992260,1.781989,0.266213,3.6427,9.980009,1.715209,0.268884,3.6132,-0.0805,-0.044399,0.653017,-0.1580,9.980009,1.727896,0.208066,3.9129,1.000000,-0.869300,136.4406,0,1,clay,1.0000,0.500000,0,0,0.000000,0.000000,0.000000,0,nan,0.00,-0.270465,0.3356,0.0735,-0.142806,-0.5376,0.62,5.24,6.47,5.23,0.049889,3.4205,-0.2702,0.008000,0.075454,0.4533,0.061815,0.040124,0.081405,-1577.0168912406573,206.97841140466994,-1802.6674471452666,3.3756485188334153,-0.132557,0.009004,6365.1,6255.4,0.290889,0.070671,-0.488400,3.6090,1.0000,,,,,
5.6880,1778843158.227592,454,9.991675,1.785112,0.268363,3.6988,-0.0766,-0.048969,10.034981,1.791767,0.265694,3.6525,10.014439,1.790530,0.268142,3.6306,-0.0805,-0.046164,0.651023,-0.1364,10.014439,1.735117,0.205392,3.9125,-1.000000,-0.849225,132.1322,0,1,clay,1.0000,0.500000,0,0,0.000000,0.000000,0.000000,0,nan,0.00,-0.293193,0.3331,0.0761,-0.154806,-0.5478,0.60,5.23,6.44,5.19,0.059667,3.3908,-0.2600,0.008000,0.025380,0.7080,0.068415,0.034758,0.069687,-1754.340121944536,129.0813090931789,-1405.9988310472042,-42.91001492766167,-0.116700,0.006849,6365.7,6254.9,0.289924,0.073776,1.000000,3.6263,1.0000,,,,,
5.7000,1778843158.239721,455,10.116260,1.719638,0.267898,3.7167,-0.0741,-0.052307,10.077912,1.801335,0.265070,3.6655,10.139177,1.724983,0.267631,3.6481,-0.0862,-0.054952,0.663992,-0.1613,10.139177,1.760481,0.195882,3.9122,1.000000,-0.840291,128.9462,0,1,clay,1.0000,0.500000,0,0,0.000000,0.000000,0.000000,0,nan,0.00,-0.270465,0.3306,0.0786,-0.142806,-0.5579,0.61,5.22,6.44,5.17,0.069235,3.3551,-0.2467,0.008000,0.070679,0.7683,0.068064,0.032739,0.064591,-1716.504355413958,685.3406746889317,-1310.4293721081772,-106.14694710886778,-0.125498,0.004682,6362.4,6258.1,0.295595,0.061237,-1.000000,3.6438,1.0000,,,,,
5.7120,1778843158.251615,456,10.115369,1.722224,0.257295,3.6843,-0.1065,-0.049981,10.120960,1.810896,0.264454,3.6747,10.138258,1.727245,0.257015,3.6559,-0.0900,-0.054554,0.655241,-0.1364,10.138258,1.760299,0.195951,3.9122,1.000000,-0.824907,126.2038,0,1,clay,1.0000,0.500000,0,0,0.000000,0.000000,0.000000,0,nan,0.00,-0.247738,0.3282,0.0811,-0.130806,-0.5678,0.59,5.22,6.40,5.20,0.078796,3.3198,-0.2375,0.008000,0.121799,-0.5920,0.044137,0.032936,0.068931,-1857.1080103124796,586.7667175961254,-1365.4478622667607,-93.17019828273354,-0.109363,0.004884,6364.7,6255.9,0.291690,0.070178,1.000000,3.6517,1.0000,,,,,
5.7240,1778843158.263627,457,10.173496,1.800078,0.262146,3.7123,-0.1434,-0.056558,10.164185,1.820218,0.263721,3.6832,10.196405,1.805113,0.261847,3.6676,-0.1001,-0.056019,0.651585,-0.1244,10.196405,1.771710,0.191639,3.9125,-1.000000,-0.806136,123.3553,0,1,clay,1.0000,0.500000,0,0,0.000000,0.000000,0.000000,0,nan,0.00,-0.270465,0.3258,0.0836,-0.142806,-0.5774,0.59,5.21,6.39,5.18,0.038218,4.3537,-0.2293,0.008000,0.078329,0.0668,0.033113,0.030693,0.070312,-1695.9108185529076,73.10039914626549,-1251.7456226921738,-65.7443899587802,-0.091597,0.006394,6365.6,6254.9,0.290027,0.059292,1.000000,3.6634,1.0000,,,,,
5.7360,1778843158.275666,458,10.251859,1.791038,0.258371,3.7079,-0.0355,-0.066079,10.207552,1.829418,0.262965,3.6925,10.274761,1.795961,0.258030,3.6761,-0.0948,-0.064398,0.640600,-0.1492,10.274761,1.786681,0.185938,3.9127,-0.356219,-0.777713,120.9063,0,1,clay,1.0000,0.500000,0,0,0.000000,0.000000,0.000000,0,nan,0.00,-0.278561,0.3234,0.0861,-0.147080,-0.5868,0.58,5.22,6.37,5.25,0.047418,4.3103,-0.2203,0.008000,0.084557,-0.3805,0.041530,0.047024,0.071960,-1563.5281319840378,-182.11047160802536,-1173.6632298639088,-153.93592226497043,-0.103843,0.001064,6368.4,6252.1,0.285115,0.053349,-1.000000,3.6720,1.0000,,,,,
5.7480,1778843158.290386,459,10.210585,1.872607,0.259457,3.7531,-0.1371,-0.052428,10.250990,1.838681,0.262300,3.6992,10.233539,1.877476,0.259104,3.6918,-0.1057,-0.066481,0.640539,-0.1493,10.233539,1.778863,0.188926,3.9126,-1.000000,-0.770346,118.3386,0,1,clay,1.0000,0.500000,0,0,0.000000,0.000000,0.000000,0,nan,0.00,-0.301288,0.3211,0.0886,-0.159080,-0.5960,0.57,5.24,6.37,5.34,0.056681,4.2722,-0.2134,0.008000,0.057397,-0.4516,0.052689,0.046166,0.078614,-1375.6761380855755,637.8017843281201,-1666.695588715918,-114.82992890705427,-0.104225,0.003346,6368.5,6252.1,0.285003,0.047178,-0.356219,3.6877,1.0000,,,,,
5.7600,1778843158.299649,460,10.302963,1.843583,0.262394,3.7164,-0.1240,-0.060675,10.294528,1.847880,0.261617,3.7051,10.325998,1.848445,0.262012,3.6973,-0.1146,-0.072047,0.631055,-0.1654,10.325998,1.796220,0.182181,3.9128,-1.000000,-0.747712,116.2158,0,1,clay,1.0000,0.500000,0,0,0.000000,0.000000,0.000000,0,nan,0.00,-0.324016,0.3188,0.0910,-0.171080,-0.6050,0.56,5.23,6.36,5.21,0.065880,4.2331,-0.2077,0.008000,0.101627,-0.4839,0.027715,0.038818,0.075341,-1446.967084950934,227.20130832443078,-1263.7435886227813,-98.28006281675914,-0.113020,0.003758,6370.9,6249.7,0.280798,0.054210,-1.000000,3.6933,1.0000,,,,,
5.7720,1778843158.311598,461,10.336247,1.808175,0.258398,3.7246,-0.1164,-0.058505,10.338162,1.856997,0.260889,3.7113,10.359273,1.812876,0.257998,3.7033,-0.1205,-0.076206,0.625192,-0.1774,10.359273,1.802307,0.179709,3.9128,-0.237232,-0.726759,114.8454,0,1,clay,1.0000,0.500000,0,0,0.000000,0.000000,0.000000,0,nan,0.00,-0.329407,0.3166,0.0934,-0.173927,-0.6137,0.55,5.23,6.34,5.24,0.074997,4.1914,-0.2015,0.008000,0.066415,0.2315,0.046166,0.036053,0.075490,-1463.664088598886,115.83597630407212,-1344.2775443200112,-90.24114011458262,-0.123038,0.003886,6372.4,6248.1,0.278138,0.051892,-1.000000,3.6993,1.0000,,,,,
5.7840,1778843158.323621,462,10.477357,1.789950,0.263249,3.6779,-0.1002,-0.063180,10.381884,1.866014,0.260130,3.7154,10.500299,1.794721,0.262834,3.6990,-0.1207,-0.078367,0.603995,-0.1754,10.500299,1.827151,0.168963,3.9127,0.277587,-0.684076,114.8286,0,1,clay,1.0000,0.500000,0,0,0.000000,0.000000,0.000000,0,nan,0.00,-0.323098,0.3143,0.0959,-0.170596,-0.6219,0.55,5.23,6.33,5.22,0.038914,5.2221,-0.1972,0.008000,0.144872,-0.0684,0.016677,0.028190,0.063260,-1714.2498912378933,78.63228598630417,-1826.6727119168736,-87.07520408121886,-0.124631,0.002730,6377.8,6242.7,0.268717,0.059370,-0.237232,3.6952,1.0000,,,,,
5.7960,1778843158.335798,463,10.389307,1.856021,0.258467,3.6866,-0.1136,-0.066024,10.425722,1.874815,0.259269,3.7207,10.412284,1.860649,0.258039,3.6973,-0.1223,-0.079539,0.590433,-0.1688,10.412284,1.811829,0.175721,3.9127,-0.760258,-0.651385,114.4034,0,1,clay,1.0000,0.500000,0,0,0.000000,0.000000,0.000000,0,nan,0.00,-0.340377,0.3122,0.0982,-0.179719,-0.6297,0.55,5.23,6.33,5.20,0.047715,5.1728,-0.1921,0.008000,0.026047,-0.2898,-0.002144,0.035748,0.074967,-1933.2632852021152,54.02086703565931,-1490.3039943776282,-81.78302729297077,-0.119373,0.002241,6381.3,6239.2,0.262610,0.056968,0.277587,3.6935,1.0000,,,,,
5.8080,1778843158.347589,464,10.515268,1.904667,0.259802,3.6891,-0.0637,-0.088868,10.469739,1.883235,0.258215,3.7260,10.538160,1.909275,0.259331,3.6963,-0.1178,-0.087323,0.569200,-0.1845,10.538160,1.833552,0.166004,3.9126,-1.000000,-0.599424,114.1683,0,1,clay,1.0000,0.500000,0,0,0.000000,0.000000,0.000000,0,nan,0.00,-0.363104,0.3100,0.1006,-0.191719,-0.6369,0.54,5.22,6.30,5.18,0.056135,5.1124,-0.1867,0.008000,0.101837,-0.1337,-0.021879,0.053865,0.078178,-1776.5070778195186,-583.3213553651914,-1556.62428556537,-164.5813965333767,-0.127651,-0.002813,6386.8,6233.8,0.253137,0.053096,-0.760258,3.6927,1.0000,,,,,
5.8200,1778843158.359654,465,10.558706,1.868524,0.256338,3.6969,-0.0712,-0.069834,10.513776,1.891710,0.257270,3.7310,10.581610,1.873044,0.255849,3.6970,-0.1160,-0.091220,0.551338,-0.1980,10.581610,1.840755,0.162569,3.9126,-1.000000,-0.547741,113.2330,0,1,clay,1.0000,0.500000,0,0,0.000000,0.000000,0.000000,0,nan,0.00,-0.385832,0.3078,0.1029,-0.203719,-0.6435,0.54,5.22,6.30,5.20,0.064610,5.0583,-0.1817,0.008000,0.090514,0.2738,-0.027929,0.034532,0.044557,-1794.1500148908995,-29.367689666294382,-1508.9482431601518,-190.71594224776192,-0.140183,-0.004788,6391.4,6229.2,0.245105,0.049050,-1.000000,3.6935,1.0000,,,,,
5.8320,1778843158.371597,466,10.539696,1.880785,0.254394,3.6865,-0.0205,-0.070410,10.557853,1.900238,0.256411,3.7349,10.562481,1.885285,0.253892,3.6956,-0.1060,-0.094629,0.548987,-0.2100,10.562481,1.837603,0.164086,3.9126,-1.000000,-0.524799,113.2367,0,1,clay,1.0000,0.500000,0,0,0.000000,0.000000,0.000000,0,nan,0.00,-0.408559,0.3057,0.1051,-0.215719,-0.6498,0.53,5.23,6.29,5.31,0.073138,5.0091,-0.1778,0.008000,0.016014,-0.1061,-0.040600,0.064984,0.064816,-1326.704440312897,-58.9279164267997,-1590.139653628911,-277.30610862216304,-0.155190,-0.009096,6392.1,6228.5,0.243916,0.052781,-1.000000,3.6921,1.0000,,,,,
5.8440,1778843158.389017,467,10.651861,1.864512,0.256659,3.8212,-0.1161,-0.076994,10.602016,1.908606,0.255476,3.7380,10.674838,1.869023,0.256134,3.7205,-0.1151,-0.099202,0.531227,-0.2220,10.674838,1.855689,0.155058,3.9126,-1.000000,-0.486766,107.2787,0,1,clay,1.0000,0.500000,0,0,0.000000,0.000000,0.000000,0,nan,0.00,-0.431286,0.3036,0.1073,-0.227719,-0.6556,0.53,5.26,6.31,5.40,0.081506,4.9555,-0.1747,0.008000,0.017716,0.2904,-0.023055,0.064007,0.071527,-2014.1035528669363,239.26779875587715,-1650.1630464306704,-253.6102766188642,-0.164426,-0.008090,6396.6,6224.0,0.236013,0.009828,-1.000000,3.7171,1.0000,,,,,
5.8560,1778843158.395433,468,10.651095,1.924234,0.244881,3.8377,-0.1629,-0.085563,10.646282,1.916641,0.254384,3.7401,10.674233,1.928359,0.244330,3.7437,-0.1309,-0.104648,0.509932,-0.2340,10.674233,1.855594,0.155108,3.9126,-0.830660,-0.445559,101.7563,0,1,clay,1.0000,0.500000,0,0,0.000000,0.000000,0.000000,0,nan,0.00,-0.450165,0.3016,0.1095,-0.237687,-0.6610,0.50,5.22,6.23,5.03,0.049441,6.0459,-0.1725,0.008000,0.061609,-0.4340,-0.015390,0.056489,0.070563,-2422.2577940369847,-126.50824167774647,-1698.6954028305895,-192.74214983698735,-0.171154,-0.005621,6402.1,6218.5,0.226501,0.002233,-1.000000,3.7405,1.0000,,,,,
5.8680,1778843158.407652,469,10.761771,1.846318,0.253112,3.7353,-0.1128,-0.098660,10.690634,1.924334,0.253169,3.7383,10.784790,1.850536,0.252526,3.7425,-0.1348,-0.110867,0.491214,-0.2429,10.784790,1.872366,0.145983,3.9127,0.915892,-0.396574,102.2139,0,1,clay,1.0000,0.500000,0,0,0.000000,0.000000,0.000000,0,nan,0.00,-0.429349,0.2995,0.1116,-0.226696,-0.6657,0.51,5.22,6.23,5.18,0.057134,5.9763,-0.1743,0.008000,0.104966,-0.0971,-0.020928,0.058977,0.068155,-1821.6718749230429,-449.74562777900144,-1841.0704371760942,-220.7893314002467,-0.178109,-0.007424,6406.9,6213.7,0.218117,0.025535,-0.830660,3.7395,1.0000,,,,,
5.8800,1778843158.419621,470,10.804478,1.966851,0.254377,3.6689,0.0042,-0.101698,10.734982,1.932011,0.252023,3.7366,10.827387,1.971177,0.253772,3.7288,-0.1131,-0.111433,0.471320,-0.2210,10.827387,1.878553,0.142492,3.9127,-1.000000,-0.342697,104.7956,0,1,clay,1.0000,0.500000,0,0,0.000000,0.000000,0.000000,0,nan,0.00,-0.452076,0.2975,0.1137,-0.238696,-0.6699,0.51,5.21,6.23,5.14,0.064811,5.9106,-0.1761,0.008000,0.115810,0.2292,-0.040009,0.096077,0.080580,-2183.218182866911,-301.4479536212806,-1714.1313175575815,-387.3328395999318,-0.170276,-0.015254,6412.0,6208.6,0.209198,0.046391,0.915892,3.7258,1.0000,,,,,
5.8920,1778843158.431665,471,10.780177,1.938762,0.250804,3.7567,-0.1627,-0.105314,10.779406,1.939347,0.250739,3.7367,10.803193,1.942860,0.250162,3.7347,-0.1305,-0.119060,0.467571,-0.2449,10.803193,1.875058,0.144470,3.9127,-1.000000,-0.307947,103.0833,0,1,clay,1.0000,0.500000,0,0,0.000000,0.000000,0.000000,0,nan,0.00,-0.474804,0.2955,0.1157,-0.250696,-0.6736,0.52,5.21,6.25,5.21,0.072147,5.8370,-0.1760,0.008000,0.110264,-0.2402,-0.027623,0.077810,0.068943,-2353.6364655102293,-1732.4997964856166,-1749.2952260436318,-339.24755084794856,-0.176164,-0.013178,6413.0,6207.6,0.207395,0.022939,-1.000000,3.7318,1.0000,,,,,
5.9040,1778843158.443580,472,10.824820,1.971379,0.252834,3.7379,-0.1082,-0.105943,10.823863,1.946534,0.249448,3.7389,10.847776,1.975448,0.252165,3.7358,-0.1345,-0.124596,0.456561,-0.2569,10.847776,1.881461,0.140836,3.9127,-1.000000,-0.276625,102.8196,0,1,clay,1.0000,0.500000,0,0,0.000000,0.000000,0.000000,0,nan,0.00,-0.497531,0.2935,0.1176,-0.262696,-0.6769,0.51,5.21,6.22,5.20,0.079334,5.7630,-0.1737,0.008000,0.063252,0.1575,-0.023332,0.074477,0.065955,-2256.312021409035,-56.33172173051457,-1807.83525370915,-365.1760413031201,-0.185948,-0.014402,6415.9,6204.7,0.202435,0.025757,-1.000000,3.7330,1.0000,,,,,
5.9160,1778843158.455642,473,10.856232,1.978509,0.245359,3.7922,-0.2125,-0.110349,10.868376,1.953578,0.248144,3.7391,10.879368,1.982248,0.244657,3.7473,-0.1565,-0.130497,0.452180,-0.2689,10.879368,1.885899,0.138288,3.9127,-1.000000,-0.251158,100.1120,0,1,clay,1.0000,0.500000,0,0,0.000000,0.000000,0.000000,0,nan,0.00,-0.520258,0.2916,0.1195,-0.274696,-0.6799,0.51,5.20,6.22,5.14,0.086378,5.6884,-0.1735,0.008000,0.045937,-0.3002,-0.008739,0.048263,0.062074,-2005.1465738207116,-263.2351995911945,-1833.477658132976,-269.99856548167304,-0.190620,-0.010342,6417.0,6203.6,0.200416,0.012080,-1.000000,3.7444,1.0000,,,,,
5.9280,1778843158.467711,474,10.919891,1.982930,0.254684,3.7498,-0.2436,-0.108011,10.912914,1.960500,0.246831,3.7402,10.943091,1.986714,0.253957,3.7482,-0.1800,-0.135372,0.441372,-0.2809,10.943091,1.894603,0.133220,3.9127,-1.000000,-0.224481,100.0346,0,1,clay,1.0000,0.500000,0,0,0.000000,0.000000,0.000000,0,nan,0.00,-0.542985,0.2897,0.1213,-0.286696,-0.6826,0.53,5.19,6.24,5.15,0.058400,6.7641,-0.1725,0.008000,0.049062,0.4559,-0.006631,0.028281,0.065659,-1873.445958858918,-180.9439809027607,-1867.347134188688,-147.47315063998235,-0.195176,-0.005291,6419.8,6200.8,0.195575,0.020480,-1.000000,3.7455,1.0000,,,,,
5.9400,1778843158.487346,475,10.948780,1.948973,0.242327,3.6896,-0.1857,-0.114167,10.957490,1.967233,0.245471,3.7388,10.971945,1.952354,0.241574,3.7374,-0.1892,-0.140517,0.440475,-0.2929,10.971945,1.898436,0.130956,3.9127,-0.356638,-0.201537,102.4866,0,1,clay,1.0000,0.500000,0,0,0.000000,0.000000,0.000000,0,nan,0.00,-0.551091,0.2878,0.1231,-0.290976,-0.6850,0.52,5.20,6.25,5.26,0.065133,6.6862,-0.1738,0.008000,0.022446,-0.1204,-0.015842,0.019253,0.066717,-2496.93970317988,0.24831366525415888,-1907.2289553656506,-131.21295478679963,-0.203387,-0.004765,6420.1,6200.5,0.195104,0.032780,-1.000000,3.7347,1.0000,,,,,
5.9520,1778843158.493049,476,11.049209,1.994515,0.238821,3.7261,-0.2257,-0.126019,11.002113,1.973639,0.243981,3.7352,11.074111,1.997890,0.237971,3.7358,-0.2047,-0.147809,0.418612,-0.2934,11.074111,1.911477,0.122912,3.9127,-0.987892,-0.167728,102.1851,0,1,clay,1.0000,0.500000,0,0,0.000000,0.000000,0.000000,0,nan,0.00,-0.573543,0.2859,0.1248,-0.302831,-0.6870,0.75,5.20,6.70,5.22,0.071539,6.6008,-0.1774,0.008000,0.058039,-0.4236,-0.040589,0.013509,0.067516,-2004.7284781738324,-619.1700864229614,-2178.7557488370617,-82.72075573084209,-0.201735,-0.003311,6425.6,6195.0,0.185428,0.015917,-0.356638,3.7330,1.0000,,,,,
5.9640,1778843158.503661,477,11.064465,2.038429,0.252353,3.7364,-0.1809,-0.135609,11.046775,1.979673,0.242369,3.7323,11.089177,2.042024,0.251464,3.7362,-0.2095,-0.155347,0.384500,-0.3094,11.089177,1.913329,0.121691,3.9127,-1.000000,-0.111363,102.8875,0,1,clay,1.0000,0.500000,0,0,0.000000,0.000000,0.000000,0,nan,0.00,-0.596270,0.2840,0.1264,-0.314831,-0.6883,0.72,5.20,6.64,5.17,0.077573,6.5085,-0.1804,0.008000,0.052298,1.0593,-0.060990,0.024688,0.070190,-2276.929810997056,-1694.1903230909652,-1978.336546276042,-120.52877311820816,-0.210374,-0.005308,6434.3,6186.3,0.170263,0.013835,-0.987892,3.7337,1.0000,,,,,
5.9760,1778843158.515631,478,11.152180,1.900977,0.237958,3.7394,-0.2883,-0.134189,11.091436,1.985613,0.240799,3.7309,11.176723,1.903983,0.237045,3.7372,-0.2319,-0.161207,0.368979,-0.3214,11.176723,1.923715,0.114403,3.9127,1.000000,-0.054759,104.6095,0,1,clay,1.0000,0.500000,0,0,0.000000,0.000000,0.000000,0,nan,0.00,-0.573543,0.2821,0.1280,-0.302831,-0.6890,0.69,5.19,6.57,5.14,0.083513,6.4185,-0.1818,0.008000,0.013465,-0.1995,-0.056889,0.002895,0.066023,-2162.4045229277526,34.633742139631295,-2006.640741721556,-12.098491989536278,-0.214397,-0.001222,6438.3,6182.2,0.163241,0.014233,-1.000000,3.7348,1.0000,,,,,
5.9880,1778843158.527637,479,11.192696,2.016289,0.247659,3.7133,-0.2881,-0.148305,11.136122,1.991314,0.239151,3.7281,11.217033,2.019364,0.246727,3.7328,-0.2446,-0.162159,0.342302,-0.2963,11.217033,1.928276,0.110935,3.9127,-1.000000,-0.007093,103.4462,0,1,clay,1.0000,0.500000,0,0,0.000000,0.000000,0.000000,0,nan,0.00,-0.596270,0.2803,0.1295,-0.314831,-0.6891,0.67,5.19,6.52,5.16,0.059414,7.5119,-0.1845,0.008000,0.020750,0.2882,-0.045274,-0.018830,0.067816,-2280.7490029111727,164.4526831040032,-1891.494547280564,51.87336695091274,-0.194692,0.000810,6445.2,6175.4,0.151297,0.016076,1.000000,3.7306,1.0000,,,,,
6.0000,1778843158.539754,480,11.214711,1.977826,0.234619,3.6924,-0.2554,-0.147764,11.180863,1.996629,0.237352,3.7266,11.239060,1.980446,0.233647,3.7253,-0.2557,-0.170148,0.315820,-0.3214,11.239060,1.930708,0.109010,3.9127,0.585419,0.053505,105.0417,0,1,clay,1.0000,0.500000,0,0,0.000000,0.000000,0.000000,0,nan,0.00,-0.582965,0.2785,0.1309,-0.307806,-0.6884,0.67,5.19,6.53,5.23,0.064729,7.4088,-0.1861,0.008000,0.049352,-0.2084,-0.058256,-0.022827,0.060221,-2717.4330970021865,-1384.671998989933,-1974.8338180189126,55.52706150066405,-0.202072,0.000806,6452.0,6168.6,0.139467,0.019060,-1.000000,3.7232,1.0000,,,,,
6.0120,1778843158.551653,481,11.232638,2.088360,0.245691,3.5681,-0.2289,-0.162311,11.225631,2.001593,0.235439,3.7231,11.256620,2.091132,0.244693,3.6951,-0.2545,-0.172655,0.298990,-0.3040,11.256620,1.932616,0.107461,3.9127,-1.000000,0.105692,113.2546,0,1,clay,1.0000,0.500000,0,0,0.000000,0.000000,0.000000,0,nan,0.00,-0.605693,0.2767,0.1322,-0.319806,-0.6872,0.64,5.20,6.49,5.27,0.069693,7.2992,-0.1896,0.008000,0.053830,0.3430,-0.088298,-0.022270,0.057963,-2292.854526353958,-621.6101976672938,-1906.2292303787067,-14.257646902849189,-0.190731,-0.001885,6456.3,6164.2,0.131862,0.044044,0.585419,3.6932,1.0000,,,,,
6.0240,1778843158.563756,482,11.257088,1.899036,0.228523,3.7537,-0.2899,-0.167329,11.270389,2.006334,0.233496,3.7188,11.281122,1.901239,0.227482,3.7068,-0.2695,-0.181535,0.288911,-0.3263,11.281122,1.935233,0.105309,3.9127,1.000000,0.146477,113.2917,0,1,clay,1.0000,0.500000,0,0,0.000000,0.000000,0.000000,0,nan,0.00,-0.582965,0.2749,0.1335,-0.307806,-0.6854,0.62,5.20,6.45,5.18,0.074434,7.1879,-0.1938,0.008000,0.138764,-0.1767,-0.087586,-0.016967,0.062514,-2654.1525376532536,-547.1682274290939,-1938.1273667621908,5.8122946911074465,-0.196809,-0.001308,6459.0,6161.6,0.127264,-0.008330,-1.000000,3.7049,1.0000,,,,,
6.0360,1778843158.575700,483,11.363763,2.062099,0.235684,3.7578,-0.2409,-0.154144,11.315096,2.010989,0.231609,3.7115,11.387831,2.064483,0.234638,3.7168,-0.2671,-0.179903,0.259078,-0.3014,11.387831,1.946014,0.096129,3.9127,-0.561019,0.198606,108.1911,0,1,clay,1.0000,0.500000,0,0,0.000000,0.000000,0.000000,0,nan,0.00,-0.595716,0.2731,0.1346,-0.314538,-0.6830,0.62,5.23,6.48,5.39,0.079089,7.0798,-0.2012,0.008000,0.051323,-0.2713,-0.077238,0.002994,0.070784,-1935.4952492386828,-274.1713803348341,-1877.216869703041,-28.62895161659837,-0.183686,-0.002227,6466.6,6154.0,0.113976,-0.013748,1.000000,3.7151,1.0000,,,,,
6.0480,1778843158.588368,484,11.286128,2.095195,0.227713,3.6680,-0.2830,-0.166544,11.359769,2.015373,0.229648,3.7059,11.310146,2.097259,0.226636,3.7076,-0.2774,-0.186015,0.249143,-0.3181,11.310146,1.938263,0.102781,3.9127,-1.000000,0.232308,110.1412,0,1,clay,1.0000,0.500000,0,0,0.000000,0.000000,0.000000,0,nan,0.00,-0.618443,0.2714,0.1357,-0.326538,-0.6803,0.61,5.23,6.44,5.21,0.083473,6.9674,-0.2068,0.008000,0.110370,0.0109,-0.075430,0.002534,0.071909,-2153.1483113763543,-826.8124131947417,-2063.5815903177827,-17.11121401355338,-0.185756,-0.001882,6469.2,6151.4,0.109441,0.011460,-0.561019,3.7060,1.0000,,,,,
6.0600,1778843158.599595,485,11.370478,1.967409,0.226085,3.6285,-0.2032,-0.162694,11.404397,2.019561,0.227693,3.6999,11.394308,1.969405,0.224987,3.6925,-0.2723,-0.190883,0.233206,-0.3330,11.394308,1.946637,0.095582,3.9127,1.000000,0.277783,114.2448,0,1,clay,1.0000,0.500000,0,0,0.000000,0.000000,0.000000,0,nan,0.00,-0.595716,0.2697,0.1367,-0.314538,-0.6769,0.59,5.23,6.42,5.29,0.063261,8.0714,-0.2127,0.008000,0.108254,0.1658,-0.086653,0.015691,0.068684,-1904.9771734628175,-1970.188457297897,-1979.293376099179,-127.94519623095024,-0.198145,-0.005451,6473.3,6147.3,0.102311,0.022714,-1.000000,3.6910,1.0000,,,,,
6.0720,1778843158.611633,486,11.467050,1.993808,0.232600,3.8156,-0.2051,-0.161099,11.448984,2.023561,0.225730,3.6926,11.490956,1.996035,0.231504,3.7166,-0.2634,-0.188811,0.225714,-0.3081,11.490956,1.955509,0.087557,3.9127,1.000000,0.313867,108.4643,0,1,clay,1.0000,0.500000,0,0,0.000000,0.000000,0.000000,0,nan,0.00,-0.572988,0.2679,0.1376,-0.302538,-0.6732,0.58,5.23,6.40,5.23,0.067261,7.9589,-0.2201,0.008000,0.097231,-0.1908,-0.059542,0.032084,0.080430,-2586.7728004514743,313.43592138898464,-1891.3482768104232,-203.5922179054966,-0.187729,-0.008027,6475.3,6145.3,0.098876,-0.027922,1.000000,3.7151,1.0000,,,,,
6.0840,1778843158.623630,487,11.474752,2.018603,0.227034,3.6789,-0.2354,-0.175033,11.493580,2.027124,0.223595,3.6865,11.498591,2.020660,0.225922,3.7095,-0.2618,-0.189769,0.214308,-0.2961,11.498591,1.956177,0.086934,3.9127,0.321596,0.351384,109.9582,0,1,clay,1.0000,0.500000,0,0,0.000000,0.000000,0.000000,0,nan,0.00,-0.565679,0.2662,0.1384,-0.298679,-0.6689,0.58,5.22,6.38,5.16,0.070824,7.8366,-0.2262,0.008000,0.106849,0.3500,-0.065971,0.042709,0.075004,-2349.4013652413937,-2091.1585712426895,-1826.8970192104812,-256.11942607614776,-0.173408,-0.009811,6478.2,6142.4,0.093740,0.005196,1.000000,3.7081,1.0000,,,,,
6.0960,1778843158.635612,488,11.513550,2.046633,0.224261,3.7479,-0.3117,-0.184975,11.538188,2.030348,0.221372,3.6842,11.537369,2.048490,0.223125,3.7172,-0.2753,-0.193873,0.216727,-0.2966,11.537369,1.959495,0.083750,3.9126,-0.726104,0.373046,108.2740,0,1,clay,1.0000,0.500000,0,0,0.000000,0.000000,0.000000,0,nan,0.00,-0.582182,0.2645,0.1391,-0.307392,-0.6645,0.57,5.21,6.35,5.17,0.074048,7.7092,-0.2285,0.008000,0.079689,-0.3581,-0.051258,0.038335,0.076625,-2417.099806168886,-416.34381608618844,-1804.7260495084856,-196.49490671217512,-0.163423,-0.008126,6477.6,6142.9,0.094706,-0.012732,0.321596,3.7158,1.0000,,,,,
6.1080,1778843158.647595,489,11.589551,2.056894,0.231761,3.6743,-0.2715,-0.170652,11.582725,2.033590,0.219281,3.6773,11.613204,2.058850,0.230614,3.7089,-0.2816,-0.197490,0.180158,-0.3120,11.613204,1.965618,0.077360,3.9126,-1.000000,0.430122,111.7934,0,1,clay,1.0000,0.500000,0,0,0.000000,0.000000,0.000000,0,nan,0.00,-0.604909,0.2629,0.1397,-0.319392,-0.6593,0.56,5.21,6.33,5.20,0.077290,7.5894,-0.2353,0.008000,0.047947,0.8668,-0.049071,0.038598,0.076661,-1782.6318414178418,-429.71990354293956,-1903.7909296188077,-213.0730183084749,-0.169915,-0.007618,6486.9,6133.6,0.078504,0.027805,-0.726104,3.7078,1.0000,,,,,
6.1200,1778843158.659544,490,11.706281,1.973318,0.216832,3.7022,-0.2308,-0.162822,11.627195,2.036772,0.217278,3.6723,11.729848,1.974918,0.215684,3.7078,-0.2801,-0.199782,0.170954,-0.3257,11.729848,1.974064,0.067109,3.9126,1.000000,0.482188,113.7138,0,1,clay,1.0000,0.500000,0,0,0.000000,0.000000,0.000000,0,nan,0.00,-0.582182,0.2612,0.1403,-0.307392,-0.6535,0.55,5.22,6.31,5.28,0.061372,8.7086,-0.2404,0.008000,0.174532,-0.6071,-0.018316,0.043467,0.078174,-1695.9149408597546,-1627.3077786183744,-1913.5059140962217,-253.76257334918284,-0.183042,-0.008622,6489.4,6131.2,0.074286,-0.012119,-1.000000,3.7067,1.0000,,,,,
6.1320,1778843158.671713,491,11.673224,2.073320,0.209303,3.6712,-0.2292,-0.175766,11.671604,2.039766,0.215226,3.6652,11.696904,2.074769,0.208144,3.7008,-0.2736,-0.198009,0.145440,-0.3011,11.696904,1.971801,0.070056,3.9126,-0.544933,0.526509,114.4010,0,1,clay,1.0000,0.500000,0,0,0.000000,0.000000,0.000000,0,nan,0.00,-0.594567,0.2596,0.1407,-0.313931,-0.6472,0.56,5.22,6.34,5.24,0.064366,8.5910,-0.2474,0.008000,0.144092,-0.0015,-0.035809,0.051556,0.079366,-1991.211541212572,-705.4696661466144,-1828.548327936457,-326.8802152375218,-0.170760,-0.010690,6495.9,6124.7,0.062867,-0.003447,1.000000,3.6998,1.0000,,,,,
6.1440,1778843158.686411,492,11.735680,2.018544,0.209619,3.6520,-0.2334,-0.183326,11.715990,2.042344,0.213003,3.6571,11.759308,2.019954,0.208435,3.6914,-0.2738,-0.203011,0.131494,-0.3174,11.759308,1.976005,0.064442,3.9127,0.513890,0.572290,117.7622,0,1,clay,1.0000,0.500000,0,0,0.000000,0.000000,0.000000,0,nan,0.00,-0.582887,0.2579,0.1410,-0.307764,-0.6403,0.56,5.23,6.34,5.23,0.066944,8.4636,-0.2555,0.008000,0.083120,-0.4027,-0.052135,0.065013,0.087833,-2438.5629947267116,250.61100960917815,-1944.041117317632,-397.60951213583974,-0.176097,-0.012831,6499.5,6121.1,0.056585,-0.000581,-0.544933,3.6906,1.0000,,,,,
6.1560,1778843158.695551,493,11.774813,1.949217,0.215521,3.6701,-0.1799,-0.188056,11.760321,2.044653,0.210714,3.6501,11.798296,1.950809,0.214328,3.6873,-0.2610,-0.203759,0.115809,-0.3045,11.798296,1.978452,0.060945,3.9127,1.000000,0.614058,120.6554,0,1,clay,1.0000,0.500000,0,0,0.000000,0.000000,0.000000,0,nan,0.00,-0.560160,0.2563,0.1413,-0.295764,-0.6330,0.54,5.23,6.32,5.24,0.069253,8.3325,-0.2626,0.008000,0.197404,0.4290,-0.045914,0.075288,0.075224,-1981.142257264963,902.5873487939227,-1835.3814760401244,-551.9259108510929,-0.171456,-0.017785,6503.6,6117.0,0.049538,-0.005122,0.513890,3.6866,1.0000,,,,,
6.1680,1778843158.707674,494,11.820592,2.063079,0.212124,3.6932,-0.2745,-0.196282,11.804598,2.046706,0.208360,3.6415,11.844161,2.064526,0.210910,3.6886,-0.2662,-0.204762,0.107600,-0.2894,11.844161,1.981157,0.056908,3.9128,-1.000000,0.651943,119.8568,0,1,clay,1.0000,0.500000,0,0,0.000000,0.000000,0.000000,0,nan,0.00,-0.582887,0.2547,0.1414,-0.307764,-0.6251,0.55,5.23,6.33,5.22,0.071306,8.1976,-0.2712,0.008000,0.085867,0.3567,-0.027935,0.056968,0.068602,-2557.445869124756,-1167.7467194068336,-1738.0163615256683,-542.0965932835695,-0.155305,-0.017536,6505.7,6114.9,0.045793,-0.014563,1.000000,3.6879,1.0000,,,,,
6.1800,1778843158.719652,495,11.796584,2.080297,0.192846,3.6428,-0.2096,-0.191774,11.848823,2.048599,0.206028,3.6369,11.820139,2.081262,0.191605,3.6799,-0.2645,-0.210705,0.121770,-0.3141,11.820139,1.979764,0.059012,3.9127,-0.252004,0.660138,120.7695,0,1,clay,1.0000,0.500000,0,0,0.000000,0.000000,0.000000,0,nan,0.00,-0.588615,0.2531,0.1415,-0.310789,-0.6172,0.55,5.23,6.34,5.26,0.073199,8.0640,-0.2759,0.008000,0.087900,-1.1331,-0.059984,0.055415,0.063012,-2213.402027630895,-587.1348354592014,-1772.254896844076,-617.5323996884848,-0.167302,-0.020388,6502.2,6118.4,0.051943,-0.002105,-1.000000,3.6792,1.0000,,,,,
6.1920,1778843158.731627,496,12.050983,1.926753,0.204060,3.7175,-0.3689,-0.181756,11.892946,2.050516,0.203833,3.6298,12.074575,1.927830,0.202818,3.6874,-0.2883,-0.211225,0.130221,-0.3124,12.074575,1.992041,0.037647,3.9124,1.000000,0.669659,123.4931,0,1,clay,1.0000,0.500000,0,0,0.000000,0.000000,0.000000,0,nan,0.00,-0.565887,0.2515,0.1414,-0.298789,-0.6092,0.55,5.23,6.33,5.24,0.061516,9.1681,-0.2825,0.008000,0.215904,-0.1653,-0.044339,0.026004,0.059211,-1842.901525708388,-1346.9791889054536,-1890.843167022825,-413.4410740826477,-0.163495,-0.013348,6500.0,6120.5,0.055653,-0.025672,-0.252004,3.6866,1.0000,,,,,
6.2040,1778843158.743660,497,11.906977,2.036755,0.201917,3.5490,-0.2602,-0.186431,11.937010,2.052183,0.201560,3.6200,11.930445,2.037763,0.200677,3.6607,-0.2853,-0.208645,0.116167,-0.2925,11.930445,1.985752,0.049540,3.9128,0.928637,0.683654,127.0359,0,1,clay,1.0000,0.500000,0,0,0.000000,0.000000,0.000000,0,nan,0.00,-0.544782,0.2500,0.1413,-0.287645,-0.6010,0.55,5.23,6.34,5.24,0.063183,9.0380,-0.2928,0.008000,0.037560,-0.1043,-0.078913,0.035350,0.065494,-1805.52830037506,107.85173368682354,-1738.4567494781295,-446.35153301618436,-0.149910,-0.013931,6503.6,6116.9,0.049418,0.021897,1.000000,3.6599,1.0000,,,,,
6.2160,1778843158.755688,498,11.929643,2.060508,0.199592,3.6405,-0.2666,-0.198259,11.981017,2.053419,0.199125,3.6105,11.953165,2.061441,0.198337,3.6569,-0.2846,-0.209047,0.112821,-0.2817,11.953165,1.986857,0.047650,3.9128,-0.493035,0.698305,128.2536,0,1,clay,1.0000,0.500000,0,0,0.000000,0.000000,0.000000,0,nan,0.00,-0.555987,0.2484,0.1411,-0.293561,-0.5926,0.56,5.22,6.34,5.15,0.064419,8.8984,-0.3023,0.008000,0.063817,-0.6459,-0.070749,0.042614,0.067319,-2214.103442948315,-1186.0881212549766,-1657.1482571815595,-467.84794026384134,-0.136881,-0.015067,6504.5,6116.1,0.047896,-0.011185,0.928637,3.6562,1.0000,,,,,
6.2280,1778843158.767650,499,11.933140,2.093308,0.203813,3.5805,-0.2551,-0.201313,12.024965,2.054388,0.196635,3.6026,11.956477,2.094282,0.202539,3.6421,-0.2853,-0.213545,0.092403,-0.2967,11.956477,1.987014,0.047376,3.9128,-1.000000,0.730108,133.3758,0,1,clay,1.0000,0.500000,0,0,0.000000,0.000000,0.000000,0,nan,0.00,-0.578715,0.2469,0.1408,-0.305561,-0.5838,0.55,5.22,6.33,5.20,0.065388,8.7558,-0.3102,0.008000,0.197484,0.4645,-0.083337,0.041283,0.062985,-701.4678061086454,-1282.499735307506,-1716.8946270759013,-540.9127081400236,-0.141141,-0.016925,6509.7,6110.9,0.038848,0.012278,-0.493035,3.6415,1.0000,,,,,
6.2400,1778843158.784970,500,12.094603,2.053172,0.179308,3.5775,-0.2799,-0.194562,12.068791,2.055383,0.194270,3.5962,12.117863,2.053504,0.178021,3.6296,-0.2912,-0.217217,0.081234,-0.3119,12.117863,1.993591,0.033937,3.9122,0.831811,0.775798,138.1314,0,1,clay,1.0000,0.500000,0,0,0.000000,0.000000,0.000000,0,nan,0.00,-0.559810,0.2453,0.1404,-0.295580,-0.5745,0.55,5.21,6.32,5.19,0.066383,8.6202,-0.3160,0.008000,0.046711,-0.5177,-0.086151,0.033077,0.058146,-1531.0468879499647,-143.24716062573748,-1678.2407545362662,-545.6074530573749,-0.151042,-0.016501,6512.6,6108.0,0.033829,0.003654,-1.000000,3.6291,1.0000,,,,,
6.2520,1778843158.791697,501,12.194129,2.053850,0.193645,3.6180,-0.2688,-0.190547,12.112522,2.056332,0.191961,3.5886,12.217255,2.054526,0.192372,3.6274,-0.2890,-0.214030,0.072937,-0.2903,12.217255,1.996529,0.025066,3.9124,-0.920173,0.811874,140.7777,0,1,clay,1.0000,0.500000,0,0,0.000000,0.000000,0.000000,0,nan,0.00,-0.580723,0.2438,0.1399,-0.306622,-0.5648,0.54,5.20,6.28,5.10,0.067332,8.4880,-0.3238,0.008000,0.063084,0.3158,-0.077557,0.030003,0.058456,-1758.2433414493876,-728.0306554926647,-1696.3274688336714,-550.2980375649545,-0.140602,-0.016349,6514.7,6105.8,0.030049,-0.008149,0.831811,3.6270,1.0000,,,,,
6.2640,1778843158.803661,502,12.233341,2.023927,0.186276,3.5474,-0.3100,-0.200282,12.156180,2.057016,0.189575,3.5812,12.256348,2.024322,0.184984,3.6120,-0.2998,-0.218951,0.061108,-0.3124,12.256348,1.997438,0.021443,3.9127,0.381236,0.851941,146.1686,0,1,clay,1.0000,0.500000,0,0,0.000000,0.000000,0.000000,0,nan,0.00,-0.572058,0.2423,0.1393,-0.302047,-0.5546,0.54,5.20,6.28,5.20,0.059716,9.5994,-0.3316,0.008000,0.080724,-0.4398,-0.087336,0.007623,0.047814,-1532.2174630837758,-210.08791803068277,-1661.0395864611282,-513.8317826259437,-0.147734,-0.014973,6517.8,6102.8,0.024730,0.006164,-0.920173,3.6116,1.0000,,,,,
6.2760,1778843158.815655,503,12.150908,2.086009,0.181237,3.6123,-0.2836,-0.202361,12.199757,2.057482,0.187140,3.5704,12.173971,2.086269,0.179936,3.6120,-0.3000,-0.218909,0.049446,-0.2996,12.173971,1.995358,0.028990,3.9122,-0.108886,0.876265,144.8840,0,1,clay,1.0000,0.500000,0,0,0.000000,0.000000,0.000000,0,nan,0.00,-0.574533,0.2408,0.1387,-0.303353,-0.5440,0.55,5.19,6.29,5.16,0.060182,9.4599,-0.3418,0.008000,0.066539,-0.5269,-0.087593,0.014305,0.053940,-2167.8164946474244,-1683.1751895420853,-1696.7050455555764,-530.9881973949771,-0.141742,-0.015409,6520.8,6099.8,0.019465,-0.013195,0.381236,3.6117,1.0000,,,,,
6.2880,1778843158.827654,504,12.329035,2.081349,0.190229,3.6605,-0.3939,-0.209288,12.243251,2.057696,0.184644,3.5625,12.352189,2.081662,0.188908,3.6214,-0.3212,-0.222169,0.041948,-0.3040,12.352189,1.999072,0.012712,3.9141,-1.000000,0.910899,145.3963,0,1,clay,1.0000,0.500000,0,0,0.000000,0.000000,0.000000,0,nan,0.00,-0.597260,0.2393,0.1379,-0.315353,-0.5331,0.55,5.20,6.30,5.23,0.060396,9.3168,-0.3516,0.008000,0.136649,1.1284,-0.070920,-0.010989,0.052116,-1701.910402923142,-225.80176444397773,-1650.37674503495,-371.42823845962357,-0.136001,-0.010456,6522.7,6097.8,0.016086,-0.027625,-0.108886,3.6212,1.0000,,,,,
6.3000,1778843158.839703,505,12.327332,2.046837,0.175916,3.4607,-0.3438,-0.200813,12.286663,2.057772,0.182157,3.5559,12.350404,2.046703,0.174576,3.5903,-0.3317,-0.225663,0.033030,-0.3217,12.350404,1.999049,0.012871,3.9141,0.968127,0.945040,154.7772,0,1,clay,1.0000,0.500000,0,0,0.000000,0.000000,0.000000,0,nan,0.00,-0.575257,0.2379,0.1371,-0.303736,-0.5218,0.56,5.20,6.33,5.23,0.060472,9.1744,-0.3582,0.008000,0.161075,-0.3311,-0.110290,-0.006764,0.052776,-1895.1495585894463,-344.4052599167452,-1633.4184222898214,-331.03254055352147,-0.143862,-0.008475,6525.1,6095.5,0.012042,0.021893,-1.000000,3.5901,1.0000,,,,,
6.3120,1778843158.851703,506,12.361500,2.087988,0.180717,3.4697,-0.3314,-0.204469,12.329966,2.057792,0.179711,3.5465,12.384472,2.087926,0.179378,3.5669,-0.3324,-0.222882,0.018078,-0.2976,12.384472,1.999436,0.009857,3.9144,-0.533339,0.981257,162.7867,0,1,clay,1.0000,0.500000,0,0,0.000000,0.000000,0.000000,0,nan,0.00,-0.587379,0.2364,0.1361,-0.310136,-0.5100,0.57,5.20,6.33,5.18,0.060492,9.0342,-0.3679,0.008000,0.070697,0.0518,-0.105477,-0.010481,0.051080,-1566.325159203384,-21.13734641643464,-1633.8976319996598,-317.00907823249656,-0.129284,-0.007857,6528.9,6091.7,0.005339,0.017409,0.968127,3.5668,1.0000,,,,,
6.3240,1778843158.863672,507,12.404656,1.986189,0.168896,3.4952,-0.2616,-0.215194,12.373207,2.057485,0.177152,3.5386,12.427562,1.985855,0.167531,3.5530,-0.3257,-0.227560,0.017397,-0.3135,12.427562,1.999780,0.006115,3.9144,1.000000,1.006437,168.8445,0,1,clay,1.0000,0.500000,0,0,0.000000,0.000000,0.000000,0,nan,0.00,-0.564652,0.2349,0.1351,-0.298136,-0.4979,0.57,5.20,6.34,5.19,0.060185,8.8876,-0.3758,0.008000,0.118459,-0.4891,-0.115217,-0.003562,0.045830,-1906.4884453947218,58.49752516718593,-1625.6276331831398,-448.9539873344534,-0.136295,-0.012142,6529.1,6091.4,0.004935,0.006524,-0.533339,3.5530,1.0000,,,,,
6.3360,1778843158.883360,508,12.334783,2.085161,0.178680,3.5872,-0.2306,-0.217534,12.416348,2.056890,0.174499,3.5272,12.357696,2.085138,0.177310,3.5596,-0.3101,-0.226480,0.001510,-0.2918,12.357696,1.999140,0.012222,3.9142,-0.093884,1.028549,165.3470,0,1,clay,1.0000,0.500000,0,0,0.000000,0.000000,0.000000,0,nan,0.00,-0.566785,0.2335,0.1340,-0.299263,-0.4856,0.57,5.23,6.36,5.40,0.056890,9.9981,-0.3870,0.008000,0.022922,-0.1435,-0.091768,0.013543,0.047540,-1761.1576052660112,-793.655344140986,-1599.3826535629032,-612.2869328485431,-0.127083,-0.017448,6533.2,6087.4,-0.002148,-0.020799,1.000000,3.5596,1.0000,,,,,
6.3480,1778843158.889219,509,12.418193,2.133569,0.174433,3.5698,-0.3691,-0.222305,12.459392,2.056045,0.171811,3.5175,12.443001,2.133287,0.172923,3.5615,-0.3266,-0.231839,-0.007877,-0.2999,12.443001,1.999864,0.004793,3.9142,-1.000000,1.059230,166.6628,0,1,clay,1.0000,0.500000,0,0,0.000000,0.000000,0.000000,0,nan,0.00,-0.589513,0.2321,0.1328,-0.311263,-0.4729,0.81,5.20,6.82,5.03,0.056045,9.8441,-0.3967,0.008000,0.103977,1.0390,-0.076215,0.001887,0.045883,-1934.9135873767118,-1246.220726736223,-1535.3207877775224,-528.457394237108,-0.122591,-0.014652,6535.7,6084.8,-0.006588,-0.016475,-0.093884,3.5616,1.0000,,,,,
6.3600,1778843158.899700,510,12.466072,2.143114,0.166816,3.5317,-0.3218,-0.208403,12.502310,2.055210,0.169229,3.5101,12.490528,2.142597,0.165316,3.5556,-0.3323,-0.234809,-0.020904,-0.3180,12.490528,1.999996,0.000787,3.9130,-1.000000,1.095264,169.7223,0,1,clay,1.0000,0.500000,0,0,0.000000,0.000000,0.000000,0,nan,0.00,-0.612240,0.2306,0.1315,-0.323263,-0.4597,0.78,5.19,6.75,5.16,0.055210,9.6961,-0.4029,0.008000,0.144608,-0.2379,-0.078960,-0.002151,0.044196,-1558.184328370659,158.72139769664238,-1531.4073482408676,-518.4091557216958,-0.133364,-0.013706,6539.1,6081.5,-0.012391,-0.008011,-1.000000,3.5558,1.0000,,,,,
6.3720,1778843158.911736,511,12.505585,2.113299,0.165190,3.5559,-0.2702,-0.200802,12.545103,2.054435,0.166781,3.5031,12.529867,2.112785,0.163700,3.5557,-0.3281,-0.236010,-0.016181,-0.3300,12.529867,1.999963,-0.002494,3.9112,-0.885604,1.111742,169.7358,0,1,clay,1.0000,0.500000,0,0,0.000000,0.000000,0.000000,0,nan,0.00,-0.632367,0.2292,0.1302,-0.333890,-0.4464,0.76,5.19,6.71,5.15,0.054435,9.5559,-0.4080,0.008000,0.146029,0.1204,-0.062279,0.011707,0.049043,-1484.2978427186504,-674.8299946458263,-1638.2317758318525,-563.4463326258447,-0.147966,-0.015027,6537.9,6082.6,-0.010391,-0.018675,-1.000000,3.5558,1.0000,,,,,
6.3840,1778843158.923652,512,12.606980,2.018304,0.157532,3.5618,-0.2627,-0.206345,12.587790,2.053537,0.164305,3.4927,12.630982,2.017643,0.156054,3.5567,-0.3233,-0.237765,-0.026562,-0.3398,12.630982,1.999273,-0.011218,3.9062,1.000000,1.136285,172.2065,0,1,clay,1.0000,0.500000,0,0,0.000000,0.000000,0.000000,0,nan,0.00,-0.609640,0.2278,0.1287,-0.321890,-0.4327,0.73,5.20,6.65,5.25,0.053537,9.4140,-0.4135,0.008000,0.095252,-0.0294,-0.060022,0.018434,0.048107,-1560.5029585239915,-575.4078791785157,-1708.8330419938586,-622.1967105721574,-0.160673,-0.017007,6540.6,6080.0,-0.014986,-0.021282,-0.885604,3.5569,1.0000,,,,,
6.3960,1778843158.935687,513,12.615917,1.979882,0.154705,3.4991,-0.3885,-0.210009,12.630388,2.052254,0.161675,3.4804,12.639754,1.979055,0.153241,3.5455,-0.3361,-0.234202,-0.038904,-0.3153,12.639754,1.999171,-0.011995,3.9060,1.000000,1.162016,177.3265,0,1,clay,1.0000,0.500000,0,0,0.000000,0.000000,0.000000,0,nan,0.00,-0.586913,0.2264,0.1272,-0.309890,-0.4188,0.71,5.21,6.62,5.26,0.054954,10.5258,-0.4256,0.008000,0.147391,-0.6868,-0.079866,0.016055,0.056376,-1811.8644294358774,-1339.5586633257851,-1684.2047246910242,-471.72122891765855,-0.142809,-0.012142,6543.7,6076.8,-0.020493,-0.004970,1.000000,3.5458,1.0000,,,,,
6.4080,1778843158.947622,514,12.649876,2.040961,0.160607,3.4598,-0.2906,-0.239919,12.672947,2.050495,0.158821,3.4739,12.673440,2.040254,0.159128,3.5288,-0.3298,-0.236314,-0.041366,-0.3033,12.673440,1.998717,-0.015009,3.9061,1.000000,1.186290,182.3396,0,1,clay,1.0000,0.500000,0,0,0.000000,0.000000,0.000000,0,nan,0.00,-0.564185,0.2250,0.1256,-0.297890,-0.4046,0.68,5.21,6.56,5.22,0.053195,10.3623,-0.4322,0.008000,0.066157,0.4926,-0.064510,0.028309,0.052547,-1966.3142887470128,-1261.819490725299,-1582.167557388436,-581.3144037328946,-0.128338,-0.016385,6544.4,6076.2,-0.021630,0.001186,1.000000,3.5291,1.0000,,,,,
6.4200,1778843158.959582,515,12.712098,2.041846,0.156687,3.4724,-0.3146,-0.238730,12.715417,2.048513,0.155947,3.4679,12.735396,2.041012,0.155201,3.5178,-0.3285,-0.237396,-0.043707,-0.2914,12.735396,1.997612,-0.020676,3.9106,0.782391,1.209418,187.1069,0,1,clay,1.0000,0.500000,0,0,0.000000,0.000000,0.000000,0,nan,0.00,-0.546404,0.2237,0.1238,-0.288501,-0.3901,0.65,5.20,6.50,5.16,0.051213,10.1976,-0.4426,0.008000,0.055403,-0.0230,-0.050588,0.028275,0.046028,-1772.8167053602656,-68.12782548580708,-1486.3995441634022,-641.8050637233001,-0.113280,-0.018390,6545.0,6075.6,-0.022706,-0.002464,1.000000,3.5181,1.0000,,,,,
6.4320,1778843158.971468,516,12.692827,2.015479,0.154681,3.4348,-0.3592,-0.236986,12.757783,2.046443,0.153147,3.4596,12.715907,2.014513,0.153189,3.5016,-0.3353,-0.238226,-0.053898,-0.2834,12.715907,1.997997,-0.018876,3.9084,1.000000,1.232272,193.3161,0,1,clay,1.0000,0.500000,0,0,0.000000,0.000000,0.000000,0,nan,0.00,-0.523676,0.2223,0.1221,-0.276501,-0.3753,0.64,5.26,6.53,5.62,0.049143,10.0372,-0.4488,0.008000,0.103909,0.5675,-0.052784,0.007471,0.036518,-1595.9291862201098,-1454.4303929811322,-1370.8888563278729,-619.3634589746345,-0.098806,-0.017431,6547.6,6073.0,-0.027253,0.011764,0.782391,3.5020,1.0000,,,,,
6.4440,1778843158.984698,517,12.836573,2.133357,0.160700,3.5106,-0.4097,-0.226735,12.800041,2.044337,0.150415,3.4511,12.859737,2.132435,0.159208,3.5031,-0.3487,-0.236451,-0.082945,-0.2700,12.859737,1.994330,-0.031981,3.9392,-1.000000,1.287713,198.0117,0,1,clay,1.0000,0.500000,0,0,0.000000,0.000000,0.000000,0,nan,0.00,-0.546404,0.2209,0.1202,-0.288501,-0.3598,0.61,5.24,6.46,5.12,0.047037,9.8806,-0.4881,0.008000,0.127138,0.3460,-0.056056,-0.009784,0.044490,-1685.4729390015061,-1037.552377982099,-1177.0092710677122,-476.52508670795197,-0.081654,-0.012826,6555.0,6065.6,-0.040152,-0.016498,1.000000,3.5037,1.0000,,,,,
6.4560,1778843158.995571,518,12.907687,1.967073,0.151115,3.4680,-0.3955,-0.232358,12.842196,2.042104,0.147688,3.4436,12.930575,1.965822,0.149617,3.4962,-0.3622,-0.241618,-0.084823,-0.2949,12.930575,1.991846,-0.038082,3.9583,0.876982,1.320664,202.8496,0,1,clay,1.0000,0.500000,0,0,0.000000,0.000000,0.000000,0,nan,0.00,-0.526472,0.2196,0.1182,-0.277977,-0.3440,0.59,5.24,6.42,5.24,0.044804,9.7244,-0.5147,0.008000,0.188709,0.0788,-0.063921,-0.014880,0.041443,-1523.0608044039486,-935.1327670023092,-1090.0136184437017,-397.8541647571707,-0.089331,-0.010454,6555.5,6065.0,-0.041102,-0.002480,-1.000000,3.4968,1.0000,,,,,
6.4680,1778843159.007727,519,12.895643,2.034052,0.142937,3.4844,-0.3507,-0.221242,12.884235,2.039909,0.145080,3.4363,12.918516,2.032639,0.141452,3.4938,-0.3596,-0.237585,-0.086762,-0.2723,12.918516,1.992299,-0.037061,3.9553,0.287393,1.340645,201.1022,0,1,clay,1.0000,0.500000,0,0,0.000000,0.000000,0.000000,0,nan,0.00,-0.519941,0.2183,0.1162,-0.274529,-0.3279,0.59,5.24,6.42,5.19,0.050909,10.8231,-0.5191,0.008000,0.106332,0.0632,-0.059146,-0.011020,0.046041,-1477.620103964579,-632.0513783153383,-1144.1495605580928,-387.70563880638156,-0.078819,-0.009957,6556.1,6064.5,-0.042054,-0.011835,0.876982,3.4944,1.0000,,,,,
6.4800,1778843159.019675,520,12.843269,2.075477,0.141423,3.4962,-0.3590,-0.232757,12.926194,2.037373,0.142336,3.4260,12.866134,2.074007,0.139931,3.4941,-0.3612,-0.238629,-0.086897,-0.2727,12.866134,1.994124,-0.032542,3.9410,-0.812600,1.348908,199.5491,0,1,clay,1.0000,0.500000,0,0,0.000000,0.000000,0.000000,0,nan,0.00,-0.538409,0.2169,0.1141,-0.284280,-0.3117,0.59,5.23,6.42,5.20,0.048373,10.6659,-0.5150,0.008000,0.055473,0.0759,-0.059321,-0.015328,0.044777,-1245.2472144992048,-1349.8974632495735,-1083.0332591054848,-386.2971006589612,-0.074088,-0.010179,6556.2,6064.4,-0.042168,-0.015872,0.287393,3.4947,1.0000,,,,,
6.4920,1778843159.031637,521,12.939902,2.043163,0.137345,3.4945,-0.4038,-0.225345,12.968053,2.034711,0.139594,3.4205,12.962676,2.041525,0.135851,3.4942,-0.3729,-0.241330,-0.076760,-0.2895,12.962676,1.990580,-0.040764,3.9651,-0.028781,1.350219,200.8757,0,1,clay,1.0000,0.500000,0,0,0.000000,0.000000,0.000000,0,nan,0.00,-0.539063,0.2156,0.1119,-0.284625,-0.2955,0.58,5.22,6.39,5.19,0.045711,10.5088,-0.5447,0.008000,0.066549,0.2903,-0.059415,-0.029152,0.044101,-1420.7889939036331,-171.29197363969467,-1037.7670370426422,-295.59945298942444,-0.081030,-0.007171,6553.6,6067.0,-0.037700,-0.018135,-0.812600,3.4947,1.0000,,,,,
6.5040,1778843159.043589,522,12.975592,2.044787,0.134302,3.4635,-0.3037,-0.214604,13.009791,2.032184,0.137021,3.4130,12.998192,2.043172,0.132830,3.4881,-0.3625,-0.238924,-0.075525,-0.2848,12.998192,1.989079,-0.043671,3.9703,0.034242,1.353808,203.4880,0,1,clay,1.0000,0.500000,0,0,0.000000,0.000000,0.000000,0,nan,0.00,-0.538285,0.2143,0.1096,-0.284214,-0.2792,0.57,5.22,6.36,5.23,0.043184,10.3613,-0.5573,0.008000,0.085579,0.2567,-0.052944,-0.015769,0.037929,-843.0707107013501,-1130.7159826985826,-1185.0298456349956,-375.0070305321012,-0.085010,-0.009292,6553.3,6067.3,-0.037139,-0.011639,-0.028781,3.4886,1.0000,,,,,
6.5160,1778843159.055626,523,13.022194,2.010656,0.135682,3.3861,-0.2961,-0.212817,13.051419,2.029557,0.134450,3.4042,13.044581,2.009144,0.134228,3.4683,-0.3529,-0.236767,-0.078352,-0.2840,13.044581,1.986964,-0.047463,3.9725,0.620025,1.365017,212.3187,0,1,clay,1.0000,0.500000,0,0,0.000000,0.000000,0.000000,0,nan,0.00,-0.524193,0.2130,0.1072,-0.276774,-0.2629,0.56,5.22,6.33,5.16,0.040557,10.2141,-0.5683,0.008000,0.019350,0.0106,-0.055892,-0.001508,0.050772,-1495.8802495349391,274.92215839060447,-1208.5151213910426,-444.46192942210007,-0.087279,-0.011311,6554.0,6066.6,-0.038383,0.008827,0.034242,3.4688,1.0000,,,,,
6.5280,1778843159.067552,524,13.047387,2.036511,0.134777,3.3701,-0.3986,-0.222471,13.092946,2.026700,0.131804,3.3954,13.069648,2.034910,0.133329,3.4492,-0.3613,-0.234842,-0.068922,-0.2728,13.069648,1.985747,-0.049548,3.9720,-0.145081,1.368703,218.8128,0,1,clay,1.0000,0.500000,0,0,0.000000,0.000000,0.000000,0,nan,0.00,-0.527491,0.2117,0.1048,-0.278515,-0.2464,0.56,5.21,6.32,5.14,0.037700,10.0624,-0.5766,0.008000,0.047939,0.1900,-0.063765,-0.022116,0.038812,-1407.9430545159116,-1134.203635690195,-1134.6897054835658,-341.12501126193104,-0.075493,-0.008140,6551.6,6069.0,-0.034249,0.011431,0.620025,3.4497,1.0000,,,,,
6.5400,1778843159.082281,525,13.137983,2.108682,0.134702,3.4243,-0.3909,-0.229467,13.134395,2.023576,0.129068,3.3884,13.160028,2.107026,0.133256,3.4444,-0.3689,-0.236799,-0.062281,-0.2794,13.160028,1.980918,-0.057273,3.9671,-1.000000,1.374397,222.3598,0,1,clay,1.0000,0.500000,0,0,0.000000,0.000000,0.000000,0,nan,0.00,-0.550218,0.2104,0.1023,-0.290515,-0.2299,0.54,5.20,6.27,5.17,0.048176,11.1356,-0.5787,0.008000,0.128918,0.3057,-0.051471,-0.033306,0.030526,-1335.654249918347,-918.233655051918,-1083.0824798698477,-287.8497900694964,-0.074123,-0.006646,6549.9,6070.7,-0.031294,-0.005367,-0.145081,3.4448,1.0000,,,,,
6.5520,1778843159.091754,526,13.122130,2.068957,0.124628,3.4112,-0.3690,-0.219151,13.175745,2.020495,0.126439,3.3840,13.144148,2.067044,0.123176,3.4379,-0.3734,-0.239109,-0.058702,-0.2968,13.144148,1.981817,-0.055892,3.9679,-0.417568,1.372681,223.4025,0,1,clay,1.0000,0.500000,0,0,0.000000,0.000000,0.000000,0,nan,0.00,-0.559708,0.2091,0.0998,-0.295526,-0.2135,0.54,5.21,6.29,5.23,0.045095,10.9850,-0.5839,0.008000,0.106297,-0.6265,-0.056526,-0.014909,0.047040,-1084.6304242777119,-395.09820820838013,-1102.8905574078915,-261.92859884622044,-0.085528,-0.005679,6549.0,6071.5,-0.029734,-0.001014,-1.000000,3.4383,1.0000,,,,,
6.5640,1778843159.103708,527,13.202938,1.956146,0.120135,3.3767,-0.4192,-0.214943,13.217011,2.017444,0.123876,3.3780,13.224918,1.954062,0.118686,3.4260,-0.3840,-0.238531,-0.047139,-0.2982,13.224918,1.977011,-0.063020,3.9678,1.000000,1.363259,230.2803,0,1,clay,1.0000,0.500000,0,0,0.000000,0.000000,0.000000,0,nan,0.00,-0.536981,0.2079,0.0972,-0.283526,-0.1971,0.55,5.21,6.30,5.26,0.042044,10.8381,-0.5897,0.008000,0.085421,-0.3049,-0.061358,-0.015774,0.054333,-1071.6243384657928,-2.5529829106695843,-1211.8588724892684,-128.9834742644706,-0.087315,-0.001666,6546.1,6074.5,-0.024630,0.006025,-0.417568,3.4264,1.0000,,,,,
6.5760,1778843159.115582,528,13.294425,1.969285,0.112941,3.3845,-0.3223,-0.213239,13.258189,2.014266,0.121271,3.3707,13.316257,1.967141,0.111517,3.4179,-0.3723,-0.233765,-0.047659,-0.2772,13.316257,1.970870,-0.071222,3.9857,1.000000,1.368817,234.0327,0,1,clay,1.0000,0.500000,0,0,0.000000,0.000000,0.000000,0,nan,0.00,-0.514253,0.2066,0.0945,-0.271526,-0.1807,0.53,5.21,6.28,5.22,0.038866,10.6889,-0.6150,0.008000,0.044072,-0.2723,-0.066844,-0.017983,0.041051,-1325.0873722849499,-460.63258490951466,-1187.6583469284856,-201.1966441192376,-0.078193,-0.003732,6546.2,6074.4,-0.024821,-0.000426,1.000000,3.4183,1.0000,,,,,
6.5880,1778843159.127584,529,13.325950,2.030985,0.122655,3.3459,-0.3628,-0.241229,13.299316,2.010550,0.118411,3.3640,13.347708,2.029025,0.121216,3.4040,-0.3700,-0.234544,-0.037118,-0.2653,13.347708,1.968582,-0.073982,3.9954,-0.978010,1.368086,239.1444,0,1,clay,1.0000,0.500000,0,0,0.000000,0.000000,0.000000,0,nan,0.00,-0.536481,0.2054,0.0918,-0.283262,-0.1643,0.53,5.21,6.27,5.18,0.035150,10.5250,-0.6314,0.008000,0.104961,0.3774,-0.081180,-0.020589,0.036706,-1348.0236253145085,-253.9259601049264,-1011.594732303306,-261.7661810918397,-0.063455,-0.005831,6543.5,6077.0,-0.020181,0.004821,1.000000,3.4043,1.0000,,,,,
6.6000,1778843159.139610,530,13.314015,1.970623,0.106203,3.3707,-0.2608,-0.239427,13.340362,2.006640,0.115529,3.3568,13.335679,1.968366,0.104738,3.3976,-0.3557,-0.240433,-0.027346,-0.2894,13.335679,1.969467,-0.072931,3.9916,1.000000,1.357048,240.9215,0,1,clay,1.0000,0.500000,0,0,0.000000,0.000000,0.000000,0,nan,0.00,-0.513754,0.2041,0.0890,-0.271262,-0.1480,0.53,5.21,6.27,5.21,0.031240,10.3598,-0.6348,0.008000,0.043475,-0.3159,-0.088711,0.007915,0.039010,-1553.9851036184682,-1008.6775505983167,-1038.6760856407413,-493.46591059267496,-0.078979,-0.013162,6541.1,6079.5,-0.015862,0.007183,-0.978010,3.3978,1.0000,,,,,
6.6120,1778843159.151636,531,13.471273,1.984276,0.111153,3.3760,-0.2454,-0.225647,13.381321,2.002882,0.112834,3.3520,13.492885,1.982267,0.109701,3.3933,-0.3354,-0.236370,-0.041884,-0.2650,13.492885,1.956917,-0.086239,4.0329,-0.123910,1.377436,246.8902,0,1,clay,1.0000,0.500000,0,0,0.000000,0.000000,0.000000,0,nan,0.00,-0.516570,0.2029,0.0862,-0.272749,-0.1315,0.53,5.24,6.29,5.40,0.046582,11.4394,-0.6809,0.008000,0.121491,0.1269,-0.087020,0.021338,0.036396,-1194.0739990124284,-1196.2243749779527,-1118.7606762967116,-665.4648227096665,-0.072158,-0.018626,6544.7,6075.8,-0.022247,-0.002492,1.000000,3.3936,1.0000,,,,,
6.6240,1778843159.163595,532,13.381181,1.997409,0.102002,3.2988,-0.3983,-0.223709,13.422178,1.998983,0.110145,3.3449,13.402741,1.995096,0.100546,3.3749,-0.3491,-0.236855,-0.040417,-0.2735,13.402741,1.964372,-0.078722,4.0130,0.609784,1.385471,251.6689,0,1,clay,1.0000,0.500000,0,0,0.000000,0.000000,0.000000,0,nan,0.00,-0.502711,0.2017,0.0833,-0.265431,-0.1148,0.52,5.25,6.30,5.36,0.042683,11.2853,-0.6681,0.008000,0.022190,-0.4898,-0.085202,-0.001112,0.030419,-1624.9744784944849,-903.8493250994472,-1038.525321161497,-538.9880611767284,-0.068741,-0.014184,6544.4,6076.2,-0.021669,0.022074,-0.123910,3.3752,1.0000,,,,,
6.6360,1778843159.180946,533,13.485897,1.941014,0.105203,3.3361,-0.3836,-0.226181,13.462942,1.994890,0.107427,3.3368,13.507450,1.938725,0.103751,3.3674,-0.3551,-0.234897,-0.038273,-0.2616,13.507450,1.955649,-0.087427,4.0340,1.000000,1.394059,258.2481,0,1,clay,1.0000,0.500000,0,0,0.000000,0.000000,0.000000,0,nan,0.00,-0.479984,0.2006,0.0793,-0.253431,-0.0981,0.52,5.24,6.28,5.15,0.038590,11.1296,-0.6972,0.008000,0.092915,-0.2660,-0.074674,-0.005857,0.030000,-1332.1007294964893,-868.3618309430249,-961.2433604924047,-458.4816608032817,-0.058467,-0.011636,6543.9,6076.7,-0.020750,0.008924,0.609784,3.3676,1.0000,,,,,
6.6480,1778843159.187389,534,13.494765,1.992754,0.102060,3.3441,-0.3222,-0.229031,13.503611,1.990651,0.104686,3.3304,13.516096,1.990460,0.100625,3.3629,-0.3483,-0.232553,-0.033335,-0.2472,13.516096,1.954888,-0.088134,4.0342,-0.561206,1.398186,258.7884,0,1,clay,1.0000,0.500000,0,0,0.000000,0.000000,0.000000,0,nan,0.00,-0.492739,0.1996,0.0755,-0.260166,-0.0813,0.50,5.21,6.21,5.04,0.034351,10.9725,-0.7039,0.008000,0.087669,-0.4307,-0.075029,0.013738,0.044234,-1100.9286248479755,-541.7793675800548,-804.0934342923631,-509.31072721803434,-0.047299,-0.013377,6542.6,6078.0,-0.018560,0.008840,1.000000,3.3631,1.0000,,,,,
6.6600,1778843159.199636,535,13.639568,2.063108,0.098766,3.3102,-0.3328,-0.229758,13.544195,1.986267,0.101940,3.3251,13.660766,2.060734,0.097327,3.3527,-0.3487,-0.235236,-0.026597,-0.2637,13.660766,1.941227,-0.100271,4.0233,-1.000000,1.407245,265.5882,0,1,clay,1.0000,0.500000,0,0,0.000000,0.000000,0.000000,0,nan,0.00,-0.515466,0.1987,0.0719,-0.272166,-0.0644,0.51,5.22,6.23,5.26,0.029967,10.8152,-0.6983,0.008000,0.147703,-0.0286,-0.079155,0.020182,0.044720,-1268.1109048863982,-1277.4835582399428,-804.4002709123363,-535.3892886720748,-0.053665,-0.014275,6540.9,6079.7,-0.015585,0.014590,-0.561206,3.3529,1.0000,,,,,
6.6720,1778843159.211669,536,13.561576,2.039872,0.100931,3.3143,-0.3221,-0.218084,13.584689,1.981969,0.099315,3.3191,13.582844,2.037544,0.099486,3.3452,-0.3479,-0.236438,-0.025601,-0.2784,13.582844,1.948805,-0.093661,4.0304,-1.000000,1.406314,267.0094,0,1,clay,1.0000,0.500000,0,0,0.000000,0.000000,0.000000,0,nan,0.00,-0.538193,0.1979,0.0685,-0.284166,-0.0476,0.52,5.19,6.23,5.07,0.025669,10.6648,-0.7113,0.008000,0.121763,0.3494,-0.075915,0.018040,0.034326,-938.4594632581654,-479.736431577304,-941.6413939621174,-545.8326373925645,-0.067038,-0.014463,6540.7,6079.9,-0.015191,0.016331,-1.000000,3.3454,1.0000,,,,,
6.6840,1778843159.223521,537,13.671981,1.931454,0.103752,3.3237,-0.3374,-0.206561,13.625113,1.977866,0.096853,3.3166,13.693077,1.929212,0.102330,3.3410,-0.3501,-0.235778,-0.023175,-0.2904,13.693077,1.937930,-0.103061,4.0235,0.456156,1.405954,272.3216,0,1,clay,1.0000,0.500000,0,0,0.000000,0.000000,0.000000,0,nan,0.00,-0.527826,0.1972,0.0652,-0.278692,-0.0307,0.51,5.19,6.21,5.15,0.045966,11.7397,-0.7069,0.008000,0.007684,0.8945,-0.071967,0.008752,0.034518,-799.6818350146999,-893.424077775765,-1109.2377329825151,-491.8509581970021,-0.080429,-0.012582,6540.0,6080.5,-0.014090,0.013743,-1.000000,3.3412,1.0000,,,,,
6.6960,1778843159.235630,538,13.610917,2.049237,0.081954,3.3682,-0.2725,-0.204618,13.665458,1.973583,0.094310,3.3109,13.631979,2.046656,0.080556,3.3463,-0.3372,-0.231077,-0.020162,-0.2759,13.631979,1.944087,-0.097809,4.0253,-1.000000,1.404407,265.6204,0,1,clay,1.0000,0.500000,0,0,0.000000,0.000000,0.000000,0,nan,0.00,-0.550553,0.1966,0.0620,-0.290692,-0.0138,0.51,5.19,6.21,5.21,0.041683,11.5940,-0.7144,0.008000,0.099168,-0.9057,-0.053865,0.028617,0.046982,-1318.6345263132657,-295.01923359176646,-1240.9078600137052,-552.2226789316628,-0.080366,-0.014596,6539.3,6081.3,-0.012758,-0.001741,0.456156,3.3464,1.0000,,,,,
6.7080,1778843159.247689,539,13.666550,1.946597,0.097602,3.4135,-0.3388,-0.230282,13.705748,1.968811,0.091537,3.3061,13.687836,1.944280,0.096174,3.3593,-0.3429,-0.236491,-0.014241,-0.2969,13.687836,1.938471,-0.102606,4.0233,0.407987,1.391222,263.0068,0,1,clay,1.0000,0.500000,0,0,0.000000,0.000000,0.000000,0,nan,0.00,-0.541281,0.1961,0.0591,-0.285796,0.0029,0.52,5.19,6.23,5.15,0.036911,11.4351,-0.7171,0.008000,0.021908,0.9687,-0.035433,0.009893,0.034298,-1207.1288187352177,-1357.6321741971378,-1178.330155209815,-544.9488708450295,-0.091281,-0.014882,6537.8,6082.8,-0.010157,-0.017048,-1.000000,3.3594,1.0000,,,,,
6.7200,1778843159.259652,540,13.750013,1.996138,0.092593,3.2708,-0.4504,-0.212528,13.745983,1.964206,0.088936,3.3043,13.771198,1.993591,0.091179,3.3419,-0.3623,-0.233261,-0.057245,-0.2832,13.771198,1.929581,-0.109909,4.0414,-0.763899,1.439348,274.9095,0,1,clay,1.0000,0.500000,0,0,0.000000,0.000000,0.000000,0,nan,0.00,-0.558642,0.1957,0.0562,-0.294963,0.0201,0.53,5.19,6.25,5.22,0.032306,11.2861,-0.7371,0.008000,0.100166,0.3741,-0.046823,-0.022249,0.034809,-794.9702610811078,247.96029659978302,-1186.0482385610983,-315.954256792185,-0.079275,-0.007012,6548.7,6071.9,-0.029110,0.024763,0.407987,3.3423,1.0000,,,,,
6.7320,1778843159.279381,541,13.721364,2.039049,0.099483,3.3158,-0.3272,-0.213585,13.786170,1.959593,0.086382,3.3013,13.742486,2.036670,0.098071,3.3369,-0.3605,-0.234864,-0.040685,-0.2997,13.742486,1.932712,-0.107383,4.0313,-1.000000,1.448595,275.4151,0,1,clay,1.0000,0.500000,0,0,0.000000,0.000000,0.000000,0,nan,0.00,-0.581369,0.1953,0.0535,-0.306963,0.0375,0.52,5.21,6.25,5.35,0.027693,11.1398,-0.7300,0.008000,0.085904,1.2962,-0.033756,-0.016606,0.028718,-1115.0714377381387,-450.591948583482,-1194.8617119624967,-343.57715108167855,-0.089954,-0.007855,6544.5,6076.0,-0.021922,0.012942,-0.763899,3.3371,1.0000,,,,,
6.7440,1778843159.285233,542,13.834811,1.938339,0.080063,3.3222,-0.3343,-0.216107,13.826297,1.954837,0.083768,3.2964,13.857687,1.935289,0.078518,3.3340,-0.3621,-0.238605,-0.036422,-0.3137,13.857687,1.919710,-0.117307,4.0907,1.000000,1.453506,278.9650,0,1,clay,1.0000,0.500000,0,0,0.000000,0.000000,0.000000,0,nan,0.00,-0.558642,0.1951,0.0510,-0.294963,0.0550,0.78,5.20,6.75,5.10,0.022937,10.9900,-0.7943,0.008000,0.040273,-0.0113,-0.029298,-0.018327,0.022418,-1115.1169297153338,194.13613963840487,-1297.105715634866,-359.3799642488615,-0.102634,-0.008372,6543.7,6076.9,-0.020410,0.006444,-1.000000,3.3343,1.0000,,,,,
6.7560,1778843159.295743,543,13.859148,1.958722,0.084470,3.3061,-0.2948,-0.222310,13.866356,1.949856,0.081075,3.2902,13.881735,1.955889,0.082950,3.3286,-0.3497,-0.234907,-0.024515,-0.2883,13.881735,1.916851,-0.119307,4.1065,0.370649,1.446580,280.5441,0,1,clay,1.0000,0.500000,0,0,0.000000,0.000000,0.000000,0,nan,0.00,-0.550218,0.1949,0.0485,-0.290515,0.0723,0.75,5.19,6.69,5.17,0.017956,10.8357,-0.8163,0.008000,0.006118,0.4068,-0.030723,-0.012259,0.021089,-1265.0734229637776,-880.959602075458,-1343.0483699970366,-460.5960290136601,-0.092651,-0.011713,6540.6,6079.9,-0.015118,0.005153,1.000000,3.3288,1.0000,,,,,
6.7680,1778843159.307624,544,13.899121,1.939010,0.068076,3.2099,-0.4005,-0.243861,13.906353,1.944484,0.078200,3.2855,13.921247,1.935718,0.066549,3.3057,-0.3601,-0.237882,-0.008575,-0.2881,13.921247,1.912050,-0.122537,4.1313,1.000000,1.435304,289.8625,0,1,clay,1.0000,0.500000,0,0,0.000000,0.000000,0.000000,0,nan,0.00,-0.527491,0.1948,0.0462,-0.278515,0.0895,0.71,5.19,6.61,5.19,0.042384,11.8588,-0.8459,0.008000,0.131365,-0.3282,-0.044224,-0.011013,0.032459,-1345.2897819547975,-42.49855867924458,-1226.4450755244177,-410.11764026325466,-0.080876,-0.010461,6536.6,6084.0,-0.008009,0.035195,0.370649,3.3058,1.0000,,,,,
6.7800,1778843159.319628,545,13.954973,1.913043,0.069336,3.1948,-0.3747,-0.241397,13.946275,1.938958,0.075317,3.2799,13.976774,1.909760,0.067812,3.2843,-0.3618,-0.237286,0.005226,-0.2720,13.976774,1.905086,-0.126962,4.1591,1.000000,1.421934,300.2968,0,1,clay,1.0000,0.500000,0,0,0.000000,0.000000,0.000000,0,nan,0.00,-0.504764,0.1975,0.0440,-0.266515,0.1066,0.68,5.19,6.55,5.17,0.036858,11.6936,-0.8791,0.008000,0.091377,-0.3728,-0.058363,-0.013350,0.030876,-1617.7203668212378,-1026.446927198909,-1055.336400524926,-412.8730556801688,-0.064396,-0.010721,6533.0,6087.5,-0.001846,0.045094,1.000000,3.2843,1.0000,,,,,
6.7920,1778843159.331599,546,13.957885,2.000468,0.075953,3.3009,-0.3367,-0.240643,13.986129,1.933288,0.072417,3.2753,13.979519,1.997377,0.074438,3.2876,-0.3567,-0.236836,0.013484,-0.2600,13.979519,1.904736,-0.127177,4.1601,-1.000000,1.409609,297.6028,0,1,clay,1.0000,0.500000,0,0,0.000000,0.000000,0.000000,0,nan,0.00,-0.527491,0.2006,0.0419,-0.278515,0.1235,0.65,5.19,6.49,5.20,0.031188,11.5274,-0.8848,0.008000,0.132660,-0.1604,-0.051203,-0.009735,0.027255,-1070.6433832230878,-435.5549678824566,-897.8421843289864,-472.68434294778774,-0.052269,-0.013026,6530.9,6089.7,0.001878,0.012712,1.000000,3.2875,1.0000,,,,,
6.8040,1778843159.343565,547,14.126218,1.877811,0.066235,3.2202,-0.3385,-0.239946,14.025916,1.927555,0.069575,3.2732,14.147588,1.874495,0.064708,3.2746,-0.3581,-0.242026,0.021757,-0.2850,14.147588,1.882117,-0.140460,4.1628,0.694820,1.400482,307.6768,0,1,clay,1.0000,0.500000,0,0,0.000000,0.000000,0.000000,0,nan,0.00,-0.511700,0.2040,0.0399,-0.270177,0.1403,0.63,5.19,6.44,5.18,0.025455,11.3646,-0.8896,0.008000,0.199426,0.5034,-0.069763,-0.013867,0.023459,-929.3677682423553,-1135.481140314784,-902.6409271236639,-520.8492944500928,-0.063135,-0.014773,6528.8,6091.8,0.005595,0.037578,-1.000000,3.2745,1.0000,,,,,
6.8160,1778843159.355677,548,14.081981,1.932359,0.068441,3.2545,-0.3405,-0.224100,14.065661,1.921916,0.066847,3.2737,14.103220,1.929149,0.066939,3.2708,-0.3542,-0.237898,0.027803,-0.2657,14.103220,1.888310,-0.136894,4.1685,-0.419561,1.390835,307.0039,0,1,clay,1.0000,0.500000,0,0,0.000000,0.000000,0.000000,0,nan,0.00,-0.521235,0.2078,0.0379,-0.275212,0.1570,0.61,5.20,6.42,5.24,0.019816,11.2083,-0.8948,0.008000,0.059303,-0.2340,-0.087250,-0.010869,0.026632,-741.0270726457387,-585.0541159689309,-979.0182167688342,-513.663600146285,-0.055615,-0.014441,6527.2,6093.4,0.008311,0.025759,0.694820,3.2706,1.0000,,,,,
6.8280,1778843159.367636,549,14.122781,1.802023,0.059967,3.2426,-0.3735,-0.231910,14.105328,1.916083,0.064057,3.2663,14.143956,1.798585,0.058459,3.2654,-0.3605,-0.239916,0.030775,-0.2779,14.143956,1.882630,-0.140167,4.1632,1.000000,1.380866,313.6720,0,1,clay,1.0000,0.500000,0,0,0.000000,0.000000,0.000000,0,nan,0.00,-0.498508,0.2118,0.0361,-0.263212,0.1736,0.61,5.23,6.45,5.44,0.013983,11.0484,-0.8969,0.008000,0.149420,-0.4518,-0.070953,-0.001458,0.028701,-1415.816671971636,-669.8210675999604,-932.5253785802103,-466.79165948478254,-0.058594,-0.013018,6526.4,6094.1,0.009651,0.030609,-0.419561,3.2652,1.0000,,,,,
6.8400,1778843159.380470,550,14.182569,1.905185,0.065954,3.2029,-0.4139,-0.244676,14.144959,1.910041,0.061194,3.2618,14.203705,1.901794,0.064439,3.2531,-0.3680,-0.238577,-0.001126,-0.2568,14.203705,1.874052,-0.145036,4.1597,-0.126604,1.417440,320.1840,0,1,clay,1.0000,0.500000,0,0,0.000000,0.000000,0.000000,0,nan,0.00,-0.501385,0.2162,0.0344,-0.264731,0.1906,0.59,5.22,6.41,5.17,0.042841,12.0354,-0.8978,0.008000,0.135649,-0.4945,-0.079663,-0.008958,0.035510,-1035.7354956891668,-571.737669115028,-721.3443051391705,-414.9177544692988,-0.040994,-0.010790,6534.5,6086.1,-0.004409,0.038985,1.000000,3.2531,1.0000,,,,,
6.8520,1778843159.391582,551,14.159740,1.992267,0.053752,3.2340,-0.3290,-0.230119,14.184525,1.903941,0.058376,3.2611,14.180676,1.988680,0.052248,3.2496,-0.3630,-0.239043,0.027046,-0.2655,14.180676,1.877394,-0.143149,4.1599,-1.000000,1.412699,317.5328,0,1,clay,1.0000,0.500000,0,0,0.000000,0.000000,0.000000,0,nan,0.00,-0.524112,0.2209,0.0327,-0.276731,0.2075,0.58,5.22,6.38,5.22,0.036741,11.8739,-0.8988,0.008000,0.110875,-0.0519,-0.080898,-0.002880,0.033815,-832.654155256544,-664.1490582784184,-771.8866994957307,-455.6079247279092,-0.044508,-0.012542,6527.4,6093.2,0.007952,0.034197,-0.126604,3.2494,1.0000,,,,,
6.8640,1778843159.403698,552,14.174091,1.831089,0.061913,3.2771,-0.2998,-0.226277,14.224059,1.898006,0.055719,3.2622,14.195122,1.827723,0.060404,3.2550,-0.3560,-0.241117,0.043621,-0.2831,14.195122,1.875303,-0.144331,4.1595,1.000000,1.383856,317.5330,0,1,clay,1.0000,0.500000,0,0,0.000000,0.000000,0.000000,0,nan,0.00,-0.501385,0.2259,0.0312,-0.264731,0.2242,0.58,5.22,6.38,5.18,0.030806,11.7217,-0.8973,0.008000,0.092308,0.1406,-0.071369,-0.001770,0.029258,-507.08389748635284,-169.83278010121217,-901.1534990781803,-522.1878795351554,-0.060664,-0.015265,6523.2,6097.4,0.015277,0.012312,-1.000000,3.2548,1.0000,,,,,
6.8760,1778843159.415648,553,14.317649,1.919456,0.051375,3.1718,-0.2168,-0.213337,14.263544,1.892115,0.053128,3.2573,14.338460,1.916087,0.049903,3.2390,-0.3303,-0.234135,0.041156,-0.2584,14.338460,1.853603,-0.156141,4.2112,-1.000000,1.387138,325.0728,0,1,clay,1.0000,0.500000,0,0,0.000000,0.000000,0.000000,0,nan,0.00,-0.524112,0.2311,0.0297,-0.276731,0.2408,0.57,5.21,6.36,5.18,0.024915,11.5732,-0.9539,0.008000,0.071114,0.4936,-0.066115,0.020566,0.025325,-1132.2500796209233,-539.7634525584311,-1006.9337787714215,-691.5005503162233,-0.056636,-0.021204,6523.8,6096.8,0.014283,0.053356,1.000000,3.2387,1.0000,,,,,
6.8880,1778843159.427631,554,14.344406,1.859021,0.053227,3.2768,-0.2929,-0.226113,14.302986,1.885937,0.050397,3.2547,14.365201,1.855712,0.051751,3.2463,-0.3289,-0.237678,0.043066,-0.2831,14.365201,1.849363,-0.158307,4.2299,-0.089448,1.381882,322.8681,0,1,clay,1.0000,0.500000,0,0,0.000000,0.000000,0.000000,0,nan,0.00,-0.526145,0.2366,0.0282,-0.277805,0.2574,0.57,5.21,6.35,5.23,0.018737,11.4168,-0.9752,0.008000,0.034839,0.5239,-0.038722,0.019362,0.018448,-1284.6592975413892,-892.2483410274488,-1017.8557968382586,-717.4475286451092,-0.070850,-0.022634,6523.3,6097.3,0.015130,0.017780,-1.000000,3.2461,1.0000,,,,,
6.9000,1778843159.439662,555,14.339630,1.835193,0.044217,3.2581,-0.3368,-0.229735,14.342377,1.879655,0.047666,3.2523,14.360377,1.831676,0.042742,3.2487,-0.3323,-0.237670,0.056111,-0.2784,14.360377,1.850132,-0.157918,4.2264,1.000000,1.365530,320.5501,0,1,clay,1.0000,0.500000,0,0,0.000000,0.000000,0.000000,0,nan,0.00,-0.503418,0.2423,0.0269,-0.265805,0.2738,0.56,5.21,6.33,5.21,0.012455,11.2603,-0.9742,0.008000,0.116499,-0.3745,-0.040508,0.022175,0.029759,-997.411149543884,-511.2053211664598,-1129.6790022350365,-678.1712142329878,-0.070646,-0.021565,6520.0,6100.6,0.020911,0.023992,-0.089448,3.2484,1.0000,,,,,
6.9120,1778843159.451745,556,14.309667,1.833333,0.044875,3.3575,-0.3323,-0.229650,14.381713,1.873258,0.044916,3.2474,14.330558,1.829838,0.043406,3.2698,-0.3318,-0.235089,0.054031,-0.2595,14.330558,1.854844,-0.155498,4.2060,1.000000,1.352461,309.9924,0,1,clay,1.0000,0.500000,0,0,0.000000,0.000000,0.000000,0,nan,0.00,-0.480691,0.2483,0.0256,-0.253805,0.2900,0.56,5.22,6.34,5.23,0.046158,12.2557,-0.9586,0.008000,0.169963,0.2504,-0.007252,0.021367,0.030433,-1177.9450182681737,-752.5569088765064,-1018.4540758605797,-659.5068926101975,-0.059072,-0.020839,6520.5,6100.1,0.020036,-0.000249,1.000000,3.2695,1.0000,,,,,
6.9240,1778843159.463655,557,14.495862,1.868269,0.044067,3.2655,-0.3000,-0.237790,14.421005,1.866592,0.042062,3.2447,14.516855,1.864767,0.042587,3.2691,-0.3258,-0.234090,0.058640,-0.2474,14.516855,1.824213,-0.170294,4.3258,-1.000000,1.348681,313.2736,0,1,clay,1.0000,0.500000,0,0,0.000000,0.000000,0.000000,0,nan,0.00,-0.503418,0.2544,0.0244,-0.265805,0.3062,0.58,5.22,6.37,5.21,0.039492,12.0922,-1.0811,0.008000,0.061968,0.0526,-0.004800,0.019027,0.021452,-420.05353809878807,141.60339543775143,-862.6759180018233,-711.5217061846256,-0.047417,-0.023108,6519.3,6101.3,0.022088,0.035016,1.000000,3.2687,1.0000,,,,,
6.9360,1778843159.478453,558,14.465215,1.799146,0.038534,3.2343,-0.2972,-0.241551,14.460254,1.859808,0.039204,3.2450,14.486056,1.795520,0.037038,3.2625,-0.3256,-0.239473,0.072858,-0.2721,14.486056,1.829471,-0.167900,4.3119,0.887448,1.329413,315.8362,0,1,clay,1.0000,0.500000,0,0,0.000000,0.000000,0.000000,0,nan,0.00,-0.483249,0.2607,0.0232,-0.255155,0.3221,0.56,5.22,6.34,5.22,0.032708,11.9284,-1.0669,0.008000,0.056360,0.2330,-0.006369,0.010506,0.003298,-1216.614729868956,-1080.2934260957306,-875.212538362192,-755.0362779342535,-0.059140,-0.025529,6515.7,6104.9,0.028393,0.032802,-1.000000,3.2621,1.0000,,,,,
6.9480,1778843159.487568,559,14.524526,1.895361,0.020470,3.1729,-0.2183,-0.218529,14.499461,1.853187,0.036532,3.2433,14.545090,1.891537,0.019007,3.2453,-0.3059,-0.233556,0.073014,-0.2496,14.545090,1.819326,-0.172470,4.3346,-1.000000,1.331596,322.2277,0,1,clay,1.0000,0.500000,0,0,0.000000,0.000000,0.000000,0,nan,0.00,-0.505976,0.2673,0.0221,-0.267155,0.3381,0.55,5.22,6.31,5.23,0.026087,11.7753,-1.0913,0.008000,0.048038,-1.1523,-0.008163,0.046156,0.022014,-613.7387476329909,-928.3657623600627,-989.6273874012887,-872.6046779123492,-0.054146,-0.029951,6515.6,6105.0,0.028533,0.053769,0.887448,3.2448,1.0000,,,,,
6.9600,1778843159.499712,560,14.493240,1.858425,0.034570,3.1752,-0.2492,-0.217809,14.538639,1.846540,0.033912,3.2439,14.513877,1.854919,0.033102,3.2319,-0.3013,-0.235194,0.095291,-0.2735,14.513877,1.824725,-0.170063,4.3246,-0.795435,1.309291,327.7048,0,1,clay,1.0000,0.500000,0,0,0.000000,0.000000,0.000000,0,nan,0.00,-0.524054,0.2740,0.0210,-0.276701,0.3538,0.56,5.21,6.34,5.18,0.019440,11.6252,-1.0807,0.008000,0.074652,0.3568,-0.020948,0.058134,0.029915,-595.6316275699603,-712.8113643384709,-1044.5825564910626,-885.5897040740072,-0.069071,-0.031623,6510.0,6110.6,0.038344,0.050924,-1.000000,3.2313,1.0000,,,,,
6.9720,1778843159.511589,561,14.611747,1.895586,0.042599,3.2291,-0.2803,-0.214373,14.577781,1.839869,0.031336,3.2421,14.632329,1.892273,0.041145,3.2316,-0.3018,-0.234952,0.108412,-0.2817,14.632329,1.803830,-0.179082,4.3428,-1.000000,1.289948,329.4175,0,1,clay,1.0000,0.500000,0,0,0.000000,0.000000,0.000000,0,nan,0.00,-0.546781,0.2809,0.0200,-0.288701,0.3693,0.55,5.20,6.31,5.15,0.012769,11.4776,-1.1007,0.008000,0.149968,0.3613,-0.028488,0.052104,0.028270,-864.6777569549898,-864.3871600902814,-1176.21934161619,-850.9894667220287,-0.080131,-0.030657,6506.6,6114.0,0.044214,0.036660,-0.795435,3.2309,1.0000,,,,,
6.9840,1778843159.523665,562,14.692467,1.730858,0.024725,3.2530,-0.3328,-0.213887,14.616903,1.833171,0.028821,3.2421,14.713020,1.727120,0.023274,3.2359,-0.3124,-0.235954,0.120214,-0.2950,14.713020,1.788974,-0.185048,4.3337,1.000000,1.260548,329.5074,0,1,clay,1.0000,0.500000,0,0,0.000000,0.000000,0.000000,0,nan,0.00,-0.524054,0.2879,0.0191,-0.276701,0.3844,0.56,5.19,6.31,5.15,0.006071,11.3335,-1.0916,0.008000,0.133909,-0.1011,-0.007891,0.037354,0.033756,-1178.8041842097614,-845.414827333974,-1259.345289932006,-747.7746515219092,-0.090653,-0.026652,6503.6,6117.0,0.049478,0.033024,-1.000000,3.2352,1.0000,,,,,
6.9960,1778843159.535579,563,14.600425,1.745417,0.022340,3.3387,-0.3581,-0.207253,14.655987,1.826372,0.026298,3.2380,14.620980,1.741633,0.020924,3.2560,-0.3201,-0.230146,0.125046,-0.2704,14.620980,1.805880,-0.178231,4.3431,1.000000,1.234474,317.6237,0,1,clay,1.0000,0.500000,0,0,0.000000,0.000000,0.000000,0,nan,0.00,-0.501327,0.2951,0.0181,-0.264701,0.3992,0.55,5.20,6.29,5.21,0.044372,12.2632,-1.1050,0.008000,0.108615,-0.3233,0.004569,0.016743,0.028945,-993.6234983995996,-156.28623727924892,-1260.8140173303277,-611.0484195303557,-0.077611,-0.021132,6502.3,6118.3,0.051713,0.021664,1.000000,3.2552,1.0000,,,,,
7.0080,1778843159.547593,564,14.719872,1.808155,0.021125,3.3210,-0.3563,-0.240259,14.695028,1.819114,0.023527,3.2346,14.740446,1.804284,0.019698,3.2686,-0.3264,-0.231105,0.105436,-0.2584,14.740446,1.783812,-0.187043,4.3289,0.019942,1.241765,312.0890,0,1,clay,1.0000,0.500000,0,0,0.000000,0.000000,0.000000,0,nan,0.00,-0.500874,0.3024,0.0173,-0.264461,0.4141,0.54,5.19,6.26,5.13,0.037114,12.1044,-1.0943,0.008000,0.046301,0.1232,0.013603,0.001749,0.018039,-1174.044696618572,-1007.8911732685568,-1055.8018612418039,-587.1475741014003,-0.061688,-0.020190,6507.2,6113.3,0.043136,0.016638,1.000000,3.2680,1.0000,,,,,
7.0200,1778843159.559531,565,14.746056,1.764059,0.024770,3.1874,-0.3347,-0.234907,14.734058,1.811643,0.020700,3.2383,14.766545,1.760220,0.023330,3.2531,-0.3300,-0.233226,0.122155,-0.2643,14.766545,1.778847,-0.188932,4.3242,0.441328,1.230556,319.8560,0,1,clay,1.0000,0.500000,0,0,0.000000,0.000000,0.000000,0,nan,0.00,-0.490843,0.3098,0.0164,-0.259165,0.4289,0.54,5.19,6.28,5.24,0.029643,11.9425,-1.0859,0.008000,0.086174,0.2792,-0.022880,-0.009152,0.007948,-929.5139790199248,-765.7330034684666,-1040.5394767765777,-583.0549547363246,-0.058436,-0.020332,6503.0,6117.6,0.050499,0.061022,0.019942,3.2524,1.0000,,,,,
7.0320,1778843159.616536,566,14.791365,1.741162,0.019632,3.2093,-0.2728,-0.182455,14.773127,1.804663,0.018261,3.2470,14.811828,1.737347,0.018240,3.2451,-0.3207,-0.225065,0.178375,-0.2564,14.811828,1.770110,-0.192245,4.3166,0.946153,1.171704,320.3527,0,1,clay,1.0000,0.500000,0,0,0.000000,0.000000,0.000000,0,nan,0.00,-0.469340,0.3173,0.0157,-0.247812,0.4430,0.55,5.28,6.37,5.77,0.022663,11.8027,-1.0696,0.008000,0.087317,0.0260,-0.030926,0.006063,0.026518,130.3209916013722,-93.99833852195883,-1091.8459483373822,-509.0810791011878,-0.059282,-0.018769,6488.7,6131.8,0.075345,0.057501,0.441328,3.2440,1.0000,,,,,
7.0560,1778843159.622856,567,14.843996,1.755114,0.014635,3.1629,-0.3062,-0.207392,14.851253,1.790627,0.013424,3.2422,14.866408,1.750843,0.013126,3.2190,-0.3174,-0.219920,0.192140,-0.2412,14.866408,1.759372,-0.196300,4.3105,0.046230,1.136171,332.1847,0,1,clay,1.0000,0.500000,0,0,0.000000,0.000000,0.000000,0,nan,0.00,-0.467239,0.3333,0.0141,-0.246702,0.4702,0.83,5.35,7.02,5.78,0.008627,11.5256,-1.0683,0.008000,0.079503,1.0877,-0.034825,-0.001631,0.028305,-2247.310238512011,-46.113013470288024,-936.2927564368579,-458.59023905242117,-0.048336,-0.017648,6485.4,6135.2,0.081244,0.077695,0.473077,3.2177,1.0000,,,,,
7.0800,1778843159.629075,568,14.907416,1.927313,0.000186,3.2136,-0.3873,-0.245127,14.929305,1.774626,0.007624,3.2479,14.933046,1.921727,-0.001619,3.2181,-0.3407,-0.228815,0.222304,-0.2463,14.933046,1.745946,-0.201345,4.3117,-1.000000,1.097148,330.2591,0,1,clay,1.0000,0.500000,0,0,0.000000,0.000000,0.000000,0,nan,0.00,-0.512693,0.3495,0.0128,-0.270702,0.4966,1.31,5.34,7.95,5.25,0.042526,12.2691,-1.0637,0.008000,0.102731,-1.0006,-0.026022,-0.017612,0.032793,-2314.4176812405303,-715.154587832561,-702.2233043350748,-356.9914900328216,-0.034851,-0.015122,6478.0,6142.6,0.094158,0.070868,0.046230,3.2164,1.0000,,,,,
7.0920,1778843159.634758,569,15.026818,1.824114,0.003146,3.1940,-0.3514,-0.242591,14.968349,1.766383,0.004723,3.2510,15.054738,1.817950,0.001117,3.2141,-0.3509,-0.239348,0.239577,-0.2794,15.054738,1.720512,-0.210715,4.3535,-1.000000,1.054665,332.4937,0,1,clay,1.0000,0.500000,0,0,0.000000,0.000000,0.000000,0,nan,0.00,-0.535420,0.3573,0.0122,-0.282702,0.5092,1.67,5.29,8.63,5.00,0.034283,12.1029,-1.1025,0.008000,0.158674,0.1987,-0.035887,-0.015640,0.029667,-1739.3210964283512,-305.734893679557,-795.6040303077552,-370.46738937791906,-0.055922,-0.016019,6473.7,6146.9,0.101575,0.078085,-2.000000,3.2120,1.0000,,,,,
7.1040,1778843159.643738,570,15.010614,1.791074,0.015448,3.2636,-0.3133,-0.239683,15.007414,1.758059,0.001851,3.2544,15.037468,1.785491,0.013479,3.2241,-0.3493,-0.243771,0.252432,-0.2910,15.037468,1.724194,-0.209405,4.3440,-1.000000,1.013680,327.3134,0,1,clay,1.0000,0.500000,0,0,0.000000,0.000000,0.000000,0,nan,0.00,-0.558148,0.3651,0.0116,-0.294702,0.5214,1.51,5.27,8.28,5.14,0.025959,11.9384,-1.0896,0.008000,0.127660,1.0049,-0.046448,-0.025507,0.004716,-1499.1684539970377,-583.0284788049167,-1012.2747801235396,-427.68610729771103,-0.068890,-0.018666,6470.3,6150.3,0.107590,0.054588,-1.000000,3.2220,1.0000,,,,,
7.1160,1778843159.655586,571,15.078574,1.763727,0.001181,3.2695,-0.2872,-0.243786,15.046493,1.749538,-0.001077,3.2576,15.104431,1.757993,-0.000745,3.2333,-0.3439,-0.248334,0.262562,-0.3027,15.104431,1.709786,-0.214407,4.3858,-0.354293,0.979410,322.3835,0,1,clay,1.0000,0.500000,0,0,0.000000,0.000000,0.000000,0,nan,0.00,-0.566200,0.3729,0.0110,-0.298954,0.5331,1.37,5.25,7.98,5.17,0.017438,11.7706,-1.1282,0.008000,0.024558,0.2632,-0.047913,0.001020,0.021388,-1590.4806828457863,-271.2747130311196,-1157.3780658806925,-517.2173337851506,-0.082855,-0.022760,6467.5,6153.0,0.112350,0.056496,-1.000000,3.2312,1.0000,,,,,
7.1280,1778843159.714705,572,15.119990,1.680949,-0.014563,3.2961,-0.3234,-0.251319,15.085582,1.740798,-0.004065,3.2596,15.145004,1.674969,-0.016451,3.2458,-0.3436,-0.251172,0.260419,-0.3017,15.145004,1.700889,-0.217336,4.4163,1.000000,0.955706,318.2012,0,1,clay,1.0000,0.500000,0,0,0.000000,0.000000,0.000000,0,nan,0.00,-0.543473,0.3807,0.0105,-0.286954,0.5446,1.24,5.32,7.80,5.70,0.008698,11.5994,-1.1568,0.008000,0.031272,-0.8348,-0.021534,-0.008215,0.004287,-1754.8323026776886,-631.9667100426611,-1368.6357073808606,-557.0148670372422,-0.086259,-0.024611,6467.9,6152.6,0.111639,0.018480,-0.354293,3.2438,1.0000,,,,,
7.1520,1778843159.720969,573,15.168943,1.698382,-0.014097,3.2954,-0.2798,-0.304861,15.163685,1.721768,-0.010841,3.2618,15.195518,1.691960,-0.016237,3.2629,-0.3282,-0.264073,0.289547,-0.2788,15.195518,1.689640,-0.220878,4.4570,0.975995,0.909995,308.1466,0,1,clay,1.0000,0.500000,0,0,0.000000,0.000000,0.000000,0,nan,0.00,-0.499109,0.3971,0.0095,-0.263530,0.5665,1.43,5.43,8.29,6.05,0.044468,12.2457,-1.1951,0.020000,0.038864,-0.5633,-0.002423,-0.004281,-0.024466,-1014.4718512421238,-1147.8691829422478,-1056.3123590740186,-824.9880250308454,-0.069158,-0.040520,6460.6,6159.9,0.124395,0.067533,0.500000,3.2605,1.0000,,,,,
7.1880,1778843159.727532,574,15.187349,1.714666,-0.021206,3.2946,-0.2022,-0.226846,15.281093,1.694038,-0.020102,3.2827,15.213356,1.708758,-0.023176,3.2771,-0.2839,-0.248193,0.293020,-0.2557,15.213356,1.685623,-0.222100,4.4716,0.067731,0.879329,300.6364,0,1,clay,1.0000,0.500000,0,0,0.000000,0.000000,0.000000,0,nan,0.00,-0.494491,0.4226,0.0081,-0.261091,0.5981,1.27,5.43,7.98,5.42,0.016738,11.7151,-1.1889,0.008000,0.151808,0.1888,0.034433,0.073810,0.019760,909.9497396621607,-720.3666893438724,-1126.657678702902,-1006.3048290704637,-0.065990,-0.047138,6459.6,6161.0,0.126174,0.066629,0.650663,3.2748,1.0000,,,,,
7.2000,1778843159.739584,575,15.325823,1.789169,-0.020545,3.2342,-0.2111,-0.219852,15.320365,1.685425,-0.022760,3.2907,15.351023,1.783583,-0.022424,3.2693,-0.2747,-0.244525,0.312439,-0.2606,15.351023,1.653867,-0.231288,4.5762,-1.000000,0.848922,304.7128,0,1,clay,1.0000,0.500000,0,0,0.000000,0.000000,0.000000,0,nan,0.00,-0.517218,0.4302,0.0077,-0.273091,0.6083,1.16,5.40,7.72,5.23,0.008125,11.5628,-1.2856,0.008000,0.067072,0.1302,0.028878,0.089753,0.026491,345.69277789942254,-910.5839459254621,-1206.1954520460013,-1009.5011617230005,-0.068456,-0.047852,6454.6,6166.0,0.134946,0.082329,0.203192,3.2669,1.0000,,,,,
7.2120,1778843159.751534,576,15.372909,1.747842,-0.026163,3.2773,-0.2282,-0.222122,15.359717,1.676808,-0.025424,3.2991,15.397307,1.742335,-0.027973,3.2713,-0.2732,-0.245533,0.322574,-0.2806,15.397307,1.642892,-0.234374,4.6073,-1.000000,0.820086,303.2088,0,1,clay,1.0000,0.500000,0,0,0.000000,0.000000,0.000000,0,nan,0.00,-0.539946,0.4379,0.0074,-0.285091,0.6181,1.05,5.38,7.48,5.26,-0.000492,11.4101,-1.3081,0.008000,0.033860,-0.8746,0.019595,0.094961,0.034442,-1.9192079778134143,-833.7776557689153,-1190.95283323233,-994.350845141938,-0.083722,-0.047526,6451.9,6168.7,0.139616,0.064021,-1.000000,3.2689,1.0000,,,,,
7.2240,1778843159.763571,577,15.453136,1.648988,-0.025632,3.2727,-0.2852,-0.221661,15.399145,1.668154,-0.028076,3.3066,15.476972,1.643582,-0.027391,3.2721,-0.2813,-0.245914,0.337707,-0.2924,15.476972,1.623647,-0.239692,4.6561,0.244428,0.782237,303.2901,0,1,clay,1.0000,0.500000,0,0,0.000000,0.000000,0.000000,0,nan,0.00,-0.534391,0.4455,0.0070,-0.282158,0.6275,0.98,5.37,7.32,5.30,0.050154,12.2129,-1.3495,0.008000,0.043093,-0.0031,0.010119,0.084879,0.038858,-140.75698053102906,-931.8944003117628,-1289.6297942619958,-919.1792388119396,-0.095091,-0.043861,6448.0,6172.6,0.146456,0.069091,-1.000000,3.2697,1.0000,,,,,
7.2360,1778843159.815952,578,15.380774,1.678028,-0.023113,3.3614,-0.1840,-0.205773,15.438677,1.659957,-0.030409,3.3134,15.404239,1.672958,-0.024794,3.2902,-0.2672,-0.239958,0.383229,-0.2804,15.404239,1.641235,-0.234836,4.6117,-0.583924,0.713577,291.7130,0,1,clay,1.0000,0.500000,0,0,0.000000,0.000000,0.000000,0,nan,0.00,-0.547662,0.4531,0.0067,-0.289165,0.6361,0.90,5.43,7.24,5.81,0.041957,12.0792,-1.2984,0.008000,0.120493,1.0574,0.015611,0.082469,0.027067,43.66141504637618,-994.8459420514146,-1485.126124677894,-920.5971571823347,-0.099816,-0.045045,6436.3,6184.2,0.166733,0.046040,0.244428,3.2874,1.0000,,,,,
7.2600,1778843159.822282,579,15.574047,1.645024,-0.031087,3.2676,-0.3199,-0.204950,15.517865,1.643410,-0.035095,3.3244,15.599158,1.639243,-0.032854,3.2840,-0.2930,-0.237505,0.397731,-0.2937,15.599158,1.593258,-0.247813,4.7215,-0.517444,0.660358,294.6622,0,1,clay,1.0000,0.500000,0,0,0.000000,0.000000,0.000000,0,nan,0.00,-0.571182,0.4689,0.0060,-0.301584,0.6519,1.14,5.52,7.79,6.04,0.025410,11.8107,-1.3972,0.008000,0.062932,0.6622,-0.010828,0.044082,0.037150,-1289.7367376424877,-793.0823136186302,-1606.6965457247024,-696.606571217324,-0.102634,-0.033505,6432.6,6187.9,0.173186,0.070660,-0.291962,3.2810,1.0000,,,,,
7.2840,1778843159.828870,580,15.516429,1.735696,-0.041215,3.4139,-0.2645,-0.214735,15.597098,1.625840,-0.040172,3.3303,15.545191,1.728795,-0.043230,3.3276,-0.2989,-0.242092,0.409355,-0.3061,15.545191,1.606810,-0.244243,4.6939,-1.000000,0.612288,273.6037,0,1,clay,1.0000,0.500000,0,0,0.000000,0.000000,0.000000,0,nan,0.00,-0.616636,0.4843,0.0055,-0.325584,0.6666,1.60,5.50,8.70,5.35,0.007840,11.5198,-1.3636,nan,nan,nan,nan,nan,nan,-1281.437342972099,-985.6536364967612,-1644.0430188822304,-672.481592276847,-0.118607,-0.032341,6429.8,6190.8,0.178200,0.034156,-0.517444,3.3241,1.0000,,,,,
7.2960,1778843159.835655,581,15.576051,1.605125,-0.045188,3.3576,-0.3826,-0.210270,15.636757,1.616908,-0.042678,3.3359,15.603631,1.598183,-0.047133,3.3340,-0.3232,-0.247050,0.406449,-0.3339,15.603631,1.592125,-0.248107,4.7238,1.000000,0.577913,272.1096,0,1,clay,1.0000,0.500000,0,0,0.000000,0.000000,0.000000,0,nan,0.00,-0.593909,0.4916,0.0052,-0.313584,0.6736,1.43,5.44,8.31,5.12,0.062608,12.3161,-1.3878,0.008000,0.046088,0.1609,0.024181,-0.001496,0.032358,-1116.3153528437404,-925.8614684600605,-1456.6423582001075,-519.1425540457321,-0.137206,-0.024685,6430.3,6190.2,0.177201,0.051914,-2.000000,3.3306,1.0000,,,,,
7.3080,1778843159.847528,582,15.783391,1.507134,-0.040079,3.3914,-0.2197,-0.209270,15.676452,1.607904,-0.045172,3.3396,15.810058,1.500764,-0.041917,3.3457,-0.3059,-0.239853,0.415085,-0.3055,15.810058,1.538351,-0.261481,4.8191,1.000000,0.536470,267.9872,0,1,clay,1.0000,0.500000,0,0,0.000000,0.000000,0.000000,0,nan,0.00,-0.571182,0.4988,0.0049,-0.301584,0.6800,1.30,5.42,8.03,5.32,0.053604,12.1732,-1.4795,0.008000,0.229208,0.3894,0.041795,0.029295,0.058012,-984.1474277515456,-723.3840658650665,-1626.0678340230734,-583.2891104103011,-0.130435,-0.027823,6428.0,6192.5,0.181222,0.041940,1.000000,3.3424,1.0000,,,,,
7.3200,1778843159.859689,583,15.692734,1.582708,-0.048081,3.3096,-0.2243,-0.210487,15.716173,1.598733,-0.047710,3.3438,15.718551,1.576436,-0.049846,3.3393,-0.2937,-0.235425,0.422353,-0.2938,15.718551,1.562552,-0.255606,4.7779,1.000000,0.517726,268.5368,0,1,clay,1.0000,0.500000,0,0,0.000000,0.000000,0.000000,0,nan,0.00,-0.548454,0.5060,0.0047,-0.289584,0.6862,1.20,5.40,7.79,5.27,0.044433,12.0278,-1.4341,0.008000,0.089268,0.2546,0.032429,0.026027,0.045124,-1041.2450648088175,-400.0428356299637,-1578.7872407658401,-631.4593960657646,-0.121435,-0.030337,6426.1,6194.5,0.184633,0.067847,1.000000,3.3360,1.0000,,,,,
7.3320,1778843159.915303,584,15.808171,1.645603,-0.048188,3.2924,-0.2540,-0.213801,15.755901,1.589364,-0.050306,3.3414,15.833194,1.639564,-0.049887,3.3311,-0.2884,-0.231809,0.462889,-0.2820,15.833194,1.532142,-0.262953,4.8295,-1.000000,0.470678,269.9577,0,1,clay,1.0000,0.500000,0,0,0.000000,0.000000,0.000000,0,nan,0.00,-0.571182,0.5130,0.0045,-0.301584,0.6919,1.10,5.46,7.66,5.82,0.035064,11.8791,-1.4881,0.008000,0.078426,0.2174,0.021695,0.038647,0.053367,-515.7585350894881,-406.130692749333,-1510.4708114233924,-633.2869106350886,-0.109718,-0.031002,6415.7,6204.8,0.202646,0.072037,1.000000,3.3276,1.0000,,,,,
7.3560,1778843159.921660,585,15.928979,1.636541,-0.057255,3.2819,-0.2213,-0.253167,15.835303,1.569102,-0.056303,3.3536,15.955370,1.629798,-0.059168,3.3164,-0.2824,-0.246820,0.455204,-0.3097,15.955370,1.498749,-0.270629,4.8846,-1.000000,0.455508,275.6327,0,1,clay,1.0000,0.500000,0,0,0.000000,0.000000,0.000000,0,nan,0.00,-0.616636,0.5276,0.0041,-0.325584,0.7028,1.30,5.55,8.16,6.08,0.014802,11.5355,-1.5310,0.020000,0.200479,-0.4850,-0.015721,0.041030,0.035470,-234.19283637658177,-1258.1593129375592,-1646.9855801124263,-821.733411862157,-0.119082,-0.041718,6417.6,6202.9,0.199313,0.089077,-0.500000,3.3128,1.0000,,,,,
7.3800,1778843159.928262,586,15.872388,1.552552,-0.061308,3.3075,-0.2729,-0.185498,15.915036,1.550263,-0.061251,3.3726,15.901698,1.544924,-0.063374,3.3158,-0.2985,-0.245758,0.532274,-0.3346,15.901698,1.513542,-0.267276,4.8602,0.711479,0.366338,273.3607,0,1,clay,1.0000,0.500000,0,0,0.000000,0.000000,0.000000,0,nan,0.00,-0.584296,0.5418,0.0037,-0.308508,0.7116,1.71,5.54,8.96,5.48,0.063963,12.1548,-1.4877,0.020000,0.053634,-0.2695,-0.012781,0.053655,0.053592,1287.6892900600446,-515.805561697948,-1557.6062857578995,-650.2624882852888,-0.147065,-0.032530,6398.2,6222.4,0.233214,0.096125,-1.000000,3.3110,1.0000,,,,,
7.3920,1778843159.934227,587,15.971678,1.600396,-0.065494,3.3384,-0.2296,-0.177157,15.955054,1.541387,-0.063407,3.3789,16.002405,1.592470,-0.067577,3.3214,-0.2893,-0.234860,0.546545,-0.3018,16.002405,1.485625,-0.273542,4.9063,-1.000000,0.303355,268.8931,0,1,clay,1.0000,0.500000,0,0,0.000000,0.000000,0.000000,0,nan,0.00,-0.607024,0.5484,0.0035,-0.320508,0.7152,1.93,5.51,9.36,5.30,0.055087,12.0312,-1.5274,0.008000,0.107093,0.1115,-0.052244,0.070227,0.075726,965.3088140109639,-602.7461521956687,-1616.125446041889,-612.3144273207458,-0.135116,-0.030464,6394.4,6226.1,0.239800,0.092453,1.422958,3.3163,1.0000,,,,,
7.4040,1778843159.943684,588,16.055694,1.476478,-0.076425,3.3402,-0.1419,-0.170544,15.995202,1.532676,-0.065461,3.3898,16.084925,1.468831,-0.078371,3.3259,-0.2748,-0.234128,0.558285,-0.3295,16.084925,1.462249,-0.278519,4.9444,1.000000,0.246911,266.5982,0,1,clay,1.0000,0.500000,0,0,0.000000,0.000000,0.000000,0,nan,0.00,-0.584296,0.5550,0.0033,-0.308508,0.7182,1.72,5.46,8.90,5.22,0.046376,11.9136,-1.5546,0.008000,0.126991,-0.2628,-0.053651,0.101691,0.079363,462.65200491689643,-562.4982049104731,-1580.3432933707059,-663.7529034218876,-0.156826,-0.033243,6391.3,6229.3,0.245305,0.096057,-1.000000,3.3209,1.0000,,,,,
7.4160,1778843159.955888,589,16.031092,1.522873,-0.059085,3.3813,-0.2387,-0.171907,16.035475,1.523967,-0.067492,3.4014,16.059273,1.516161,-0.060880,3.3375,-0.2694,-0.223514,0.566191,-0.3000,16.059273,1.469563,-0.276995,4.9328,-0.104275,0.208059,261.9389,0,1,clay,1.0000,0.500000,0,0,0.000000,0.000000,0.000000,0,nan,0.00,-0.586666,0.5614,0.0032,-0.309760,0.7207,1.55,5.43,8.52,5.23,0.037667,11.7972,-1.5314,0.008000,0.152518,0.3906,-0.054565,0.081961,0.072656,-7.286908916362819,-775.112587884546,-1641.7307230827819,-606.1665171438777,-0.147425,-0.029918,6389.1,6231.5,0.249062,0.090039,1.000000,3.3326,1.0000,,,,,
7.4280,1778843160.012233,590,16.073937,1.545397,-0.072541,3.4567,-0.2200,-0.175767,16.075860,1.515152,-0.069548,3.4161,16.101091,1.538636,-0.074239,3.3616,-0.2676,-0.221767,0.599536,-0.3106,16.101091,1.457618,-0.279469,4.9515,-1.000000,0.146636,250.1350,0,1,clay,1.0000,0.500000,0,0,0.000000,0.000000,0.000000,0,nan,0.00,-0.609393,0.5676,0.0030,-0.321760,0.7224,1.39,5.51,8.29,5.94,0.028852,11.6794,-1.5354,0.008000,0.058017,0.0486,-0.024897,0.078819,0.075602,-126.11374273448304,-301.193108408483,-1887.685729747034,-591.5316797420121,-0.152146,-0.028592,6380.6,6240.0,0.263963,0.102866,-0.104275,3.3566,1.0000,,,,,
7.4520,1778843160.018724,591,16.143034,1.536102,-0.066382,3.4665,-0.1512,-0.186932,16.156835,1.496616,-0.074165,3.4316,16.171832,1.529327,-0.068177,3.3978,-0.2517,-0.226798,0.639415,-0.3304,16.171832,1.437160,-0.283527,4.9792,-1.000000,0.056127,235.9057,0,1,clay,1.0000,0.500000,0,0,0.000000,0.000000,0.000000,0,nan,0.00,-0.654848,0.5802,0.0027,-0.345760,0.7238,1.55,5.60,8.69,6.14,0.082416,12.2422,-1.5475,0.020000,0.029078,0.3831,0.014913,0.116016,0.092048,450.09155918060424,-582.7450446888495,-2011.2294958814641,-717.3016279078686,-0.173667,-0.035193,6370.4,6250.2,0.281768,0.097416,-0.500000,3.3923,1.0000,,,,,
7.4760,1778843160.025390,592,16.265578,1.471521,-0.080767,3.4795,-0.1755,-0.156756,16.238459,1.479159,-0.078029,3.4582,16.297458,1.463656,-0.082712,3.4269,-0.2551,-0.229905,0.672577,-0.3552,16.297458,1.400084,-0.290402,5.0000,-0.087842,-0.044956,223.0926,0,1,clay,1.0000,0.500000,0,0,0.000000,0.000000,0.000000,0,nan,0.00,-0.658841,0.5920,0.0025,-0.347868,0.7227,1.93,5.57,9.43,5.36,0.064959,12.0207,-1.5418,0.020000,0.073297,0.1766,0.058653,0.112326,0.098352,952.8398737046517,-494.85987980152356,-1760.849132696756,-687.3907655264918,-0.206385,-0.032341,6361.8,6258.8,0.296733,0.108043,-1.000000,3.4206,1.0000,,,,,
7.4880,1778843160.031238,593,16.167423,1.434787,-0.078147,3.5429,-0.2523,-0.143244,16.279532,1.470788,-0.079767,3.4726,16.201725,1.426401,-0.080183,3.4512,-0.2677,-0.227750,0.683358,-0.3488,16.201725,1.428423,-0.285195,4.9886,1.000000,-0.117792,216.1216,0,1,clay,1.0000,0.500000,0,0,0.000000,0.000000,0.000000,0,nan,0.00,-0.636114,0.5974,0.0023,-0.335868,0.7213,2.27,5.52,10.06,5.25,0.056588,11.9212,-1.5160,0.008000,0.064316,0.5617,0.075233,0.113194,0.110728,665.1963802015496,-397.56163993210936,-2026.2158146741972,-586.2901782242119,-0.209405,-0.025485,6358.8,6261.8,0.301928,0.097159,-0.175684,3.4443,1.0000,,,,,
7.5000,1778843160.039681,594,16.292398,1.437611,-0.081468,3.4675,-0.2167,-0.148163,16.320764,1.462379,-0.081530,3.4867,16.324775,1.429730,-0.083315,3.4554,-0.2617,-0.216763,0.694158,-0.3263,16.324775,1.391898,-0.291904,5.0000,1.000000,-0.173155,212.4840,0,1,clay,1.0000,0.500000,0,0,0.000000,0.000000,0.000000,0,nan,0.00,-0.613386,0.6027,0.0022,-0.323868,0.7192,2.01,5.47,9.49,5.21,0.048179,11.8202,-1.5133,0.008000,0.076027,0.5497,0.072656,0.108162,0.109927,516.8217418382903,-323.50368524401034,-1722.9455885905563,-545.610604391599,-0.199083,-0.022574,6355.9,6264.7,0.306992,0.120780,1.000000,3.4488,1.0000,,,,,
7.5120,1778843160.051672,595,16.468778,1.435503,-0.082622,3.5081,-0.1297,-0.143832,16.362163,1.453995,-0.083275,3.5018,16.499653,1.428223,-0.084315,3.4666,-0.2435,-0.208133,0.705419,-0.3148,16.499653,1.338408,-0.301853,5.0000,-1.000000,-0.226463,206.9785,0,1,clay,1.0000,0.500000,0,0,0.000000,0.000000,0.000000,0,nan,0.00,-0.636114,0.6077,0.0021,-0.335868,0.7165,1.79,5.45,9.03,5.30,0.039795,11.7202,-1.4982,0.008000,0.080912,1.0979,0.078477,0.104972,0.103877,479.1421969080082,-235.34751414815378,-1707.328789682767,-587.5843835574813,-0.193898,-0.024637,6352.9,6267.6,0.312161,0.113610,1.000000,3.4602,1.0000,,,,,
7.5240,1778843160.110844,596,16.400180,1.367471,-0.088627,3.5097,-0.2347,-0.139320,16.403746,1.445703,-0.084938,3.5175,16.429673,1.360299,-0.090223,3.4760,-0.2536,-0.208858,0.715557,-0.3445,16.429673,1.360041,-0.297802,5.0000,1.000000,-0.269872,204.4272,0,1,clay,1.0000,0.500000,0,0,0.000000,0.000000,0.000000,0,nan,0.00,-0.613386,0.6126,0.0020,-0.323868,0.7133,1.60,5.53,8.73,6.01,0.107403,12.4293,-1.4825,0.008000,0.066912,-0.3092,0.075730,0.097361,0.107203,401.2771685879963,-318.0496132439744,-1740.145793396241,-522.8782684065379,-0.206012,-0.020003,6350.3,6270.3,0.316809,0.119064,-1.000000,3.4698,1.0000,,,,,
7.5480,1778843160.117392,597,16.472052,1.414787,-0.092921,3.5158,-0.1273,-0.135100,16.487439,1.429384,-0.088083,3.5460,16.502892,1.407500,-0.094509,3.4912,-0.2300,-0.199307,0.721959,-0.3149,16.502892,1.337399,-0.302042,4.9999,-0.369273,-0.305424,198.5517,0,1,clay,1.0000,0.500000,0,0,0.000000,0.000000,0.000000,0,nan,0.00,-0.630171,0.6220,0.0018,-0.332730,0.7059,1.73,5.60,9.07,6.01,0.091084,12.2491,-1.4539,0.020000,0.054668,0.2003,0.063222,0.124138,0.120050,64.67821935018766,-269.70511041117794,-1703.3172629881647,-578.802909033654,-0.204702,-0.023100,6348.5,6272.1,0.319844,0.127757,0.500000,3.4847,1.0000,,,,,
7.5840,1778843160.123913,598,16.658954,1.454000,-0.090929,3.5617,-0.2303,-0.128264,16.614278,1.404602,-0.092865,3.5920,16.689344,1.446822,-0.092422,3.5239,-0.2521,-0.196067,0.790407,-0.3360,16.689344,1.278256,-0.311957,4.9990,-1.000000,-0.415146,191.3153,0,1,clay,1.0000,0.500000,0,0,0.000000,0.000000,0.000000,0,nan,0.00,-0.698353,0.6347,0.0016,-0.368730,0.6910,1.59,5.55,8.73,5.26,0.066302,11.9751,-1.4070,0.008000,0.084354,0.8465,0.022763,0.090436,0.132633,67.06201355848113,-168.51575906254797,-2089.7367281910047,-472.25890174496993,-0.212603,-0.011984,6331.1,6289.4,0.350178,0.133412,-0.246182,3.5170,1.0000,,,,,
7.5960,1778843160.135783,599,16.665618,1.413081,-0.097216,3.5552,-0.1622,-0.127531,16.656927,1.396379,-0.094401,3.6090,16.694817,1.406001,-0.098665,3.5311,-0.2534,-0.202381,0.799636,-0.3772,16.694817,1.276490,-0.312219,4.9991,-1.000000,-0.488852,187.7778,0,1,clay,1.0000,0.500000,0,0,0.000000,0.000000,0.000000,0,nan,0.00,-0.721080,0.6383,0.0015,-0.380730,0.6851,1.44,5.51,8.39,5.25,0.137779,12.6263,-1.3901,0.008000,0.146513,0.3290,0.004871,0.101195,0.129954,-73.31024769918477,-270.9146808136083,-1425.3553056863848,-492.97296161600013,-0.252057,-0.012706,6328.6,6292.0,0.354615,0.135385,-3.000000,3.5244,1.0000,,,,,
7.6080,1778843160.147681,600,16.698221,1.408602,-0.097768,3.6043,-0.1275,-0.129237,16.699744,1.388111,-0.095952,3.6230,16.726525,1.401847,-0.099157,3.5464,-0.2434,-0.202164,0.804395,-0.3889,16.726525,1.266229,-0.313704,4.9996,-1.000000,-0.541182,184.3295,0,1,clay,1.0000,0.500000,0,0,0.000000,0.000000,0.000000,0,nan,0.00,-0.743808,0.6416,0.0014,-0.392730,0.6786,1.32,5.48,8.11,5.31,0.129511,12.5374,-1.3767,0.008000,0.075991,0.4139,0.015038,0.114796,0.129491,-30.863391092258453,-207.55021548460022,-1978.5805564474563,-535.6293663604832,-0.268865,-0.015308,6327.2,6293.3,0.356926,0.127981,-1.000000,3.5398,1.0000,,,,,
7.6200,1778843160.159621,601,16.799831,1.425578,-0.092678,3.6172,-0.1572,-0.126343,16.742745,1.379852,-0.097467,3.6390,16.827373,1.419215,-0.094013,3.5612,-0.2405,-0.201832,0.808566,-0.4006,16.827373,1.233258,-0.318280,5.0000,-1.000000,-0.584403,184.0534,0,1,clay,1.0000,0.500000,0,0,0.000000,0.000000,0.000000,0,nan,0.00,-0.766535,0.6446,0.0013,-0.404730,0.6716,1.20,5.48,7.88,5.51,0.121252,12.4506,-1.3610,0.008000,0.093181,0.7133,0.017640,0.112877,0.131428,-12.819110175161534,-200.44443655177545,-2033.9564919937689,-545.4016803915058,-0.283440,-0.015489,6326.1,6294.4,0.358893,0.127862,-1.000000,3.5548,1.0000,,,,,
7.6320,1778843160.212626,602,16.863366,1.401106,-0.090558,3.6684,-0.1343,-0.156094,16.785849,1.371045,-0.099315,3.6546,16.890437,1.394932,-0.091896,3.5832,-0.2349,-0.206688,0.826966,-0.4124,16.890437,1.212377,-0.321226,5.0000,-1.000000,-0.641743,179.9171,0,1,clay,1.0000,0.500000,0,0,0.000000,0.000000,0.000000,0,nan,0.00,-0.789262,0.6472,0.0013,-0.416730,0.6639,1.10,5.57,7.78,6.08,0.112445,12.3447,-1.3454,0.008000,0.159955,1.1775,0.029240,0.122169,0.122247,-54.8918738246264,-230.9399839916303,-2134.780460457452,-600.6699631340749,-0.296483,-0.019578,6321.4,6299.2,0.367120,0.113098,-1.000000,3.5768,1.0000,,,,,
7.6560,1778843160.219259,603,16.894002,1.316638,-0.110065,3.6907,-0.1743,-0.127937,16.872610,1.354137,-0.102469,3.6804,16.923175,1.309360,-0.111507,3.6206,-0.2444,-0.211828,0.825604,-0.4250,16.923175,1.201455,-0.322784,5.0000,0.781076,-0.696767,166.8723,0,1,clay,1.0000,0.500000,0,0,0.000000,0.000000,0.000000,0,nan,0.00,-0.753759,0.6514,0.0012,-0.397985,0.6472,1.33,5.67,8.34,6.23,0.095537,12.1640,-1.3196,0.008000,0.048517,0.2506,0.050307,0.103608,0.118228,971.9669956832768,-281.8097277069104,-2335.7086440669536,-589.9532067283474,-0.310523,-0.017075,6321.5,6299.0,0.366869,0.124096,-0.500000,3.6137,1.0000,,,,,
7.6800,1778843160.226003,604,16.845485,1.280596,-0.106206,3.7758,-0.0984,-0.107278,16.960103,1.338001,-0.105124,3.7072,16.878868,1.272758,-0.107767,3.6739,-0.2267,-0.206205,0.819799,-0.3907,16.878868,1.216223,-0.320680,5.0000,0.982089,-0.744738,155.2372,0,1,clay,1.0000,0.500000,0,0,0.000000,0.000000,0.000000,0,nan,0.00,-0.709118,0.6542,0.0010,-0.374415,0.6293,1.80,5.62,9.22,5.34,0.162401,12.6849,-1.2928,nan,nan,nan,nan,nan,nan,406.34257317001897,-451.43858422701203,-1868.7639527933293,-619.494849692629,-0.303448,-0.018887,6322.7,6297.8,0.364824,0.108951,0.781076,3.6663,1.0000,,,,,
7.6920,1778843160.231798,605,17.005344,1.339283,-0.115789,3.7060,-0.1441,-0.106531,17.004078,1.330009,-0.106402,3.7190,17.037388,1.331612,-0.117213,3.6812,-0.2172,-0.193923,0.808042,-0.3657,17.037388,1.162901,-0.328342,4.9999,-1.000000,-0.767728,157.9247,0,1,clay,1.0000,0.500000,0,0,0.000000,0.000000,0.000000,0,nan,0.00,-0.731846,0.6553,0.0010,-0.386415,0.6201,1.64,5.62,8.90,5.65,0.154409,12.6116,-1.2809,0.008000,0.035447,-0.2154,0.071037,0.156993,0.151846,254.4562381304678,-290.52283355710534,-1894.4937003270388,-594.241953516378,-0.281842,-0.017200,6325.7,6294.9,0.359706,0.127737,1.964178,3.6740,1.0000,,,,,
7.7040,1778843160.243693,606,17.060803,1.326942,-0.113731,3.7905,0.0084,-0.099898,17.048211,1.322085,-0.107603,3.7325,17.091929,1.319853,-0.115083,3.7035,-0.1943,-0.194096,0.804452,-0.3950,17.091929,1.144241,-0.330932,4.9998,-1.000000,-0.791006,155.2746,0,1,clay,1.0000,0.500000,0,0,0.000000,0.000000,0.000000,0,nan,0.00,-0.754573,0.6561,0.0010,-0.398415,0.6106,1.48,5.55,8.51,5.16,0.146485,12.5428,-1.2674,0.008000,0.023833,0.2963,0.085463,0.182735,0.147566,340.15270759593056,-566.0724594259336,-2110.178909884664,-662.2848908018177,-0.304293,-0.023161,6326.6,6294.0,0.358102,0.109910,-1.000000,3.6966,1.0000,,,,,
7.7160,1778843160.255602,607,17.182571,1.343517,-0.108794,3.7637,-0.1718,-0.095630,17.092513,1.314292,-0.108719,3.7452,17.212542,1.336823,-0.110060,3.7162,-0.2036,-0.191255,0.801358,-0.4066,17.212542,1.102431,-0.336362,5.0000,-1.000000,-0.810241,160.4850,0,1,clay,1.0000,0.500000,0,0,0.000000,0.000000,0.000000,0,nan,0.00,-0.777300,0.6566,0.0009,-0.410415,0.6009,1.33,5.51,8.17,5.25,0.138692,12.4789,-1.2548,0.008000,0.113263,0.6062,0.082705,0.155671,0.144740,319.2359977890569,-441.5790200930082,-2151.157845345639,-604.8058749857668,-0.315547,-0.018175,6327.4,6293.2,0.356700,0.116340,-1.000000,3.7095,1.0000,,,,,
7.7280,1778843160.310016,608,17.078305,1.268756,-0.115052,3.6873,-0.1749,-0.077990,17.136990,1.306640,-0.109716,3.7576,17.107249,1.262100,-0.116232,3.7114,-0.2123,-0.186749,0.776232,-0.4184,17.107249,1.138971,-0.331645,4.9999,-1.000000,-0.795961,150.6405,0,1,clay,1.0000,0.500000,0,0,0.000000,0.000000,0.000000,0,nan,0.00,-0.800028,0.6568,0.0009,-0.422415,0.5913,1.23,5.58,8.04,6.01,0.217340,13.0778,-1.2423,0.008000,0.116205,-0.0490,0.063181,0.144261,0.153113,432.9051342453691,-442.33614578830094,-2197.969164290764,-511.059258423746,-0.327914,-0.012500,6333.8,6286.8,0.345582,0.123841,-1.000000,3.7052,1.0000,,,,,
7.7520,1778843160.316597,609,17.221422,1.345746,-0.109507,3.7615,-0.1530,-0.078383,17.226465,1.291665,-0.111497,3.7855,17.252518,1.338764,-0.110736,3.7297,-0.2250,-0.187958,0.723145,-0.4309,17.252518,1.088415,-0.338072,5.0000,-1.000000,-0.745587,157.4755,0,1,clay,1.0000,0.500000,0,0,0.000000,0.000000,0.000000,0,nan,0.00,-0.845482,0.6563,0.0008,-0.446415,0.5734,1.46,5.67,8.58,6.13,0.202365,12.9757,-1.2145,0.020000,0.045011,0.1752,0.057619,0.140526,0.173670,-223.71098042525998,-221.22194782499787,-2428.3987212155494,-394.3269826932498,-0.342788,-0.006750,6347.1,6273.4,0.322282,0.121459,-0.500000,3.7235,1.0000,,,,,
7.7760,1778843160.323246,610,17.348916,1.323360,-0.112665,3.7786,-0.0807,-0.085158,17.316474,1.276107,-0.113543,3.8111,17.383847,1.315433,-0.114090,3.7483,-0.2239,-0.201446,0.725384,-0.4559,17.383847,1.041841,-0.343471,5.0000,-1.000000,-0.742608,156.3279,0,1,clay,1.0000,0.500000,0,0,0.000000,0.000000,0.000000,0,nan,0.00,-0.890937,0.6550,0.0007,-0.470415,0.5556,1.92,5.62,9.46,5.36,0.186807,12.8585,-1.1889,0.020000,0.133453,1.1474,0.038247,0.152914,0.165633,-418.3335164897295,-279.55615276682727,-2428.547825987395,-451.9532291669052,-0.374131,-0.010162,6346.5,6274.1,0.323414,0.118559,-1.000000,3.7414,1.0000,,,,,
7.7880,1778843160.329108,611,17.406310,1.335883,-0.116571,3.8176,-0.1033,-0.080692,17.361715,1.268284,-0.114533,3.8248,17.441342,1.327780,-0.118011,3.7631,-0.2274,-0.206771,0.725877,-0.4799,17.441342,1.327780,-0.578172,5.0000,-1.000000,-0.748628,158.3896,0,1,clay,1.0000,0.500000,0,0,0.000000,0.000000,0.000000,0,nan,0.00,-0.913664,0.6541,0.0007,-0.482415,0.5466,1.94,5.58,9.46,5.33,0.178984,12.8018,-1.1752,0.008000,0.230298,0.6771,0.000208,0.139753,0.162678,-268.7919912877496,-303.1023375770119,-2192.70837683873,-452.00678348009535,-0.400416,-0.009945,6346.3,6274.2,0.323618,0.110623,-2.000000,3.7561,1.0000,,,,,
7.8000,1778843160.339570,612,17.422253,1.363681,-0.114555,3.7647,-0.1444,-0.075390,17.407123,1.260522,-0.115458,3.8383,17.455590,1.356062,-0.115892,3.7644,-0.2300,-0.202919,0.726373,-0.4915,17.455590,1.356062,-0.608112,5.0000,-1.000000,-0.749309,164.5122,0,1,clay,1.0000,0.500000,0,0,0.000000,0.000000,0.000000,0,nan,0.00,-0.936391,0.6531,0.0006,-0.494415,0.5377,1.73,5.54,9.00,5.34,0.260522,13.3236,-1.1617,0.008000,0.129792,1.2634,-0.004237,0.132503,0.157554,-329.55804371499994,-335.9359932490833,-2542.474361777968,-412.57537426010424,-0.412388,-0.007216,6346.3,6274.3,0.323708,0.121987,-1.000000,3.7578,1.0000,,,,,
7.8120,1778843160.351674,613,17.496960,1.263928,-0.123263,3.8109,-0.0927,-0.076431,17.452683,1.252727,-0.116374,3.8509,17.528942,1.256426,-0.124523,3.7744,-0.2238,-0.200316,0.727100,-0.5031,17.528942,0.989483,-0.349092,5.0000,-1.000000,-0.772518,151.2810,0,1,clay,1.0000,0.500000,0,0,0.000000,0.000000,0.000000,0,nan,0.00,-0.959118,0.6519,0.0006,-0.506415,0.5284,1.56,5.49,8.61,5.22,0.252727,13.2711,-1.1491,0.008000,0.056065,0.6434,-0.015867,0.136991,0.178872,-217.83098626931468,-258.5324843142679,-2579.795669165146,-423.55475750774536,-0.427087,-0.007749,6346.2,6274.4,0.323907,0.115309,-1.000000,3.7681,1.0000,,,,,
7.8240,1778843160.408159,614,17.526668,1.275099,-0.118176,3.9498,-0.1458,-0.077171,17.498448,1.244949,-0.117249,3.8848,17.557613,1.268028,-0.119366,3.8093,-0.2274,-0.198185,0.726275,-0.5147,17.557613,0.979029,-0.350166,5.0000,-1.000000,-0.800819,149.7109,0,1,clay,1.0000,0.500000,0,0,0.000000,0.000000,0.000000,0,nan,0.00,-0.981846,0.6505,0.0006,-0.518415,0.5188,1.40,5.54,8.34,5.82,0.244949,13.2209,-1.1152,0.008000,0.058239,0.6307,0.006944,0.118281,0.149911,-271.4408517139371,-239.1568034976397,-2611.1054700211366,-399.13621735592403,-0.438965,-0.005483,6346.4,6274.2,0.323506,0.099916,-1.000000,3.8032,1.0000,,,,,
7.8480,1778843160.414505,615,17.598126,1.263390,-0.118823,3.8822,-0.1033,-0.026103,17.590443,1.230583,-0.118179,3.8872,17.630644,1.256153,-0.119957,3.8350,-0.2295,-0.191679,0.709047,-0.5271,17.630644,0.952245,-0.352855,5.0000,-0.399394,-0.817181,148.9554,0,1,clay,1.0000,0.500000,0,0,0.000000,0.000000,0.000000,0,nan,0.00,-1.000000,0.6469,0.0005,-0.528000,0.4992,1.55,5.57,8.68,5.76,0.230583,13.1677,-1.1128,0.020000,0.159309,0.9215,0.039786,0.150840,0.196095,-382.7168761346031,205.71710456979739,-2662.966654196036,-282.0534199069423,-0.460864,0.001295,6350.6,6269.9,0.316129,0.109007,-0.500000,3.8288,1.0000,,,,,
7.8720,1778843160.420728,616,17.659939,1.199403,-0.116533,3.9120,-0.0409,-0.013163,17.683103,1.216864,-0.118603,3.9111,17.695571,1.191871,-0.117688,3.8624,-0.2197,-0.190674,0.700719,-0.5318,17.695571,0.928249,-0.355190,5.0000,0.000000,-0.839947,141.0673,0,1,clay,1.0000,0.500000,0,0,0.000000,0.000000,0.000000,0,nan,0.00,-1.000000,0.6426,0.0005,-0.528000,0.4790,1.91,5.51,9.34,5.16,0.308864,13.6653,-1.0888,0.020000,0.062370,0.7448,0.053830,0.165224,0.184951,-1679.5491363223332,489.2867749881534,-2676.9885661494513,-263.3930468250441,-0.484170,0.002415,6352.6,6268.0,0.312784,0.102807,-0.399394,3.8558,1.0000,,,,,
7.8840,1778843160.426325,617,17.711404,1.227401,-0.116482,3.8865,-0.1639,-0.019020,17.729558,1.209617,-0.118955,3.9172,17.748386,1.219483,-0.117653,3.8685,-0.2355,-0.190499,0.687360,-0.5280,17.748386,1.219483,-0.578497,5.0000,-0.000000,-0.842831,146.5117,0,1,clay,1.0000,0.500000,0,0,0.000000,0.000000,0.000000,0,nan,0.00,-1.000000,0.6404,0.0005,-0.528000,0.4689,2.11,5.48,9.70,5.26,0.301617,13.6452,-1.0828,0.008000,0.039784,1.0172,0.040906,0.167164,0.232218,-2478.101349987074,598.4925106643461,-2607.2794581703306,-154.24040520303163,-0.482982,0.008530,6355.8,6264.7,0.307108,0.112063,0.000000,3.8617,1.0000,,,,,
7.8960,1778843160.435543,618,17.739112,1.180216,-0.115183,3.9476,-0.0562,-0.087224,17.775776,1.200854,-0.120208,3.9089,17.774321,1.172798,-0.116329,3.8842,-0.2208,-0.190320,0.629596,-0.5280,17.774321,0.898914,-0.357954,5.0000,0.000000,-0.799091,138.8433,0,1,clay,1.0000,0.500000,0,0,0.000000,0.000000,0.000000,0,nan,0.00,-1.000000,0.6381,0.0004,-0.528000,0.4593,1.88,5.44,9.20,5.25,0.292854,13.5733,-1.0911,0.008000,0.084611,1.3467,0.042706,0.174264,0.212907,-3277.265863691262,-511.76405704120833,-2582.815093466961,-171.8947246103765,-0.482122,0.002213,6370.5,6250.0,0.281425,0.092444,-0.000000,3.8784,1.0000,,,,,
7.9080,1778843160.447606,619,17.910196,1.114979,-0.128092,3.9723,-0.0286,-0.131522,17.821904,1.191500,-0.121747,3.9107,17.943775,1.107453,-0.129274,3.9019,-0.2037,-0.196365,0.611763,-0.5280,17.943775,0.834964,-0.363737,5.0000,0.000000,-0.784946,133.3954,0,1,clay,1.0000,0.500000,0,0,0.000000,0.000000,0.000000,0,nan,0.00,-1.000000,0.6356,0.0004,-0.528000,0.4499,1.67,5.42,8.76,5.27,0.283500,13.4852,-1.0893,0.008000,0.166948,0.4636,0.059518,0.179462,0.186059,-2836.3282508696443,-1010.3236417946067,-2491.784051920171,-315.95244283783785,-0.479360,-0.007968,6375.3,6245.3,0.273217,0.086619,0.000000,3.8965,1.0000,,,,,
7.9200,1778843160.506706,620,17.762231,1.128851,-0.125875,3.9994,-0.1707,-0.139240,17.868017,1.181780,-0.123400,3.9125,17.794504,1.121461,-0.127088,3.9215,-0.2135,-0.202468,0.593954,-0.5280,17.794504,0.891356,-0.358654,5.0000,0.000000,-0.755789,124.7269,0,1,clay,1.0000,0.500000,0,0,0.000000,0.000000,0.000000,0,nan,0.00,-1.000000,0.6330,0.0004,-0.528000,0.4408,1.50,5.48,8.47,5.82,0.273780,13.3905,-1.0875,0.008000,0.137318,1.0703,0.069343,0.161380,0.176577,-3088.87861832432,-704.9163964040331,-2455.2363274068002,-328.20129784740004,-0.469610,-0.009716,6379.9,6240.7,0.265166,0.047970,0.000000,3.9164,1.0000,,,,,
7.9440,1778843160.513054,621,18.006975,1.156637,-0.134491,3.8909,-0.1519,-0.191793,17.960036,1.160295,-0.127686,3.9166,18.040267,1.148062,-0.136046,3.9128,-0.2314,-0.234007,0.531363,-0.5280,18.040267,1.148062,-0.619855,5.0000,-0.000000,-0.688882,136.2371,0,1,clay,1.0000,0.500000,0,0,0.000000,0.000000,0.000000,0,nan,0.00,-1.000000,0.6273,0.0004,-0.528000,0.4243,1.63,5.54,8.80,5.91,0.346795,13.6320,-1.0834,0.020000,0.078106,0.2689,0.026244,0.147334,0.140025,-2993.5269079398936,-358.3367397286422,-2318.151921587285,-471.3226314344559,-0.450613,-0.021170,6395.7,6224.8,0.237530,0.108593,0.000000,3.9082,1.0000,,,,,
7.9800,1778843160.519465,622,18.016576,1.036779,-0.135643,3.9165,-0.0842,-0.167945,18.098376,1.126648,-0.134088,3.9419,18.048661,1.028377,-0.137282,3.9159,-0.2151,-0.246702,0.502315,-0.5280,18.048661,0.794827,-0.367185,5.0000,0.243940,-0.635349,119.9643,0,1,clay,1.0000,0.500000,0,0,0.000000,0.000000,0.000000,0,nan,0.00,-0.983368,0.6178,0.0003,-0.519218,0.4014,1.44,5.49,8.36,5.20,0.313148,13.2652,-1.0581,0.008000,0.081046,0.0637,-0.020853,0.155855,0.114019,-2706.3615995328346,-317.1178774781616,-2382.898099881391,-749.8732543250942,-0.445506,-0.033993,6403.3,6217.3,0.224350,0.106489,-0.000000,3.9116,1.0000,,,,,
7.9920,1778843160.531537,623,18.132453,1.186572,-0.126334,4.0003,-0.1545,-0.171012,18.144609,1.115194,-0.136130,3.9480,18.163552,1.178669,-0.127933,3.9328,-0.2177,-0.245820,0.493391,-0.5172,18.163552,1.178669,-0.449130,5.0000,-0.731821,-0.596781,142.5113,0,1,clay,1.0000,0.500000,0,0,0.000000,0.000000,0.000000,0,nan,0.00,-1.000000,0.6149,0.0003,-0.528000,0.3942,1.31,5.46,8.07,5.28,0.398494,13.5663,-1.0520,0.008000,0.066212,0.5941,-0.008413,0.158593,0.109430,-2614.4029527235643,-416.85926030951504,-2358.75809078756,-744.5767885141031,-0.432019,-0.034076,6405.7,6214.9,0.220123,0.087590,0.731821,3.9288,1.0000,,,,,
8.0040,1778843160.543586,624,18.264588,1.178193,-0.133541,3.9085,-0.2037,-0.169802,18.190854,1.103546,-0.138182,3.9520,18.294559,1.170160,-0.135121,3.9287,-0.2328,-0.249950,0.482389,-0.5337,18.294559,1.170160,-0.477339,5.0000,-0.000000,-0.576450,147.6500,0,1,clay,1.0000,0.500000,0,0,0.000000,0.000000,0.000000,0,nan,0.00,-1.000000,0.6120,0.0003,-0.528000,0.3873,1.19,5.42,7.80,5.19,0.386846,13.4487,-1.0480,0.008000,0.150453,0.1043,-0.022296,0.131558,0.103130,-2774.561445966004,-750.2174776454349,-2465.981928774395,-706.4827457032152,-0.434318,-0.031772,6408.6,6211.9,0.215058,0.110365,-0.731821,3.9249,1.0000,,,,,
8.0160,1778843160.555691,625,18.207813,1.118912,-0.134215,3.9892,-0.1635,-0.174224,18.237116,1.091690,-0.140256,3.9555,18.237042,1.111000,-0.135773,3.9409,-0.2351,-0.250726,0.467979,-0.5280,18.237042,1.111000,-0.433002,5.0000,0.000000,-0.557365,133.4704,0,1,clay,1.0000,0.500000,0,0,0.000000,0.000000,0.000000,0,nan,0.00,-1.000000,0.6090,0.0003,-0.528000,0.3806,1.10,5.42,7.63,5.45,0.374990,13.3298,-1.0445,0.008000,0.162163,0.8420,-0.025795,0.109912,0.100662,-2208.8203855492607,-757.0128661425508,-2353.5165565436782,-705.2221681367394,-0.431093,-0.032139,6412.3,6208.2,0.208570,0.093338,-0.000000,3.9373,1.0000,,,,,
8.0280,1778843160.607902,626,18.256722,1.150372,-0.141274,4.0750,-0.2198,-0.135634,18.283588,1.080231,-0.141928,3.9679,18.285453,1.142345,-0.142768,3.9672,-0.2476,-0.246353,0.434841,-0.5280,18.285453,1.142345,-0.463273,5.0000,0.000000,-0.526064,135.0406,0,1,clay,1.0000,0.500000,0,0,0.000000,0.000000,0.000000,0,nan,0.00,-1.000000,0.6060,0.0002,-0.528000,0.3743,1.02,5.48,7.51,5.79,0.363531,13.2340,-1.0321,0.008000,0.153974,0.3472,-0.016881,0.099720,0.110105,-2143.8992859811156,-439.25615634803046,-2462.201265812349,-630.5117365132131,-0.429170,-0.026331,6420.8,6199.8,0.193834,0.071028,0.000000,3.9640,1.0000,,,,,
8.0520,1778843160.614258,627,18.350807,0.928584,-0.150778,3.9469,-0.2710,-0.201046,18.376224,1.055774,-0.146003,3.9641,18.381234,0.919210,-0.152511,3.9612,-0.2868,-0.264949,0.348013,-0.5280,18.381234,0.665111,-0.376180,5.0000,1.000000,-0.446379,108.1833,0,1,clay,1.0000,0.500000,0,0,0.000000,0.000000,0.000000,0,nan,0.00,-0.954545,0.5998,0.0002,-0.504000,0.3636,1.24,5.50,7.98,5.65,0.437774,13.3540,-1.0359,0.008000,0.127013,0.4967,-0.007514,0.069886,0.118520,-3627.80056618091,-1222.7581946988134,-2355.7327434226277,-510.4639712728033,-0.412981,-0.023767,6442.8,6177.8,0.155508,0.094684,0.000000,3.9585,1.0000,,,,,
8.0760,1778843160.620369,628,18.478603,0.997584,-0.142905,3.9564,-0.1575,-0.212637,18.468327,1.028945,-0.151108,3.9622,18.512091,0.987436,-0.144928,3.9608,-0.2785,-0.276836,0.344253,-0.4953,18.512091,0.987436,-0.643744,5.0000,-0.617903,-0.406229,121.8922,0,1,clay,1.0000,0.500000,0,0,0.000000,0.000000,0.000000,0,nan,0.00,-0.982632,0.5937,0.0002,-0.518830,0.3539,1.62,5.47,8.70,5.26,0.410945,13.0615,-1.0378,nan,nan,nan,nan,nan,nan,-2866.6807293050606,-1501.01440225435,-2300.5850172097375,-694.4041861987665,-0.385815,-0.032925,6443.8,6176.8,0.153723,0.094347,1.000000,3.9578,1.0000,,,,,
8.0880,1778843160.627640,629,18.571456,1.026471,-0.162152,4.0056,-0.2105,-0.205137,18.514373,1.015251,-0.153585,3.9666,18.603392,1.016014,-0.164131,3.9697,-0.2851,-0.282786,0.314447,-0.5240,18.603392,1.016014,-0.478172,5.0000,0.319790,-0.358979,121.6033,0,1,clay,1.0000,0.500000,0,0,0.000000,0.000000,0.000000,0,nan,0.00,-0.975364,0.5909,0.0002,-0.514992,0.3496,1.45,5.43,8.33,5.21,0.397251,12.9196,-1.0334,0.008000,0.181461,-0.0115,0.000893,0.060138,0.103684,-2649.328193618275,-1582.9950060560463,-2450.1485693013256,-724.1897305120546,-0.397681,-0.033324,6451.5,6169.1,0.140341,0.082062,-1.235806,3.9670,1.0000,,,,,
8.1000,1778843160.639624,630,18.570534,0.993696,-0.158433,3.9419,-0.2376,-0.207729,18.560396,1.001345,-0.156058,3.9703,18.601242,0.983692,-0.160344,3.9647,-0.2884,-0.280760,0.308856,-0.5124,18.601242,0.983692,-0.458596,5.0000,-0.210922,-0.330803,119.0764,0,1,clay,1.0000,0.500000,0,0,0.000000,0.000000,0.000000,0,nan,0.00,-0.980158,0.5880,0.0002,-0.517523,0.3456,1.31,5.40,8.02,5.25,0.383345,12.7780,-1.0297,0.008000,0.078170,-0.3391,-0.019997,0.049411,0.097056,-2471.579867553286,-1382.6832416943193,-2337.916247265849,-714.1383649532914,-0.389580,-0.032639,6453.0,6167.5,0.137647,0.094920,0.319790,3.9622,1.0000,,,,,
8.1120,1778843160.651610,631,18.603372,0.980869,-0.160837,4.0080,-0.2213,-0.210774,18.606384,0.987119,-0.158591,3.9719,18.633105,0.971053,-0.162706,3.9734,-0.2910,-0.282531,0.301654,-0.5192,18.633105,0.971053,-0.459859,5.0000,-0.238777,-0.316281,117.1835,0,1,clay,1.0000,0.500000,0,0,0.000000,0.000000,0.000000,0,nan,0.00,-0.985584,0.5852,0.0002,-0.520389,0.3418,1.19,5.37,7.75,5.18,0.369119,12.6328,-1.0281,0.008000,0.103295,-0.0413,-0.005861,0.060305,0.103639,-3081.981115023068,-1109.4048379851827,-2314.8659832878056,-713.6463939409437,-0.389627,-0.033030,6454.9,6165.6,0.134329,0.080111,-0.210922,3.9710,1.0000,,,,,
8.1240,1778843160.706174,632,18.670523,0.938786,-0.165534,3.9395,-0.1632,-0.217566,18.652276,0.972498,-0.161272,3.9707,18.699265,0.929164,-0.167369,3.9670,-0.2824,-0.284299,0.273570,-0.5222,18.699265,0.929164,-0.665811,5.0000,0.153478,-0.285357,118.2673,0,1,clay,1.0000,0.500000,0,0,0.000000,0.000000,0.000000,0,nan,0.00,-0.982096,0.5825,0.0002,-0.518547,0.3384,1.09,5.45,7.63,5.89,0.454898,12.7893,-1.0293,0.008000,0.075912,-0.2686,-0.022766,0.067522,0.096978,-2749.271951110049,-1057.9410694055507,-2331.1646937100395,-805.6958422839592,-0.392341,-0.036856,6462.1,6158.5,0.121845,0.094100,-0.238777,3.9649,1.0000,,,,,
8.1480,1778843160.712626,633,18.747254,0.958841,-0.166895,3.9211,-0.1486,-0.224127,18.743925,0.942294,-0.166848,3.9764,18.777807,0.948512,-0.168931,3.9528,-0.2741,-0.294673,0.252179,-0.5173,18.777807,0.948512,-0.484346,5.0000,-0.393881,-0.245665,122.1273,0,1,clay,1.0000,0.500000,0,0,0.000000,0.000000,0.000000,0,nan,0.00,-1.000000,0.5770,0.0001,-0.528000,0.3325,1.31,5.50,8.11,5.77,0.424694,12.4699,-1.0236,0.020000,0.100694,0.0291,-0.059998,0.094480,0.089997,-2480.4827387013934,-1301.4725998162348,-2362.1629181930525,-958.9513425370947,-0.390436,-0.044220,6467.5,6153.0,0.112362,0.098553,0.076739,3.9507,1.0000,,,,,
8.1720,1778843160.718940,634,18.872230,0.912127,-0.172762,4.0182,-0.3048,-0.224471,18.835632,0.911678,-0.172162,3.9839,18.906099,0.899898,-0.175118,3.9747,-0.3221,-0.311166,0.233632,-0.5315,18.906099,0.899898,-0.489258,5.0000,0.449640,-0.227228,114.8744,0,1,clay,1.0000,0.500000,0,0,0.000000,0.000000,0.000000,0,nan,0.00,-0.979562,0.5717,0.0001,-0.517209,0.3270,1.72,5.44,8.88,5.15,0.394078,12.1654,-1.0161,0.020000,0.165185,0.3578,-0.023435,0.085682,0.108430,-2271.942544771356,-1091.1100782075646,-2315.318560306114,-793.2371350335006,-0.388279,-0.036151,6472.2,6148.3,0.104125,0.078869,-0.393881,3.9726,1.0000,,,,,
8.1840,1778843160.724600,635,18.931237,0.908973,-0.173872,3.9432,-0.3095,-0.228553,18.881423,0.895894,-0.174941,3.9869,18.964634,0.896733,-0.176203,3.9690,-0.3324,-0.308473,0.232466,-0.5132,18.964634,0.896733,-0.501062,5.0000,0.461597,-0.217008,116.6922,0,1,clay,1.0000,0.500000,0,0,0.000000,0.000000,0.000000,0,nan,0.00,-0.969071,0.5693,0.0001,-0.511669,0.3244,1.69,5.39,8.78,5.11,0.480094,12.2484,-1.0131,0.008000,0.062193,-0.0722,-0.028303,0.057009,0.108523,-2535.4796051110898,-1051.6261975421821,-2338.4713702732206,-729.771961517429,-0.371798,-0.033153,6472.6,6148.0,0.103528,0.094981,0.899280,3.9669,1.0000,,,,,
8.1960,1778843160.735621,636,18.954657,0.786481,-0.180626,4.0009,-0.2341,-0.234861,18.927166,0.879826,-0.177763,3.9893,18.986495,0.774603,-0.182854,3.9754,-0.3264,-0.306202,0.227846,-0.5078,18.986495,0.774603,-0.642043,5.0000,1.000000,-0.219415,105.1201,0,1,clay,1.0000,0.500000,0,0,0.000000,0.000000,0.000000,0,nan,0.00,-0.946344,0.5669,0.0001,-0.499669,0.3218,1.51,5.39,8.42,5.38,0.464026,12.0867,-1.0107,0.008000,0.096398,0.6752,-0.027612,0.061224,0.111274,-2686.799106663318,-1728.562244028295,-2307.951381278854,-747.2344298432272,-0.365196,-0.034837,6473.8,6146.8,0.101409,0.082277,0.461597,3.9735,1.0000,,,,,
8.2080,1778843160.747654,637,19.010742,0.840271,-0.182246,3.9520,-0.2630,-0.227202,18.972903,0.863594,-0.180538,3.9926,19.041412,0.828780,-0.184381,3.9712,-0.3246,-0.300982,0.225535,-0.4915,19.041412,0.828780,-0.487606,5.0000,0.538446,-0.217358,109.8565,0,1,clay,1.0000,0.500000,0,0,0.000000,0.000000,0.000000,0,nan,0.00,-0.934106,0.5645,0.0001,-0.493208,0.3192,1.37,5.39,8.12,5.39,0.447794,11.9277,-1.0074,0.008000,0.030308,0.3537,-0.026217,0.060168,0.106660,-2691.712923769352,-1732.043552904693,-2280.7501104237876,-760.1958891448321,-0.351198,-0.034233,6474.4,6146.2,0.100369,0.091708,1.000000,3.9693,1.0000,,,,,
8.2200,1778843160.804265,638,18.983805,0.774814,-0.187779,4.0063,-0.3473,-0.216033,19.018669,0.847292,-0.183207,3.9999,19.013468,0.763415,-0.189825,3.9782,-0.3393,-0.297062,0.220427,-0.4890,19.013468,0.763415,-0.644383,5.0000,1.000000,-0.215517,103.4197,0,1,clay,1.0000,0.500000,0,0,0.000000,0.000000,0.000000,0,nan,0.00,-0.911379,0.5622,0.0001,-0.481208,0.3166,1.24,5.46,7.93,5.83,0.431492,11.7748,-1.0001,0.008000,0.065816,0.1822,-0.027084,0.041051,0.111526,-2578.1078368493954,-1311.2353716759349,-2267.8178860868593,-652.4952354878428,-0.340351,-0.028627,6475.7,6144.9,0.098081,0.086274,0.538446,3.9765,1.0000,,,,,
8.2440,1778843160.810656,639,19.219321,0.759451,-0.198776,3.9755,-0.2180,-0.233397,19.110072,0.813841,-0.188693,4.0016,19.250421,0.747163,-0.200961,3.9777,-0.3270,-0.300235,0.188695,-0.4729,19.250421,0.747163,-0.500546,5.0000,0.487728,-0.197461,105.0690,0,1,clay,1.0000,0.500000,0,0,0.000000,0.000000,0.000000,0,nan,0.00,-0.889210,0.5576,0.0001,-0.469503,0.3118,1.41,5.50,8.32,5.77,0.398041,11.4604,-0.9984,0.020000,0.144203,-0.1706,-0.018195,0.050106,0.105870,-2425.324327402647,-935.644772043478,-2229.782460136812,-766.5794806170978,-0.330161,-0.034094,6483.7,6136.8,0.084103,0.095685,0.500000,3.9762,1.0000,,,,,
8.2680,1778843160.816950,640,19.171603,0.848547,-0.187952,3.9278,-0.2939,-0.239893,19.201277,0.779085,-0.194574,4.0119,19.205724,0.835206,-0.190411,3.9621,-0.3444,-0.307674,0.179339,-0.4651,19.205724,0.835206,-0.529720,5.0000,-0.182700,-0.162689,116.2411,0,1,clay,1.0000,0.500000,0,0,0.000000,0.000000,0.000000,0,nan,0.00,-0.897514,0.5532,0.0001,-0.473887,0.3079,1.80,5.45,9.04,5.14,0.466185,11.3197,-0.9881,0.020000,0.042973,0.5985,-0.017500,0.024527,0.105906,-2522.048307776588,-642.7546491596258,-2168.31981576688,-734.5021649114979,-0.312203,-0.032632,6486.1,6134.5,0.079978,0.104295,0.487728,3.9605,1.0000,,,,,
8.2800,1778843160.822561,641,19.271676,0.721356,-0.195675,4.0823,-0.2957,-0.243601,19.246870,0.761443,-0.197482,4.0145,19.307614,0.706845,-0.198312,3.9857,-0.3560,-0.315905,0.175409,-0.4756,19.307614,0.706845,-0.490037,5.0000,1.000000,-0.164394,100.9602,0,1,clay,1.0000,0.500000,0,0,0.000000,0.000000,0.000000,0,nan,0.00,-0.874787,0.5512,0.0001,-0.461887,0.3060,2.05,5.41,9.52,5.22,0.448543,11.1531,-0.9854,0.008000,0.031010,0.6051,-0.013999,0.049362,0.126539,-2449.1626034152205,-1247.424429842946,-2153.0763380355806,-684.7506225826869,-0.314868,-0.032017,6487.1,6133.4,0.078136,0.069998,-0.365400,3.9841,1.0000,,,,,
8.2920,1778843160.831631,642,19.306790,0.719729,-0.209630,3.9414,-0.3176,-0.252539,19.292411,0.743459,-0.200497,4.0181,19.340577,0.705496,-0.212120,3.9774,-0.3552,-0.310004,0.177711,-0.4528,19.340577,0.705496,-0.505581,5.0000,1.000000,-0.166834,100.6730,0,1,clay,1.0000,0.500000,0,0,0.000000,0.000000,0.000000,0,nan,0.00,-0.852060,0.5492,0.0001,-0.449887,0.3040,1.82,5.40,9.04,5.30,0.430559,10.9803,-0.9819,0.008000,0.043411,-0.1478,-0.016428,0.048416,0.116228,-2573.223348556373,-1307.7882907675646,-2086.875716932909,-670.206884400839,-0.298705,-0.031422,6486.6,6134.0,0.079123,0.101055,1.000000,3.9758,1.0000,,,,,
8.3040,1778843160.843675,643,19.371942,0.764564,-0.199565,4.0102,-0.3407,-0.253810,19.337920,0.725197,-0.203548,4.0222,19.404432,0.751201,-0.201946,3.9840,-0.3597,-0.306771,0.177746,-0.4412,19.404432,0.751201,-0.534957,5.0000,-0.702866,-0.171159,108.4052,0,1,clay,1.0000,0.500000,0,0,0.000000,0.000000,0.000000,0,nan,0.00,-0.868034,0.5473,0.0001,-0.458322,0.3019,1.63,5.37,8.63,5.20,0.412297,10.8055,-0.9778,0.008000,0.142643,0.7969,-0.015761,0.030792,0.110134,-2458.558272622694,-1290.683447076652,-2028.269412923914,-614.6250134021985,-0.282699,-0.029823,6486.6,6134.0,0.079120,0.082296,1.000000,3.9824,1.0000,,,,,
8.3160,1778843160.902758,644,19.479758,0.685082,-0.199242,3.9983,-0.3328,-0.252747,19.383416,0.706742,-0.206585,4.0266,19.510897,0.672184,-0.201546,3.9870,-0.3680,-0.310581,0.178153,-0.4642,19.510897,0.672184,-0.517530,5.0000,1.000000,-0.185501,102.6777,0,1,clay,1.0000,0.500000,0,0,0.000000,0.000000,0.000000,0,nan,0.00,-0.845307,0.5454,0.0001,-0.446322,0.2997,1.47,5.44,8.37,5.87,0.497642,10.7807,-0.9734,0.008000,0.062852,0.8730,-0.008217,0.022074,0.100458,-2697.76510157591,-1559.1226424937995,-2132.7546544383504,-595.5779405145611,-0.288269,-0.028844,6486.5,6134.1,0.079288,0.081664,-0.702866,3.9855,1.0000,,,,,
8.3400,1778843160.909198,645,19.553892,0.625936,-0.208498,3.9859,-0.4950,-0.258866,19.474303,0.669077,-0.212711,4.0337,19.586112,0.611636,-0.210934,3.9872,-0.4216,-0.312459,0.175129,-0.4377,19.586112,0.611636,-0.508830,5.0000,1.000000,-0.199198,96.2031,0,1,clay,1.0000,0.500000,0,0,0.000000,0.000000,0.000000,0,nan,0.00,-0.799852,0.5415,0.0001,-0.422322,0.2949,1.60,5.53,8.74,6.02,0.459977,10.4297,-0.9663,0.020000,0.165745,0.6322,-0.014626,-0.029771,0.095460,-2545.119304155679,-1259.7866492565954,-1967.1635988677315,-219.16122880456513,-0.258701,-0.015212,6487.2,6133.4,0.078034,0.083898,0.500000,3.9856,1.0000,,,,,
8.3760,1778843160.915753,646,19.646402,0.626812,-0.223886,3.9957,-0.4096,-0.265984,19.610286,0.610663,-0.222167,4.0433,19.677641,0.612199,-0.226289,3.9912,-0.4317,-0.310920,0.165414,-0.4139,19.677641,0.612199,-0.537480,5.0000,0.107056,-0.202051,95.8397,0,1,clay,1.0000,0.500000,0,0,0.000000,0.000000,0.000000,0,nan,0.00,-0.792553,0.5358,0.0001,-0.418468,0.2876,1.46,5.48,8.40,5.23,0.401563,9.8879,-0.9567,0.008000,0.084443,-0.1551,0.009780,-0.051321,0.091834,-2773.7091624869727,-586.0424526046351,-1851.050835861859,-146.77089857193562,-0.227148,-0.013555,6489.6,6130.9,0.073780,0.086405,0.666667,3.9898,1.0000,,,,,
8.3880,1778843160.927684,647,19.677157,0.623248,-0.221838,4.0351,-0.3859,-0.272220,19.655509,0.590663,-0.225431,4.0452,19.707374,0.609184,-0.224171,3.9999,-0.4307,-0.311887,0.159845,-0.4176,19.707374,0.609184,-0.540264,5.0000,-0.397813,-0.202315,95.5785,0,1,clay,1.0000,0.500000,0,0,0.000000,0.000000,0.000000,0,nan,0.00,-0.801594,0.5340,0.0001,-0.423242,0.2852,1.33,5.45,8.11,5.23,0.485963,9.7880,-0.9548,0.008000,0.079357,0.4620,-0.004690,-0.043832,0.103731,-2718.147279896201,-1219.7586564633873,-1828.5519171695746,-147.41855239996553,-0.222277,-0.014748,6491.1,6129.5,0.071304,0.078404,0.321169,3.9986,1.0000,,,,,
8.4000,1778843160.939564,648,19.655722,0.659740,-0.219435,4.0657,-0.3270,-0.275111,19.700692,0.570439,-0.228727,4.0492,19.684920,0.646311,-0.221699,4.0129,-0.4210,-0.314421,0.161653,-0.4264,19.684920,0.646311,-0.551322,5.0000,-0.934365,-0.204595,97.6814,0,1,clay,1.0000,0.500000,0,0,0.000000,0.000000,0.000000,0,nan,0.00,-0.822829,0.5324,0.0001,-0.434454,0.2827,1.19,5.42,7.81,5.29,0.465739,9.5992,-0.9508,0.008000,0.133323,1.3570,0.016398,-0.032213,0.088718,-2724.26670549351,-1214.8266416499223,-1837.6217832447792,-238.0531655804983,-0.229039,-0.018762,6490.6,6129.9,0.072076,0.070583,-0.397813,4.0116,1.0000,,,,,
8.4120,1778843160.951585,649,19.720188,0.564236,-0.227414,3.9654,-0.3323,-0.275802,19.745810,0.549959,-0.232040,4.0521,19.748362,0.551003,-0.229635,4.0038,-0.4157,-0.318267,0.156218,-0.4416,19.748362,0.551003,-0.523311,5.0000,1.000000,-0.206033,90.4254,0,1,clay,1.0000,0.500000,0,0,0.000000,0.000000,0.000000,0,nan,0.00,-0.800102,0.5307,0.0000,-0.422454,0.2803,1.09,5.43,7.61,5.44,0.445259,9.4094,-0.9479,0.008000,0.062738,0.2985,0.000878,-0.023595,0.083900,-2657.0498925188513,-1681.6671530361186,-1925.179800434025,-356.4662102250399,-0.240635,-0.021885,6492.0,6128.6,0.069663,0.090399,-0.934365,4.0026,1.0000,,,,,
8.4240,1778843161.003963,650,19.756984,0.511139,-0.235707,4.0210,-0.2740,-0.289788,19.790791,0.529067,-0.235501,4.0492,19.784468,0.498088,-0.237891,4.0074,-0.3947,-0.316376,0.158727,-0.4150,19.784468,0.498088,-0.509455,5.0000,1.000000,-0.216696,86.0780,0,1,clay,1.0000,0.500000,0,0,0.000000,0.000000,0.000000,0,nan,0.00,-0.777375,0.5290,0.0000,-0.410454,0.2777,1.00,5.47,7.48,5.74,0.424367,9.2111,-0.9508,0.008000,0.127605,-0.1778,0.001385,0.003022,0.089419,-2516.6892493976256,-1900.4422136382987,-1827.565097174977,-446.50336812105655,-0.231132,-0.028320,6491.4,6129.2,0.070760,0.019210,1.000000,4.0062,1.0000,,,,,
8.4480,1778843161.010273,651,19.902258,0.410509,-0.237292,4.0691,-0.3681,-0.275262,19.880274,0.487213,-0.242149,4.0231,19.931578,0.396483,-0.239627,4.0271,-0.4009,-0.317768,0.059312,-0.4026,19.931578,0.396483,-0.672341,4.9999,1.000000,-0.142907,82.2777,0,1,clay,1.0000,0.500000,0,0,0.000000,0.000000,0.000000,0,nan,0.00,-0.731920,0.5257,0.0000,-0.386454,0.2742,1.21,5.51,7.93,5.71,0.487213,8.8597,-0.9767,0.008000,0.061232,0.2800,0.021923,0.032858,0.093462,-2236.9164218994874,-1030.0395289879375,-1803.3039413060892,-531.9565545546878,-0.217704,-0.027281,6516.5,6104.1,0.026944,-0.039086,0.500000,4.0266,1.0000,,,,,
8.4720,1778843161.016501,652,19.914448,0.526898,-0.247390,4.0278,-0.3375,-0.276674,19.968831,0.444932,-0.248755,3.9956,19.946708,0.511107,-0.249974,4.0270,-0.3947,-0.316655,0.001762,-0.3777,19.946708,0.511107,-0.555539,4.9999,-0.831530,-0.039578,88.8609,0,1,clay,1.0000,0.500000,0,0,0.000000,0.000000,0.000000,0,nan,0.00,-0.769717,0.5226,0.0000,-0.406411,0.2733,1.61,5.46,8.68,5.20,0.444932,8.4812,-1.0043,nan,nan,nan,nan,nan,nan,-2050.4749638593767,-1246.9431676932923,-1738.1382791741544,-624.3554618420749,-0.194317,-0.029329,6531.2,6089.4,0.001329,-0.063399,1.000000,4.0270,1.0000,,,,,
8.4840,1778843161.023470,653,20.061258,0.418704,-0.261368,4.0733,-0.3610,-0.278655,20.012693,0.423601,-0.252091,3.9755,20.091904,0.403095,-0.263865,4.0356,-0.4017,-0.323361,-0.041197,-0.4133,20.091904,0.403095,-0.540914,5.0000,1.000000,0.046175,80.8987,0,1,clay,1.0000,0.500000,0,0,0.000000,0.000000,0.000000,0,nan,0.00,-0.746990,0.5213,0.0000,-0.394411,0.2738,1.44,5.43,8.31,5.28,0.423601,8.2900,-1.0245,0.008000,0.020504,-0.2285,0.028170,0.042198,0.090692,-1931.260155009939,-1044.0138680291006,-1659.8714549524072,-600.8585174433372,-0.213698,-0.029126,6542.3,6078.3,-0.018044,-0.085199,-1.663060,4.0360,1.0000,,,,,
8.4960,1778843161.035604,654,20.091750,0.397711,-0.253931,3.9896,-0.4029,-0.278656,20.056273,0.402204,-0.255409,3.9578,20.121301,0.382896,-0.256317,4.0262,-0.4042,-0.317306,-0.093017,-0.3864,20.121301,0.382896,-0.532797,5.0000,0.432889,0.142463,81.9353,0,1,clay,1.0000,0.500000,0,0,0.000000,0.000000,0.000000,0,nan,0.00,-0.737152,0.5200,0.0000,-0.389216,0.2756,1.30,5.40,7.99,5.19,0.402204,8.0999,-1.0422,0.008000,0.035198,0.0818,0.011082,0.030845,0.091430,-1725.4867369936514,-1393.306549743455,-1751.9534221686995,-560.3752210172399,-0.198537,-0.027065,6555.6,6065.0,-0.041234,-0.083938,1.000000,4.0270,1.0000,,,,,
8.5080,1778843161.047686,655,20.010835,0.354709,-0.257940,3.9564,-0.4296,-0.273347,20.099598,0.380810,-0.258676,3.9367,20.039265,0.340212,-0.260238,4.0123,-0.4140,-0.315049,-0.131806,-0.3859,20.039265,0.340212,-0.672098,5.0000,1.000000,0.235867,82.3484,0,1,clay,1.0000,0.500000,0,0,0.000000,0.000000,0.000000,0,nan,0.00,-0.714424,0.5189,0.0000,-0.377216,0.2784,1.19,5.38,7.76,5.29,0.380810,7.9127,-1.0633,0.008000,0.122146,-0.2749,-0.015712,0.009091,0.093113,-1611.2138146359957,-680.9795761010973,-1710.4738133406222,-469.39087073314704,-0.189630,-0.023710,6565.6,6054.9,-0.058686,-0.093100,0.432889,4.0133,1.0000,,,,,
8.5200,1778843161.102095,656,20.179759,0.349708,-0.259925,3.9062,-0.3704,-0.260194,20.142691,0.359487,-0.261848,3.9209,20.207280,0.335657,-0.262127,3.9914,-0.4091,-0.308121,-0.153111,-0.3696,20.207280,0.335657,-0.532642,5.0000,-0.056474,0.306235,83.9836,0,1,clay,1.0000,0.500000,0,0,0.000000,0.000000,0.000000,0,nan,0.00,-0.715708,0.5179,0.0000,-0.377894,0.2821,1.09,5.43,7.62,5.73,0.464187,7.7015,-1.0791,0.008000,0.065525,0.0880,-0.026891,0.006316,0.097737,-1487.970449412137,-994.1873514080962,-1670.147052474974,-491.2544751104772,-0.177874,-0.022820,6571.2,6049.4,-0.068393,-0.071967,1.000000,3.9926,1.0000,,,,,
8.5440,1778843161.108383,657,20.245671,0.283009,-0.266412,3.8705,-0.3675,-0.270883,20.228028,0.316437,-0.268323,3.8864,20.274465,0.267986,-0.268755,3.9513,-0.4102,-0.310456,-0.205803,-0.3783,20.274465,0.267986,-0.699115,4.9997,0.691600,0.402246,88.6065,0,1,clay,1.0000,0.500000,0,0,0.000000,0.000000,0.000000,0,nan,0.00,-0.684271,0.5165,0.0000,-0.361295,0.2917,1.30,5.48,8.08,5.73,0.421137,7.3305,-1.1132,0.020000,0.098442,0.1786,-0.070286,-0.009722,0.088891,-1908.3163700139685,-992.3872757641673,-1567.754070882158,-404.48426995263526,-0.177207,-0.023404,6584.7,6035.9,-0.091956,-0.052979,-0.028237,3.9530,1.0000,,,,,
8.5680,1778843161.114616,658,20.363416,0.273498,-0.272659,3.8244,-0.3659,-0.278917,20.312240,0.272604,-0.275075,3.8584,20.394761,0.256809,-0.275255,3.9091,-0.4068,-0.309541,-0.237362,-0.3552,20.394761,0.256809,-0.544702,4.9981,-0.011860,0.493270,92.8459,0,1,clay,1.0000,0.500000,0,0,0.000000,0.000000,0.000000,0,nan,0.00,-0.684810,0.5159,0.0000,-0.361580,0.3036,1.70,5.44,8.84,5.23,0.377304,6.9437,-1.1396,0.020000,0.086803,-0.0719,-0.121744,-0.007202,0.086893,-1945.4451099945477,-859.5562928415802,-1502.4973050240114,-385.55704217756517,-0.158046,-0.025169,6593.0,6027.6,-0.106380,-0.052503,0.691600,3.9113,1.0000,,,,,
8.5800,1778843161.120364,659,20.316662,0.230353,-0.276660,3.8552,-0.4507,-0.273006,20.353994,0.250652,-0.278368,3.8408,20.347322,0.213709,-0.279215,3.8981,-0.4208,-0.309821,-0.259438,-0.3617,20.347322,0.213709,-0.688228,4.9985,1.000000,0.565561,93.8719,0,1,clay,1.0000,0.500000,0,0,0.000000,0.000000,0.000000,0,nan,0.00,-0.662083,0.5157,0.0000,-0.349580,0.3103,1.65,5.39,8.68,5.09,0.355352,6.7550,-1.1577,0.008000,0.093980,0.2853,-0.126761,-0.023856,0.085829,-1778.1649978936862,-1085.2619624153463,-1395.9955118616263,-234.66419895313754,-0.153999,-0.021140,6598.8,6021.8,-0.116453,-0.066329,-0.023719,3.9004,1.0000,,,,,
8.5920,1778843161.131657,660,20.423274,0.191562,-0.286592,3.8272,-0.3319,-0.272818,20.395491,0.228644,-0.281647,3.8240,20.452387,0.175516,-0.289012,3.8839,-0.4062,-0.303674,-0.280435,-0.3412,20.452387,0.175516,-0.696827,4.9985,1.000000,0.623917,94.7045,0,1,clay,1.0000,0.500000,0,0,0.000000,0.000000,0.000000,0,nan,0.00,-0.639356,0.5158,0.0000,-0.337580,0.3178,1.48,5.38,8.34,5.30,0.437744,6.4800,-1.1745,0.008000,0.038690,0.5506,-0.145248,-0.012330,0.093834,-1822.6907546912694,-1307.0826902412614,-1374.8987767013627,-272.61933838404946,-0.143888,-0.023801,6604.2,6016.4,-0.125909,-0.065843,1.000000,3.8862,1.0000,,,,,
8.6040,1778843161.143690,661,20.396362,0.188878,-0.278676,3.8368,-0.4641,-0.278533,20.436698,0.206470,-0.284978,3.8076,20.424529,0.173515,-0.281005,3.8742,-0.4176,-0.300476,-0.301158,-0.3295,20.424529,0.173515,-0.684085,4.9981,0.588511,0.678670,97.0085,0,1,clay,1.0000,0.500000,0,0,0.000000,0.000000,0.000000,0,nan,0.00,-0.625981,0.5161,0.0000,-0.330518,0.3260,1.35,5.35,8.06,5.22,0.415570,6.2891,-1.1905,0.008000,0.091862,0.5370,-0.140255,-0.024592,0.084000,-1800.5596747359018,-1243.7876829144561,-1246.5039690285369,-85.6128093673018,-0.126758,-0.019836,6609.5,6011.1,-0.135198,-0.076073,1.000000,3.8767,1.0000,,,,,
8.6160,1778843161.200561,662,20.485440,0.267367,-0.284671,3.7831,-0.3836,-0.277478,20.477619,0.184130,-0.288347,3.7914,20.512482,0.252409,-0.286919,3.8560,-0.4139,-0.298584,-0.318635,-0.3259,20.512482,0.252409,-0.576706,5.0000,-1.000000,0.733871,103.5728,0,1,clay,1.0000,0.500000,0,0,0.000000,0.000000,0.000000,0,nan,0.00,-0.648708,0.5166,0.0000,-0.342518,0.3348,1.23,5.44,7.90,5.91,0.393230,6.0961,-1.2086,0.008000,0.144399,0.4052,-0.140546,-0.017527,0.081825,-1778.4493901876149,-942.0408708353161,-1154.1901646953265,-89.5040316941643,-0.118926,-0.020615,6614.0,6006.6,-0.143032,-0.062763,0.588511,3.8586,1.0000,,,,,
8.6400,1778843161.207079,663,20.551396,0.244752,-0.280740,3.7482,-0.3525,-0.278618,20.558782,0.139305,-0.295031,3.7650,20.579937,0.229063,-0.283160,3.8199,-0.4086,-0.305009,-0.338187,-0.3508,20.579937,0.229063,-0.578697,5.0000,-1.000000,0.791404,109.3688,0,1,clay,1.0000,0.500000,0,0,0.000000,0.000000,0.000000,0,nan,0.00,-0.694162,0.5185,0.0000,-0.366518,0.3538,1.44,5.50,8.38,5.85,0.348405,5.7131,-1.2350,0.020000,0.101226,0.6989,-0.153326,-0.003447,0.074339,-1849.2339612256037,-1058.3569529470944,-1137.6612791576213,-164.50618619714737,-0.131636,-0.024543,6619.2,6001.4,-0.152017,-0.039274,-0.500000,3.8228,1.0000,,,,,
8.6640,1778843161.213446,664,20.694421,0.156939,-0.301566,3.7705,-0.4964,-0.282950,20.639000,0.094022,-0.301760,3.7374,20.725306,0.138536,-0.304306,3.8025,-0.4509,-0.316294,-0.359417,-0.3757,20.725306,0.138536,-0.577416,5.0000,1.000000,0.839272,106.1909,0,1,clay,1.0000,0.500000,0,0,0.000000,0.000000,0.000000,0,nan,0.00,-0.648708,0.5212,0.0000,-0.342518,0.3739,1.85,5.46,9.15,5.23,0.406922,5.1784,-1.2626,0.020000,0.102620,-0.1012,-0.124889,-0.042370,0.071962,-1661.699055036022,-1196.9143249911697,-1099.539104900704,156.18199971105633,-0.144261,-0.015569,6624.8,5995.7,-0.161908,-0.054433,-1.000000,3.8058,1.0000,,,,,
8.6760,1778843161.219145,665,20.759522,0.012641,-0.307816,3.7289,-0.3660,-0.284125,20.678719,0.071120,-0.305186,3.7239,20.792273,-0.007007,-0.310712,3.7873,-0.4350,-0.308623,-0.366679,-0.3327,20.792273,-0.007007,-0.677122,4.9908,1.000000,0.865420,103.4037,0,1,clay,1.0000,0.500000,0,0,0.000000,0.000000,0.000000,0,nan,0.00,-0.625981,0.5227,0.0000,-0.330518,0.3843,2.18,5.42,9.77,5.20,0.384020,4.9821,-1.2669,0.008000,0.052862,-0.0921,-0.094462,-0.035321,0.065459,-1715.8752604847514,-1187.875549154604,-1132.9461246775934,72.21891727089306,-0.121430,-0.018707,6626.9,5993.7,-0.165538,-0.049943,2.000000,3.7909,1.0000,,,,,
8.6880,1778843161.227627,666,20.673794,-0.005567,-0.306995,3.6861,-0.3593,-0.282263,20.718230,0.048194,-0.308589,3.7105,20.704606,-0.023908,-0.309708,3.7670,-0.4223,-0.303788,-0.386331,-0.3213,20.704606,-0.294112,-0.392701,5.0000,1.000000,0.904324,108.1453,0,1,clay,1.0000,0.500000,0,0,0.000000,0.000000,0.000000,0,nan,0.00,-0.603253,0.5244,0.0000,-0.318518,0.3952,1.92,5.38,9.23,5.17,0.361094,4.7871,-1.2895,0.008000,0.033253,0.1835,-0.101534,-0.021182,0.065396,-1849.0222386782089,-1376.4514870660196,-992.2653120774651,21.0411463227135,-0.110386,-0.021485,6631.8,5988.7,-0.174120,-0.044999,1.000000,3.7707,1.0000,,,,,
8.7000,1778843161.239631,667,20.674318,-0.003845,-0.312080,3.6893,-0.3044,-0.286537,20.757500,0.025183,-0.312005,3.6961,20.703463,-0.021216,-0.314648,3.7514,-0.4023,-0.300052,-0.394127,-0.3097,20.703463,-0.293638,-0.392714,5.0000,1.000000,0.937745,111.6132,0,1,clay,1.0000,0.500000,0,0,0.000000,0.000000,0.000000,0,nan,0.00,-0.580526,0.5263,0.0000,-0.306518,0.4064,1.72,5.36,8.79,5.21,0.338083,4.5914,-1.3039,0.008000,0.126242,0.4182,-0.100916,-0.010344,0.057075,-1727.1929888401019,-910.7682018736614,-921.352157685347,-88.06533904265788,-0.101565,-0.026948,6633.8,5986.8,-0.177541,-0.050503,1.000000,3.7549,1.0000,,,,,
8.7120,1778843161.298828,668,20.888840,0.047093,-0.307671,3.7411,-0.3776,-0.287624,20.796507,0.002048,-0.315444,3.6829,20.916723,0.030674,-0.310113,3.7488,-0.3982,-0.297073,-0.408010,-0.2981,20.916723,0.030674,-0.568922,4.9462,-0.044878,0.970724,112.8409,0,1,clay,1.0000,0.500000,0,0,0.000000,0.000000,0.000000,0,nan,0.00,-0.581546,0.5284,0.0000,-0.307056,0.4181,1.53,5.45,8.51,6.00,0.314948,4.3944,-1.2633,0.008000,0.134712,0.1938,-0.091845,-0.002995,0.055494,-1829.9887003162448,-1128.0434365700592,-798.8409872718069,-50.289948125999416,-0.089015,-0.027623,6637.3,5983.3,-0.183635,-0.074154,1.000000,3.7523,1.0000,,,,,
8.7360,1778843161.305408,669,20.945552,-0.085877,-0.320965,3.6473,-0.4172,-0.296838,20.873515,-0.044693,-0.322492,3.6431,20.974199,-0.103540,-0.323565,3.7142,-0.4105,-0.302068,-0.453188,-0.3075,20.974199,-0.103540,-0.667866,4.9207,1.000000,1.033274,116.1124,0,1,clay,1.0000,0.500000,0,0,0.000000,0.000000,0.000000,0,nan,0.00,-0.536092,0.5336,0.0000,-0.283056,0.4429,1.68,5.56,8.93,6.19,0.268207,3.9905,-1.2776,0.020000,0.168668,-0.2399,-0.105976,-0.004092,0.063383,-898.4126646747709,-769.2450898552703,-719.2886314618979,83.61067107286544,-0.082579,-0.026694,6648.9,5971.7,-0.203879,-0.128251,-0.022439,3.7182,1.0000,,,,,
8.7720,1778843161.312160,670,20.965642,-0.021346,-0.333446,3.5333,-0.2949,-0.286589,20.987121,-0.114219,-0.332613,3.5770,20.993245,-0.038526,-0.335972,3.6361,-0.3674,-0.292112,-0.531466,-0.2743,20.993245,-0.038526,-0.737369,4.9121,0.603340,1.170644,141.2750,0,1,clay,1.0000,0.500000,0,0,0.000000,0.000000,0.000000,0,nan,0.00,-0.494955,0.5439,0.0000,-0.261336,0.4850,1.58,5.52,8.67,5.26,0.301581,3.2144,-1.3351,0.008000,0.104117,0.1426,-0.125745,0.045402,0.066998,-1174.2881532802353,-895.9538070899141,-294.3930149307762,-60.84621710509617,-0.064627,-0.038237,6668.8,5951.7,-0.238638,-0.137232,0.666667,3.6408,1.0000,,,,,
8.7840,1778843161.323679,671,21.036587,-0.198975,-0.342252,3.5546,-0.3242,-0.288815,21.024299,-0.137470,-0.336061,3.5536,21.062870,-0.215573,-0.344657,3.6194,-0.3573,-0.286666,-0.558719,-0.2563,21.062870,-0.441514,-0.387760,4.8808,1.000000,1.263288,138.3192,0,1,clay,1.0000,0.500000,0,0,0.000000,0.000000,0.000000,0,nan,0.00,-0.472227,0.5473,0.0000,-0.249336,0.5002,1.43,5.47,8.33,5.19,0.278330,3.0168,-1.3273,0.008000,0.088959,-0.0389,-0.126523,0.018572,0.028211,-1081.6601043430999,-795.4810756319292,-101.28856320197943,-24.836391219687954,-0.043147,-0.040018,6675.9,5944.6,-0.251025,-0.155234,1.810020,3.6241,1.0000,,,,,
8.7960,1778843161.335664,672,21.107167,-0.193555,-0.341036,3.5122,-0.2990,-0.284480,21.061169,-0.160661,-0.339481,3.5313,21.132378,-0.209344,-0.343333,3.5977,-0.3456,-0.282369,-0.577767,-0.2413,21.132378,-0.469858,-0.386620,4.8500,1.000000,1.336943,144.1745,0,1,clay,1.0000,0.500000,0,0,0.000000,0.000000,0.000000,0,nan,0.00,-0.449500,0.5508,0.0000,-0.237336,0.5162,1.30,5.43,8.03,5.21,0.255139,2.8209,-1.3187,0.008000,0.078044,-0.0544,-0.125964,0.010755,0.018676,-778.6274473599947,-717.3852760717664,-15.095335712293263,-62.48967619832018,-0.032506,-0.042515,6680.9,5939.7,-0.259606,-0.162033,1.000000,3.6024,1.0000,,,,,
8.8080,1778843161.347589,673,21.101134,-0.257512,-0.344010,3.6222,-0.3474,-0.280233,21.097755,-0.183776,-0.342854,3.5102,21.125444,-0.272796,-0.346205,3.6017,-0.3445,-0.278701,-0.583445,-0.2296,21.125444,-0.467035,-0.386737,4.8530,1.000000,1.376113,141.3576,0,1,clay,1.0000,0.500000,0,0,0.000000,0.000000,0.000000,0,nan,0.00,-0.426773,0.5547,0.0000,-0.225336,0.5327,1.18,5.43,7.78,5.42,0.232024,2.6276,-1.3429,0.008000,0.077322,0.0369,-0.105734,-0.008856,0.008022,-639.5935156905359,-751.5322350211986,52.445813618680674,-9.595958137392529,-0.020716,-0.041304,6682.4,5938.2,-0.262206,-0.199021,1.000000,3.6063,1.0000,,,,,
8.8200,1778843161.400067,674,21.159064,-0.215171,-0.349033,3.5030,-0.2994,-0.273239,21.134097,-0.206762,-0.346149,3.4883,21.182555,-0.230014,-0.351143,3.5817,-0.3349,-0.273773,-0.601568,-0.2178,21.182555,-0.490260,-0.385742,4.8277,1.000000,1.422706,148.4467,0,1,clay,1.0000,0.500000,0,0,0.000000,0.000000,0.000000,0,nan,0.00,-0.404046,0.5587,0.0000,-0.213336,0.5498,1.07,5.49,7.64,5.84,0.310838,2.1967,-1.3395,0.008000,0.100365,-0.5278,-0.121711,0.008932,0.022846,-1103.1792029658309,-834.0409896768148,110.67116000555089,-52.7046095564815,-0.010584,-0.042534,6687.0,5933.6,-0.270218,-0.131711,1.000000,3.5863,1.0000,,,,,
8.8440,1778843161.406434,675,21.158015,-0.225595,-0.352922,3.3909,-0.3005,-0.276293,21.205843,-0.252850,-0.352790,3.4476,21.182320,-0.241049,-0.355114,3.5179,-0.3231,-0.267363,-0.615597,-0.2053,21.182320,-0.490165,-0.385746,4.8279,1.000000,1.479576,164.7202,0,1,clay,1.0000,0.500000,0,0,0.000000,0.000000,0.000000,0,nan,0.00,-0.358591,0.5683,0.0000,-0.189336,0.5853,1.25,5.52,8.03,5.69,0.264750,1.8162,-1.3803,0.008000,0.161463,0.0487,-0.145938,0.009924,0.011184,-1155.2797461482228,-1253.5659549228303,174.7214887806592,-123.21552467623133,0.001503,-0.045052,6690.7,5929.8,-0.276833,-0.080715,0.500000,3.5229,1.0000,,,,,
8.8680,1778843161.412600,676,21.317090,-0.328637,-0.370285,3.3813,-0.3064,-0.278703,21.276327,-0.299286,-0.359590,3.4090,21.343035,-0.345716,-0.372636,3.4711,-0.3126,-0.258204,-0.670523,-0.1806,21.343035,-0.555145,-0.382617,4.7561,1.000000,1.569214,176.6387,0,1,clay,1.0000,0.500000,0,0,0.000000,0.000000,0.000000,0,nan,0.00,-0.313137,0.5788,0.0000,-0.165336,0.6230,1.61,5.47,8.70,5.20,0.218314,1.4266,-1.3471,nan,nan,nan,nan,nan,nan,-1072.5660319706385,-1258.254328610933,289.1896399660271,-64.69880454517858,0.026624,-0.046674,6705.0,5915.5,-0.301772,-0.080432,1.000000,3.4770,1.0000,,,,,
8.8800,1778843161.419674,677,21.323927,-0.338962,-0.367529,3.3713,-0.3242,-0.276161,21.311185,-0.322457,-0.362929,3.3931,21.348713,-0.355148,-0.369753,3.4507,-0.3082,-0.251824,-0.683185,-0.1570,21.348713,-0.557430,-0.382497,4.7536,1.000000,1.635047,182.6768,0,1,clay,1.0000,0.500000,0,0,0.000000,0.000000,0.000000,0,nan,0.00,-0.290409,0.5840,0.0000,-0.153336,0.6426,1.46,5.44,8.35,5.23,0.195143,1.2353,-1.3605,0.008000,0.103064,-0.1344,-0.126463,-0.020874,-0.005289,-1044.3685111476107,-952.1040335461205,396.0031812567179,-54.05923217079297,0.051936,-0.046130,6708.3,5912.3,-0.307460,-0.078392,2.000000,3.4565,1.0000,,,,,
8.8920,1778843161.431732,678,21.287767,-0.420394,-0.364454,3.3474,-0.3740,-0.280093,21.345781,-0.345681,-0.366276,3.3777,21.311593,-0.435954,-0.366593,3.4299,-0.3149,-0.249431,-0.677866,-0.1452,21.311593,-0.542479,-0.383268,4.7703,1.000000,1.665880,187.5356,0,1,clay,1.0000,0.500000,0,0,0.000000,0.000000,0.000000,0,nan,0.00,-0.267682,0.5895,0.0000,-0.141336,0.6626,1.33,5.41,8.07,5.24,0.171919,1.0435,-1.3926,0.008000,0.088336,0.5082,-0.128120,-0.061641,-0.035207,-1318.5485055459876,-823.9885291887365,536.0199184942792,-19.59025127223677,0.068295,-0.043328,6707.0,5913.6,-0.305153,-0.074050,1.000000,3.4354,1.0000,,,,,
8.9040,1778843161.443723,679,21.382576,-0.375839,-0.374571,3.4090,-0.2425,-0.280087,21.380086,-0.368981,-0.369651,3.3592,21.405498,-0.390980,-0.376633,3.4249,-0.2980,-0.247226,-0.676921,-0.1335,21.405498,-0.580234,-0.381266,4.7277,1.000000,1.684499,187.7455,0,1,clay,1.0000,0.500000,0,0,0.000000,0.000000,0.000000,0,nan,0.00,-0.244955,0.5953,0.0000,-0.129336,0.6828,1.22,5.38,7.81,5.21,0.249019,0.5399,-1.3686,0.008000,0.068245,-0.1720,-0.109676,-0.051125,-0.038486,-1376.1175295408575,-1040.6712438217844,587.0730253467295,-100.7182815990609,0.076024,-0.048303,6706.7,5913.9,-0.304653,-0.089940,1.000000,3.4303,1.0000,,,,,
8.9160,1778843161.498134,680,21.443275,-0.379062,-0.369021,3.2751,-0.4001,-0.286456,21.413902,-0.392733,-0.373308,3.3387,21.465366,-0.393663,-0.371022,3.3951,-0.3104,-0.245815,-0.675776,-0.1217,21.465366,-0.604187,-0.379899,4.7002,1.000000,1.701440,195.2504,0,1,clay,1.0000,0.500000,0,0,0.000000,0.000000,0.000000,0,nan,0.00,-0.222227,0.6013,0.0000,-0.117336,0.7032,1.12,5.45,7.68,5.83,0.225267,0.3304,-1.3615,0.008000,0.090406,0.2896,-0.143088,-0.073554,-0.047422,-1608.0753512477252,-665.4696642385758,680.649864893776,-66.01676011716464,0.095239,-0.044390,6706.4,5914.2,-0.304045,-0.056960,1.000000,3.4002,1.0000,,,,,
8.9400,1778843161.504497,681,21.533497,-0.357839,-0.384118,3.2830,-0.3343,-0.283815,21.480958,-0.440021,-0.380337,3.3102,21.556366,-0.373497,-0.386219,3.3571,-0.3076,-0.240975,-0.635699,-0.1093,21.556366,-0.640408,-0.377709,4.6578,1.000000,1.682349,203.4571,0,1,clay,1.0000,0.500000,0,0,0.000000,0.000000,0.000000,0,nan,0.00,-0.176773,0.6147,0.0000,-0.093336,0.7436,1.31,5.48,8.10,5.70,0.177979,-0.0723,-1.3477,0.020000,0.079436,-0.3207,-0.159282,-0.084402,-0.055769,-916.589326263301,-1143.6893221526775,747.5236463004104,-175.19959284793117,0.110579,-0.044864,6696.4,5924.1,-0.286739,-0.060677,0.500000,3.3622,1.0000,,,,,
8.9640,1778843161.510709,682,21.524293,-0.518023,-0.393411,3.2569,-0.2721,-0.273740,21.547282,-0.486801,-0.386933,3.2780,21.548991,-0.534991,-0.395640,3.3224,-0.2830,-0.228291,-0.633537,-0.0845,21.548991,-0.637481,-0.377889,4.6613,1.000000,1.669200,211.0747,0,1,clay,1.0000,0.500000,0,0,0.000000,0.000000,0.000000,0,nan,0.00,-0.131318,0.6289,0.0000,-0.069336,0.7836,1.67,5.45,8.78,5.25,0.131199,-0.4502,-1.3833,0.020000,0.092819,-0.6624,-0.128318,-0.071859,-0.060573,-1370.5380726910241,-1188.5097787567274,800.2232950539287,-312.51603262483707,0.130207,-0.049676,6696.2,5924.4,-0.286280,-0.049430,1.000000,3.3281,1.0000,,,,,
8.9760,1778843161.516426,683,21.509523,-0.583516,-0.389799,3.2347,-0.3426,-0.281869,21.579977,-0.510419,-0.390337,3.2619,21.533770,-0.600065,-0.391970,3.3044,-0.2824,-0.222622,-0.633062,-0.0607,21.533770,-0.631436,-0.378259,4.6684,1.000000,1.665516,218.1410,0,1,clay,1.0000,0.500000,0,0,0.000000,0.000000,0.000000,0,nan,0.00,-0.108591,0.6358,0.0000,-0.057336,0.8036,1.62,5.41,8.65,5.22,0.107581,-0.6453,-1.4065,0.008000,0.137569,0.4960,-0.094024,-0.092521,-0.076484,-1537.2477336491133,-1311.2557352035865,801.4866930967795,-285.7565782500064,0.157334,-0.048407,6696.0,5924.6,-0.285921,-0.039599,2.000000,3.3100,1.0000,,,,,
8.9880,1778843161.527688,684,21.571933,-0.637318,-0.392807,3.1814,-0.3890,-0.283591,21.612415,-0.534093,-0.393752,3.2468,21.594957,-0.653300,-0.394893,3.2798,-0.2924,-0.221684,-0.629192,-0.0490,21.594957,-0.655699,-0.376766,4.6397,1.000000,1.666948,226.4587,0,1,clay,1.0000,0.500000,0,0,0.000000,0.000000,0.000000,0,nan,0.00,-0.085864,0.6429,0.0000,-0.045336,0.8236,1.47,5.39,8.32,5.22,0.083907,-0.8409,-1.3929,0.008000,0.116614,0.1219,-0.097319,-0.112225,-0.085830,-1518.3725583848095,-1138.8804339588346,940.9623721963419,-253.2122104962669,0.175311,-0.044971,6694.8,5925.7,-0.283949,-0.021200,1.000000,3.2851,1.0000,,,,,
9.0000,1778843161.539749,685,21.705324,-0.478224,-0.397602,3.2146,-0.3272,-0.286533,21.644586,-0.557876,-0.397177,3.2319,21.727356,-0.493691,-0.399615,3.2663,-0.2900,-0.221148,-0.631334,-0.0373,21.727356,-0.707834,-0.373476,4.5782,1.000000,1.676548,226.6559,0,1,clay,1.0000,0.500000,0,0,0.000000,0.000000,0.000000,0,nan,0.00,-0.063137,0.6502,0.0000,-0.033336,0.8437,1.33,5.36,8.03,5.25,0.158824,-1.3906,-1.3463,0.008000,0.177630,-0.3475,-0.090598,-0.108013,-0.090443,-1895.9324376100813,-1155.0555443590133,985.4607121228822,-262.53917880746815,0.188543,-0.046022,6695.2,5925.3,-0.284680,-0.027917,1.000000,3.2715,1.0000,,,,,
9.0120,1778843161.597215,686,21.683338,-0.549186,-0.400716,3.1525,-0.3209,-0.279772,21.676534,-0.581707,-0.400548,3.2213,21.704479,-0.564129,-0.402657,3.2435,-0.2867,-0.219212,-0.625318,-0.0255,21.704479,-0.698862,-0.374050,4.5887,1.000000,1.678706,232.5643,0,1,clay,1.0000,0.500000,0,0,0.000000,0.000000,0.000000,0,nan,0.00,-0.040409,0.6576,0.0000,-0.021336,0.8639,1.22,5.46,7.89,5.98,0.134993,-1.5838,-1.3675,0.008000,0.035431,0.0366,-0.108789,-0.119536,-0.100033,-1825.6510444386508,-1279.788850534367,1021.7401476528252,-323.95811623761244,0.201420,-0.046736,6693.6,5926.9,-0.281871,-0.011117,1.000000,3.2484,1.0000,,,,,
9.0360,1778843161.603744,687,21.823538,-0.595679,-0.397825,3.2154,-0.3977,-0.284257,21.739722,-0.629580,-0.407316,3.1957,21.845791,-0.611475,-0.399855,3.2325,-0.3007,-0.213772,-0.624877,-0.0131,21.845791,-0.754035,-0.370342,4.5249,1.000000,1.679626,234.5569,0,1,clay,1.0000,0.500000,0,0,0.000000,0.000000,0.000000,0,nan,0.00,0.005045,0.6737,0.0000,0.002664,0.9042,1.39,5.54,8.32,6.00,0.087120,-1.9715,-1.3292,0.020000,0.069043,-0.1272,-0.089742,-0.134534,-0.101418,-1712.0689829108003,-1463.1029104252061,901.6639368743203,-200.1359823912616,0.221125,-0.040512,6693.7,5926.9,-0.282010,-0.014949,0.500000,3.2377,1.0000,,,,,
9.0600,1778843161.610263,688,21.915692,-0.640751,-0.416043,3.1661,-0.3752,-0.284783,21.802084,-0.677915,-0.414168,3.1805,21.939732,-0.658446,-0.418223,3.2091,-0.2960,-0.201284,-0.587374,0.0117,21.939732,-0.790360,-0.367549,4.4805,1.000000,1.646670,239.4648,0,1,clay,1.0000,0.500000,0,0,0.000000,0.000000,0.000000,0,nan,0.00,0.050500,0.6903,0.0000,0.026664,0.9437,1.77,5.50,9.04,5.29,0.038785,-2.3641,-1.3000,0.020000,0.107018,-0.3281,-0.078993,-0.145096,-0.112261,-1829.382809983321,-1162.0170278613411,1208.6856036039712,-250.49869463427245,0.249478,-0.038813,6684.6,5936.0,-0.266078,0.021090,1.000000,3.2145,1.0000,,,,,
9.0720,1778843161.616020,689,21.820825,-0.635449,-0.419837,3.1195,-0.3298,-0.285206,21.833037,-0.702218,-0.417591,3.1764,21.847048,-0.654673,-0.422155,3.1904,-0.2787,-0.187221,-0.561948,0.0366,21.847048,-0.754524,-0.370307,4.5244,1.000000,1.611517,244.3943,0,1,clay,1.0000,0.500000,0,0,0.000000,0.000000,0.000000,0,nan,0.00,0.073227,0.6983,0.0000,0.038664,0.9631,2.23,5.46,9.91,5.21,0.014482,-2.5602,-1.3479,0.008000,0.087751,-0.0784,-0.062956,-0.160259,-0.134033,-1828.693658323335,-1123.4826780891694,1172.2300850456454,-342.89433931996643,0.273374,-0.041018,6678.4,5942.1,-0.255359,0.046532,2.000000,3.1961,1.0000,,,,,
9.0840,1778843161.623740,690,21.876668,-0.805827,-0.424983,3.1715,-0.3341,-0.287366,21.863829,-0.726690,-0.421043,3.1731,21.901325,-0.824096,-0.427185,3.1862,-0.2761,-0.188717,-0.542303,0.0481,21.901325,-0.775546,-0.368725,4.4992,1.000000,1.566685,251.1604,0,1,clay,1.0000,0.500000,0,0,0.000000,0.000000,0.000000,0,nan,0.00,0.095954,0.7064,0.0000,0.050664,0.9819,1.98,5.42,9.38,5.23,-0.009990,-2.7580,-1.3262,0.008000,0.065651,-0.6160,-0.049770,-0.153179,-0.136225,-2095.0420592162145,-786.6285558379373,1348.5818333735333,-396.9118408740776,0.284981,-0.042646,6673.1,5947.4,-0.246142,0.042568,1.000000,3.1914,1.0000,,,,,
9.0960,1778843161.635659,691,21.888733,-0.731958,-0.423433,3.2194,-0.2994,-0.290864,21.894485,-0.751328,-0.424536,3.1723,21.912263,-0.749254,-0.425540,3.1921,-0.2683,-0.190465,-0.516327,0.0596,21.912263,-0.779770,-0.368395,4.4940,1.000000,1.522174,242.1752,0,1,clay,1.0000,0.500000,0,0,0.000000,0.000000,0.000000,0,nan,0.00,0.118682,0.7146,0.0000,0.062664,1.0001,1.76,5.39,8.91,5.20,0.062172,-3.3763,-1.3217,0.008000,0.108263,-0.3651,-0.020096,-0.137077,-0.136003,-1972.1008692578314,-996.9508844910631,1414.0865806131324,-491.478374271288,0.294323,-0.046288,6666.3,5954.3,-0.234163,0.038305,1.000000,3.1968,1.0000,,,,,
9.1080,1778843161.695204,692,21.914517,-0.721423,-0.417448,3.1200,-0.3226,-0.306019,21.924983,-0.776217,-0.428104,3.1684,21.936979,-0.737786,-0.419493,3.1774,-0.2653,-0.193525,-0.527919,0.0712,21.936979,-0.789300,-0.367635,4.4819,1.000000,1.510045,246.1918,0,1,clay,1.0000,0.500000,0,0,0.000000,0.000000,0.000000,0,nan,0.00,0.141409,0.7228,0.0000,0.074664,1.0182,1.58,5.47,8.63,5.92,0.037283,-3.5807,-1.3135,0.008000,0.097690,0.2453,-0.021276,-0.143925,-0.152256,-2113.851773160312,-969.9727931165068,1432.21759033617,-524.5056365729399,0.308298,-0.049676,6669.0,5951.6,-0.238839,0.077391,1.000000,3.1819,1.0000,,,,,
9.1320,1778843161.701814,693,21.927094,-0.775423,-0.442978,3.1491,-0.3671,-0.317887,21.985238,-0.827318,-0.435849,3.1755,21.949894,-0.793106,-0.445143,3.1672,-0.2677,-0.193388,-0.448306,0.0836,21.949894,-0.794271,-0.367230,4.4754,1.000000,1.427672,248.8319,0,1,clay,1.0000,0.500000,0,0,0.000000,0.000000,0.000000,0,nan,0.00,0.186863,0.7402,0.0000,0.098664,1.0525,1.71,5.55,8.98,6.03,-0.013818,-4.0244,-1.2999,0.020000,0.056693,-1.0543,-0.009700,-0.155714,-0.165663,-2422.794400940676,-1030.0636917059264,1313.4218382991216,-682.8202070892147,0.328366,-0.051676,6648.9,5971.7,-0.203873,0.094387,0.500000,3.1713,1.0000,,,,,
9.1680,1778843161.708358,694,22.083160,-0.897827,-0.445620,3.2536,-0.4309,-0.297512,22.075840,-0.904094,-0.446608,3.1987,22.106088,-0.915892,-0.447755,3.2028,-0.2920,-0.187609,-0.322601,0.1076,22.106088,-0.853898,-0.362056,4.3889,1.000000,1.249433,237.2260,0,1,clay,1.0000,0.500000,0,0,0.000000,0.000000,0.000000,0,nan,0.00,0.255045,0.7672,0.0000,0.134664,1.0975,1.67,5.58,8.91,5.70,-0.090594,-4.6409,-1.1902,0.008000,0.135404,-0.4165,0.055377,-0.189643,-0.170757,-2028.1298217735916,-449.5188786641401,1719.8369829435126,-736.8435623628984,0.359842,-0.039853,6616.9,6003.7,-0.148043,0.110137,0.666667,3.2057,1.0000,,,,,
9.1800,1778843161.719630,695,22.185500,-0.767314,-0.436567,3.1314,-0.3499,-0.301415,22.106053,-0.930006,-0.450216,3.2089,22.207681,-0.784361,-0.438600,3.1889,-0.2808,-0.181785,-0.282481,0.1432,22.207681,-0.892175,-0.358578,4.3404,1.000000,1.117310,227.2490,0,1,clay,1.0000,0.500000,0,0,0.000000,0.000000,0.000000,0,nan,0.00,0.277773,0.7752,0.0000,0.146664,1.1109,1.49,5.53,8.52,5.30,-0.116506,-4.8476,-1.1315,0.008000,0.100398,0.2470,0.057120,-0.199754,-0.187436,-2193.2351370141027,-818.8498954131701,1554.9393113759202,-865.2723847970601,0.395448,-0.042298,6606.2,6014.4,-0.129449,0.156461,3.000000,3.1914,1.0000,,,,,
9.1920,1778843161.731595,696,22.131062,-0.953785,-0.450628,3.2623,-0.3263,-0.310703,22.136200,-0.956241,-0.453936,3.2191,22.152245,-0.970471,-0.452603,3.2030,-0.2735,-0.184650,-0.248771,0.1549,22.152245,-0.871338,-0.360485,4.3647,1.000000,0.997646,232.6055,0,1,clay,1.0000,0.500000,0,0,0.000000,0.000000,0.000000,0,nan,0.00,0.300500,0.7832,0.0000,0.158664,1.1229,1.34,5.48,8.17,5.19,-0.048241,-5.5478,-1.1456,0.008000,0.065572,-0.2619,0.073132,-0.187585,-0.188981,-1987.870376755646,-911.1121725790124,2073.5534452921047,-979.1196364189854,0.404666,-0.046313,6597.3,6023.3,-0.113898,0.135027,1.000000,3.2051,1.0000,,,,,
9.2040,1778843161.743654,697,22.084727,-1.054753,-0.461845,3.3297,-0.3738,-0.310949,22.166362,-0.982701,-0.457678,3.2323,22.105137,-1.071204,-0.463769,3.2275,-0.2753,-0.187140,-0.206734,0.1666,22.105137,-0.853538,-0.362089,4.3895,1.000000,0.897404,244.3501,0,1,clay,1.0000,0.500000,0,0,0.000000,0.000000,0.000000,0,nan,0.00,0.323227,0.7910,0.0000,0.170664,1.1336,1.23,5.50,7.95,5.60,-0.074701,-5.7622,-1.1572,0.008000,0.153942,-0.9888,0.088737,-0.201062,-0.204174,-2136.806718450889,-667.30943773938,2225.361258176712,-1048.6319991348385,0.416132,-0.046510,6586.3,6034.2,-0.094775,0.133979,1.000000,3.2292,1.0000,,,,,
9.2160,1778843161.796688,698,22.161616,-1.079274,-0.456728,3.2702,-0.3596,-0.311798,22.196473,-1.009454,-0.461521,3.2413,22.181641,-1.095236,-0.458614,3.2356,-0.2736,-0.188238,-0.196552,0.1784,22.181641,-0.882403,-0.359477,4.3510,1.000000,0.843865,241.5390,0,1,clay,1.0000,0.500000,0,0,0.000000,0.000000,0.000000,0,nan,0.00,0.345954,0.7988,0.0000,0.182664,1.1438,1.12,5.55,7.78,5.83,-0.101454,-5.9824,-1.1097,0.008000,0.165161,-1.0246,0.112569,-0.198066,-0.205211,-1607.6948855157093,-704.4303419638748,2247.9310189605203,-1092.4712051653805,0.427864,-0.047767,6583.5,6037.1,-0.089848,0.165732,1.000000,3.2371,1.0000,,,,,
9.2400,1778843161.803050,699,22.251591,-1.081734,-0.474097,3.2118,-0.3575,-0.365990,22.256206,-1.064442,-0.469957,3.2654,22.272208,-1.098925,-0.476180,3.2279,-0.2639,-0.194724,-0.125060,0.1908,22.272208,-0.916276,-0.356329,4.3226,1.000000,0.739459,242.7417,0,1,clay,1.0000,0.500000,0,0,0.000000,0.000000,0.000000,0,nan,0.00,0.391409,0.8144,0.0000,0.206664,1.1615,1.28,5.56,8.13,5.63,-0.156442,-6.4658,-1.0572,0.008000,0.108098,-0.5509,0.106514,-0.195000,-0.227560,-1196.0596414116242,-1137.968464786508,2547.2555397212077,-1276.1724089788308,0.448832,-0.059232,6565.4,6055.2,-0.058242,0.207043,0.500000,3.2289,1.0000,,,,,
9.2640,1778843161.809186,700,22.342673,-1.146856,-0.480184,3.3116,-0.4018,-0.305271,22.316852,-1.119238,-0.477680,3.3085,22.365275,-1.165671,-0.482329,3.2554,-0.2607,-0.174553,-0.032072,0.2155,22.365275,-0.950742,-0.353003,4.3172,1.000000,0.593264,240.2399,0,1,clay,1.0000,0.500000,0,0,0.000000,0.000000,0.000000,0,nan,0.00,0.436863,0.8292,0.0000,0.230664,1.1757,1.63,5.53,8.80,5.36,-0.211238,-6.9083,-1.0086,nan,nan,nan,nan,nan,nan,-95.89867747937006,-972.9287140116169,2707.583818095494,-1254.4857509348908,0.471461,-0.051638,6541.7,6078.8,-0.017044,0.191913,1.000000,3.2558,1.0000,,,,,
9.2760,1778843161.815429,701,22.327645,-1.181412,-0.492947,3.3577,-0.3245,-0.298714,22.347593,-1.146449,-0.481254,3.3256,22.349196,-1.199616,-0.494966,3.2755,-0.2516,-0.171467,0.010060,0.2391,22.349196,-0.944813,-0.353585,4.3168,1.000000,0.481663,247.3311,0,1,clay,1.0000,0.500000,0,0,0.000000,0.000000,0.000000,0,nan,0.00,0.459591,0.8360,0.0000,0.242664,1.1815,1.45,5.47,8.37,5.12,-0.238449,-7.1131,-0.9913,0.008000,0.084364,-1.5144,0.104930,-0.187926,-0.217231,-406.34343916706723,-1096.6263254614757,2729.075446355702,-1252.5408757057703,0.489387,-0.052375,6530.7,6089.9,0.002234,0.183837,2.000000,3.2755,1.0000,,,,,
9.2880,1778843161.827635,702,22.336479,-1.119316,-0.490570,3.3603,-0.3221,-0.307095,22.378409,-1.173884,-0.484888,3.3421,22.357343,-1.136746,-0.492509,3.2922,-0.2460,-0.172659,0.040555,0.2508,22.357343,-0.947818,-0.353291,4.3170,1.000000,0.386159,227.0380,0,1,clay,1.0000,0.500000,0,0,0.000000,0.000000,0.000000,0,nan,0.00,0.482318,0.8427,0.0000,0.254664,1.1862,1.31,5.43,8.05,5.22,-0.173884,-7.8432,-0.9748,0.008000,0.200486,-1.9361,0.131255,-0.195525,-0.234050,-958.3400734382626,-731.856971166306,2991.8146177761505,-1247.0140187895258,0.497094,-0.053934,6522.7,6097.9,0.016187,0.185272,1.000000,3.2919,1.0000,,,,,
9.3000,1778843161.839670,703,22.329303,-1.230766,-0.492761,3.3601,-0.3310,-0.301273,22.409321,-1.201495,-0.488538,3.3606,22.349550,-1.247666,-0.494626,3.3057,-0.2425,-0.172294,0.079378,0.2625,22.349550,-0.944943,-0.353572,4.3169,1.000000,0.285713,239.3452,0,1,clay,1.0000,0.500000,0,0,0.000000,0.000000,0.000000,0,nan,0.00,0.505045,0.8491,0.0000,0.266664,1.1896,1.19,5.40,7.79,5.22,-0.201495,-8.0523,-0.9563,0.008000,0.110437,-1.2429,0.126972,-0.203820,-0.246031,-819.7891637862278,-1216.5770624083711,3074.5730560780426,-1227.4813941489324,0.505639,-0.054080,6512.6,6107.9,0.033716,0.184596,1.000000,3.3051,1.0000,,,,,
9.3120,1778843161.895369,704,22.538378,-1.282645,-0.494782,3.4083,-0.3719,-0.359713,22.439942,-1.229864,-0.492642,3.3701,22.558022,-1.299247,-0.496657,3.3260,-0.2465,-0.180846,0.124613,0.2742,22.558022,-1.020975,-0.345765,4.3292,1.000000,0.197357,243.6302,0,1,clay,1.0000,0.500000,0,0,0.000000,0.000000,0.000000,0,nan,0.00,0.527773,0.8552,0.0000,0.278664,1.1920,1.08,5.47,7.64,5.85,-0.229864,-8.2875,-0.9592,0.008000,0.171184,-0.7047,0.118211,-0.200636,-0.246004,-1140.6501717354809,-1062.2219351288431,3521.102059105932,-1135.0330298848528,0.521519,-0.057464,6501.0,6119.6,0.054066,0.170100,1.000000,3.3251,1.0000,,,,,
9.3360,1778843161.901765,705,22.508312,-1.165391,-0.509183,3.3837,-0.2082,-0.293926,22.502205,-1.286072,-0.499992,3.4151,22.529128,-1.182754,-0.511056,3.3457,-0.1972,-0.165071,0.209956,0.2866,22.529128,-1.010548,-0.346884,4.3287,1.000000,0.051072,213.7469,0,1,clay,1.0000,0.500000,0,0,0.000000,0.000000,0.000000,0,nan,0.00,0.573227,0.8670,0.0000,0.302664,1.1932,1.25,5.52,8.02,5.81,-0.286072,-8.7086,-0.9136,0.020000,0.139130,-1.8189,0.128140,-0.150476,-0.238215,598.077063550568,-1192.694622787943,3301.984387133996,-1330.6120665265737,0.514804,-0.067073,6479.2,6141.4,0.092009,0.185078,0.500000,3.3441,1.0000,,,,,
9.3600,1778843161.908034,706,22.571577,-1.279818,-0.499323,3.5683,-0.3093,-0.263966,22.565827,-1.341515,-0.506416,3.4542,22.595112,-1.298447,-0.501168,3.4192,-0.1835,-0.137514,0.271674,0.3113,22.595112,-1.034306,-0.344308,4.3281,1.000000,-0.118323,201.0020,0,1,clay,1.0000,0.500000,0,0,0.000000,0.000000,0.000000,0,nan,0.00,0.618682,0.8775,0.0000,0.326664,1.1903,1.57,5.47,8.61,5.21,-0.341515,-9.0767,-0.8739,0.020000,0.042836,-0.2103,0.201429,-0.160295,-0.232174,13.832934403509942,-1078.550918139419,3397.287299879882,-1168.7365828654388,0.527213,-0.057817,6463.3,6157.3,0.119759,0.147323,1.000000,3.4168,1.0000,,,,,
9.3720,1778843161.913713,707,22.607038,-1.374366,-0.511581,3.5008,-0.2873,-0.255817,22.598004,-1.369215,-0.509491,3.4733,22.631232,-1.393657,-0.513369,3.4357,-0.1710,-0.121696,0.296374,0.3356,22.631232,-1.393657,0.089787,4.3247,1.000000,-0.238038,223.2595,0,1,clay,1.0000,0.500000,0,0,0.000000,0.000000,0.000000,0,nan,0.00,0.641409,0.8822,0.0000,0.338664,1.1875,1.71,5.41,8.83,5.08,-0.369215,-9.2529,-0.8514,0.008000,0.023573,-0.6759,0.180825,-0.167880,-0.229727,-195.14504995772506,-875.7943047363008,3264.3512611295864,-1117.0027420241117,0.545595,-0.054850,6456.6,6163.9,0.131325,0.165762,2.000000,3.4331,1.0000,,,,,
9.3840,1778843161.923710,708,22.611041,-1.425091,-0.517286,3.3749,-0.2647,-0.254792,22.630333,-1.397049,-0.512566,3.4915,22.634014,-1.443516,-0.518962,3.4245,-0.1671,-0.120040,0.319091,0.3472,22.634014,-1.443516,0.164261,4.3243,1.000000,-0.307356,239.8410,0,1,clay,1.0000,0.500000,0,0,0.000000,0.000000,0.000000,0,nan,0.00,0.664136,0.8866,0.0000,0.350664,1.1838,1.54,5.39,8.47,5.27,-0.307749,-10.0038,-0.8328,0.008000,0.023807,-0.2964,0.145245,-0.168229,-0.230410,-300.8082016116978,-781.108556038404,3428.5691889662817,-1096.1867748398058,0.550000,-0.054027,6450.6,6169.9,0.141783,0.198465,1.000000,3.4218,1.0000,,,,,
9.3960,1778843161.935548,709,22.664286,-1.389902,-0.511004,3.5482,-0.3568,-0.256499,22.662821,-1.425007,-0.515623,3.5098,22.686644,-1.407646,-0.512597,3.4491,-0.1793,-0.119261,0.342363,0.3588,22.686644,-1.407646,0.080744,4.3139,1.000000,-0.384381,221.5168,0,1,clay,1.0000,0.500000,0,0,0.000000,0.000000,0.000000,0,nan,0.00,0.686863,0.8906,0.0000,0.362664,1.1792,1.39,5.37,8.15,5.24,-0.335707,-10.1789,-0.8040,0.008000,0.066684,-0.0705,0.150000,-0.186300,-0.229274,-289.80031259600366,-872.4452900933352,3553.454635021398,-968.0116599101375,0.550000,-0.047846,6444.6,6175.9,0.152275,0.160576,1.000000,3.4463,1.0000,,,,,
9.4080,1778843161.992222,710,22.733482,-1.469374,-0.520366,3.5398,-0.3499,-0.279165,22.695435,-1.453176,-0.518723,3.5389,22.754978,-1.486856,-0.521919,3.4673,-0.1883,-0.122155,0.373786,0.3706,22.754978,-1.486856,-0.177937,4.2893,1.000000,-0.442165,235.1709,0,1,clay,1.0000,0.500000,0,0,0.000000,0.000000,0.000000,0,nan,0.00,0.709591,0.8943,0.0000,0.374664,1.1739,1.26,5.42,7.94,5.72,-0.363876,-10.3566,-0.7504,0.008000,0.119519,-0.4876,0.150721,-0.200054,-0.233985,-251.4998998131516,-362.0967146206086,3740.8564563984273,-888.9433853841408,0.550000,-0.045487,6436.5,6184.0,0.166380,0.179398,1.000000,3.4644,1.0000,,,,,
9.4320,1778843161.998510,711,22.777490,-1.572359,-0.529421,3.6080,-0.1799,-0.308519,22.760196,-1.511072,-0.525863,3.5587,22.800225,-1.590712,-0.531076,3.5140,-0.1423,-0.121280,0.367333,0.3829,22.800225,-1.590712,-0.117847,4.2658,1.000000,-0.405035,248.2202,0,1,clay,1.0000,0.500000,0,0,0.000000,0.000000,0.000000,0,nan,0.00,0.755045,0.9009,0.0000,0.398664,1.1642,1.40,5.49,8.29,5.85,-0.421772,-10.7657,-0.7071,0.020000,0.082564,-0.8411,0.172477,-0.156167,-0.244816,338.5775931085991,-1084.685258757319,4107.186728669098,-1115.8502628604592,0.550000,-0.062354,6438.0,6182.5,0.163797,0.159256,0.500000,3.5109,1.0000,,,,,
9.4560,1778843162.004864,712,22.742286,-1.590956,-0.535876,3.6079,-0.1952,-0.305336,22.825278,-1.569801,-0.533177,3.5909,22.767402,-1.611023,-0.537647,3.5459,-0.1055,-0.107588,0.387683,0.4076,22.767402,-1.611023,-0.101154,4.2833,1.000000,-0.466517,235.0117,0,1,clay,1.0000,0.500000,0,0,0.000000,0.000000,0.000000,0,nan,0.00,0.800500,0.9062,0.0000,0.422664,1.1530,1.75,5.46,8.96,5.31,-0.480501,-11.1847,-0.6924,0.020000,0.212022,-0.4763,0.175641,-0.170087,-0.276237,1697.548252552408,-1266.1348622603782,4003.0661206884465,-1249.8292661700668,0.550000,-0.071595,6432.9,6187.7,0.172783,0.163836,1.000000,3.5424,1.0000,,,,,
9.4680,1778843162.010648,713,22.907735,-1.603357,-0.540978,3.6053,-0.2026,-0.253856,22.858358,-1.598760,-0.536443,3.6058,22.934444,-1.624481,-0.542723,3.5583,-0.0865,-0.088103,0.389553,0.4322,22.934444,-1.624481,-0.139547,4.1895,0.238263,-0.526528,226.6003,0,1,clay,1.0000,0.500000,0,0,0.000000,0.000000,0.000000,0,nan,0.00,0.805915,0.9085,0.0000,0.425523,1.1466,2.02,5.40,9.43,5.03,-0.509460,-11.3719,-0.5838,0.008000,0.110500,-1.4930,0.108222,-0.207102,-0.307408,2178.0769562554674,-1404.968004706134,3425.4451266081123,-1294.0648381195515,0.550000,-0.070114,6432.2,6188.4,0.173958,0.165241,2.000000,3.5545,1.0000,,,,,
9.4800,1778843162.019756,714,22.894628,-1.574468,-0.536292,3.7055,-0.3037,-0.236231,22.891881,-1.627148,-0.539302,3.6152,22.920203,-1.594578,-0.537918,3.5876,-0.1052,-0.090871,0.418373,0.4277,22.920203,-1.594578,-0.158933,4.1965,-1.000000,-0.555926,213.0495,0,1,clay,1.0000,0.500000,0,0,0.000000,0.000000,0.000000,0,nan,0.00,0.783188,0.9105,0.0000,0.413523,1.1400,1.80,5.38,8.98,5.26,-0.451548,-12.1917,-0.5813,0.008000,0.026612,-0.6161,0.118430,-0.214669,-0.272075,2896.4503345282137,-890.1065817929018,3414.262743221916,-1165.7310417523777,0.550000,-0.061496,6424.8,6195.8,0.186819,0.143434,0.238263,3.5838,1.0000,,,,,
9.4920,1778843162.031771,715,22.926286,-1.653927,-0.547800,3.6753,-0.1635,-0.207064,22.925821,-1.655085,-0.541848,3.6285,22.950815,-1.673366,-0.549289,3.6052,-0.0982,-0.089718,0.426710,0.4049,22.950815,-1.673366,-0.298349,4.1822,1.000000,-0.574017,213.4553,0,1,clay,1.0000,0.500000,0,0,0.000000,0.000000,0.000000,0,nan,0.00,0.805915,0.9122,0.0000,0.425523,1.1331,1.62,5.42,8.67,5.70,-0.479485,-12.3376,-0.5538,0.008000,0.016015,-0.9645,0.145056,-0.209178,-0.287428,2914.9542459512204,-891.8823565571663,3003.37454416537,-1159.3343393530206,0.550000,-0.059574,6422.7,6197.9,0.190525,0.146465,-1.000000,3.6015,1.0000,,,,,
9.5040,1778843162.091124,716,23.030158,-1.680065,-0.540739,3.6191,-0.2058,-0.196948,22.960061,-1.682737,-0.544206,3.6349,23.054158,-1.698588,-0.542096,3.6085,-0.0936,-0.080341,0.428205,0.4339,23.054158,-1.698588,-0.115989,4.1615,1.000000,-0.599894,225.0329,0,1,clay,1.0000,0.500000,0,0,0.000000,0.000000,0.000000,0,nan,0.00,0.828642,0.9137,0.0000,0.437523,1.1259,1.46,5.51,8.43,5.97,-0.507137,-12.4727,-0.5266,0.008000,0.094311,-0.9291,0.121578,-0.190891,-0.249005,2406.958211640622,-753.4746769462506,3456.3394481048776,-1097.5506217594204,0.550000,-0.055019,6422.3,6198.3,0.191184,0.134066,1.000000,3.6049,1.0000,,,,,
9.5280,1778843162.097714,717,22.930343,-1.745112,-0.544242,3.6304,-0.0800,-0.194827,23.029138,-1.738213,-0.549051,3.6732,22.955855,-1.763996,-0.545471,3.6168,-0.0425,-0.055536,0.415597,0.4463,22.955855,-1.763996,-0.255119,4.1802,-1.000000,-0.604632,225.7684,0,1,clay,1.0000,0.500000,0,0,0.000000,0.000000,0.000000,0,nan,0.00,0.783188,0.9157,0.0000,0.413523,1.1114,1.62,5.55,8.79,5.82,-0.562613,-12.7503,-0.5069,0.020000,0.118215,-0.5791,0.108455,-0.133578,-0.236681,1698.6772216907186,-891.8048351962434,3532.8734585339316,-1178.1314509468957,0.550000,-0.059765,6425.4,6195.2,0.185817,0.172000,0.500000,3.6132,1.0000,,,,,
9.5640,1778843162.104026,718,23.119303,-1.799894,-0.556632,3.6418,-0.0603,-0.136072,23.134999,-1.818977,-0.554568,3.6929,23.144587,-1.818095,-0.557572,3.6291,-0.0088,-0.035450,0.465275,0.4050,23.144587,-1.818095,-0.269461,4.1678,0.402137,-0.623110,239.5218,0,1,clay,1.0000,0.500000,0,0,0.000000,0.000000,0.000000,0,nan,0.00,0.810606,0.9168,0.0000,0.428000,1.0889,1.51,5.50,8.52,5.23,-0.560377,-13.7393,-0.4749,0.008000,0.063807,-0.4713,0.040490,-0.150674,-0.237384,3075.8600505538143,-698.4342222472025,2838.832229549072,-1112.395874321307,0.533184,-0.054509,6412.8,6207.7,0.207724,0.162373,-0.666667,3.6251,1.0000,,,,,
9.5760,1778843162.115471,719,23.173372,-1.891495,-0.567453,3.6577,-0.0896,-0.123610,23.170939,-1.845234,-0.556002,3.7042,23.197495,-1.909010,-0.568264,3.6352,-0.0023,-0.026151,0.459533,0.4313,23.197495,-1.909010,-0.360947,4.1693,0.000000,-0.654919,252.9048,0,1,clay,1.0000,0.500000,0,0,0.000000,0.000000,0.000000,0,nan,0.00,0.810606,0.9169,0.0000,0.428000,1.0811,1.34,5.47,8.15,5.26,-0.586634,-13.8215,-0.4651,0.008000,0.083623,-0.9121,0.034210,-0.166812,-0.239963,2642.7515914721753,-478.0480096806466,3122.606875088039,-1054.6159427435707,0.539599,-0.050369,6414.3,6206.3,0.205154,0.156288,1.206411,3.6314,1.0000,,,,,
9.5880,1778843162.127592,720,23.110711,-1.888167,-0.559808,3.6689,-0.1586,-0.104816,23.207156,-1.871305,-0.557325,3.7137,23.134167,-1.904856,-0.560514,3.6424,-0.0131,-0.020507,0.461756,0.4280,23.134167,-1.904856,-0.349428,4.1670,-0.000000,-0.699495,236.0161,0,1,clay,1.0000,0.500000,0,0,0.000000,0.000000,0.000000,0,nan,0.00,0.810606,0.9168,0.0000,0.428000,1.0727,1.21,5.43,7.86,5.25,-0.612705,-13.8973,-0.4532,0.008000,0.136882,-0.7336,0.009301,-0.169662,-0.227669,3192.0536084394607,-546.5625485203627,2879.974269757062,-909.3695310044911,0.535102,-0.041640,6413.7,6206.8,0.206165,0.156763,0.000000,3.6387,1.0000,,,,,
9.6000,1778843162.139680,721,23.242176,-1.961267,-0.567837,3.7273,-0.0003,-0.090903,23.243692,-1.897062,-0.558477,3.7205,23.265115,-1.977491,-0.568441,3.6593,0.0056,-0.013011,0.442382,0.4280,23.265115,-1.977491,-0.348476,4.1568,0.000000,-0.615865,262.3923,0,1,clay,1.0000,0.500000,0,0,0.000000,0.000000,0.000000,0,nan,0.00,0.810606,0.9165,0.0000,0.428000,1.0653,1.12,5.43,7.67,5.40,-0.638462,-13.9633,-0.4363,0.008000,0.079145,-0.5487,0.007987,-0.158294,-0.223431,3049.5327189281916,-511.1920840912939,2847.218585596866,-925.512134489024,0.521706,-0.041626,6418.6,6202.0,0.197698,0.141444,-0.000000,3.6558,1.0000,,,,,
9.6120,1778843162.191888,722,23.261165,-1.971869,-0.557149,3.7135,-0.0441,-0.073085,23.280511,-1.922499,-0.559413,3.7260,23.283918,-1.987336,-0.557652,3.6698,0.0132,-0.004217,0.364486,0.4280,23.283918,-1.987336,-0.337547,4.1494,-1.000000,-0.484407,241.3889,0,1,clay,1.0000,0.500000,0,0,0.000000,0.000000,0.000000,0,nan,0.00,0.787879,0.9161,0.0000,0.416000,1.0595,1.03,5.52,7.59,6.04,-0.663899,-14.0169,-0.4234,0.008000,0.113266,-0.4022,0.015703,-0.119754,-0.177187,2417.9440099328167,-560.5833511410632,2800.5136253136016,-908.872166017047,0.511837,-0.037732,6438.5,6182.1,0.162972,0.147217,0.000000,3.6670,1.0000,,,,,
9.6360,1778843162.198497,723,23.314749,-1.886863,-0.554360,3.7016,0.0855,-0.032978,23.355219,-1.971985,-0.560398,3.7395,23.339853,-1.902775,-0.554643,3.6817,0.0669,0.026172,0.424213,0.4079,23.339853,-1.902775,-0.259286,4.1198,-0.647287,-0.495181,204.8602,0,1,clay,1.0000,0.500000,0,0,0.000000,0.000000,0.000000,0,nan,0.00,0.758457,0.9147,0.0000,0.400465,1.0476,1.28,5.54,8.10,5.68,-0.713385,-14.0734,-0.3804,0.008000,0.094669,-0.1911,0.019870,-0.114078,-0.196790,2733.048666401881,-248.78071720896213,2702.2926329662396,-874.3193859552205,0.469644,-0.037923,6423.5,6197.0,0.189033,0.153373,-0.500000,3.6782,1.0000,,,,,
9.6600,1778843162.204683,724,23.461633,-2.018774,-0.568789,3.7760,0.0449,-0.045328,23.430834,-2.021232,-0.561393,3.7716,23.489569,-2.036419,-0.568921,3.7140,0.0947,0.047308,0.453510,0.3947,23.489569,-2.036419,-0.354152,4.0369,1.000000,-0.556556,214.9594,0,1,clay,1.0000,0.500000,0,0,0.000000,0.000000,0.000000,0,nan,0.00,0.803911,0.9127,0.0000,0.424465,1.0342,1.68,5.49,8.85,5.17,-0.682932,-14.8696,-0.2653,nan,nan,nan,nan,nan,nan,2349.3415786156947,-389.3147658254868,2656.1130380315108,-826.5360063467849,0.438807,-0.036096,6416.0,6204.6,0.202187,0.133841,-0.647287,3.7099,1.0000,,,,,
9.6720,1778843162.211481,725,23.381315,-2.181418,-0.572556,3.7536,-0.0059,-0.040875,23.468928,-2.045824,-0.561876,3.7820,23.408009,-2.198268,-0.572612,3.7223,0.0983,0.056582,0.453546,0.4329,23.408009,-2.198268,-0.387080,4.0777,-1.000000,-0.429207,260.5780,0,1,clay,1.0000,0.500000,0,0,0.000000,0.000000,0.000000,0,nan,0.00,0.781184,0.9117,0.0000,0.412465,1.0291,1.50,5.44,8.44,5.16,-0.707524,-14.8973,-0.2957,0.008000,0.179026,-0.6554,0.042721,-0.120007,-0.182068,2495.7290153243985,-362.5730592993714,2776.977082284127,-753.0495475053667,0.459015,-0.032372,6415.9,6204.7,0.202342,0.139641,2.000000,3.7184,1.0000,,,,,
9.6840,1778843162.223656,726,23.550383,-2.039323,-0.571440,3.8554,0.0904,-0.030191,23.507289,-2.070226,-0.562235,3.7927,23.576362,-2.055504,-0.571470,3.7487,0.1064,0.053741,0.457740,0.4043,23.576362,-2.055504,-0.360073,4.0240,1.000000,-0.472818,229.6291,0,1,clay,1.0000,0.500000,0,0,0.000000,0.000000,0.000000,0,nan,0.00,0.803911,0.9106,0.0000,0.424465,1.0234,1.36,5.41,8.14,5.28,-0.731926,-14.9179,-0.2313,0.008000,0.084588,-0.0321,0.063731,-0.104328,-0.182850,2321.68437994708,-341.2045959046825,2655.8636422164705,-772.7478338323738,0.437951,-0.033256,6415.2,6205.4,0.203657,0.113615,-1.000000,3.7449,1.0000,,,,,
9.6960,1778843162.235663,727,23.649042,-2.120302,-0.563131,3.8252,0.0138,-0.021155,23.545948,-2.094376,-0.562424,3.8050,23.674528,-2.135753,-0.563094,3.7641,0.1087,0.062438,0.455940,0.4324,23.674528,-2.135753,-0.337903,4.0318,1.000000,-0.531782,224.2459,0,1,clay,1.0000,0.500000,0,0,0.000000,0.000000,0.000000,0,nan,0.00,0.826638,0.9094,0.0000,0.436465,1.0170,1.25,5.38,7.88,5.16,-0.756076,-14.9287,-0.2268,0.008000,0.209855,-0.0325,0.071915,-0.097309,-0.170744,2304.4022342684234,-247.12602064509903,2891.8569728981215,-694.1033604546146,0.445956,-0.029284,6415.5,6205.0,0.202968,0.125835,1.000000,3.7604,1.0000,,,,,
9.7080,1778843162.290021,728,23.522704,-2.035824,-0.560217,3.7710,0.0570,0.032255,23.585054,-2.117949,-0.562191,3.7981,23.547595,-2.050523,-0.560064,3.7654,0.1161,0.075694,0.377659,0.4441,23.547595,-2.050523,-0.349147,4.0250,1.000000,-0.461763,210.2791,0,1,clay,1.0000,0.500000,0,0,0.000000,0.000000,0.000000,0,nan,0.00,0.849366,0.9081,0.0000,0.448465,1.0115,1.15,5.46,7.76,5.93,-0.779649,-14.9153,-0.2269,0.008000,0.148740,0.5458,0.058997,-0.101411,-0.161614,2390.9907139255874,-99.60940797247108,2871.116377810542,-612.9653584276489,0.448213,-0.023702,6435.3,6185.3,0.168553,0.133874,1.000000,3.7625,1.0000,,,,,
9.7320,1778843162.296543,729,23.624624,-2.204235,-0.559190,3.8838,0.1140,0.031119,23.664367,-2.164186,-0.561180,3.8357,23.651594,-2.219443,-0.558822,3.8052,0.1505,0.102916,0.415694,0.4566,23.651594,-2.219443,-0.386797,4.0295,-1.000000,-0.403861,211.0218,0,1,clay,1.0000,0.500000,0,0,0.000000,0.000000,0.000000,0,nan,0.00,0.803911,0.9051,0.0000,0.424465,1.0018,1.34,5.53,8.20,5.94,-0.749986,-15.6618,-0.1938,0.020000,0.037505,-0.0640,0.095631,-0.084827,-0.153246,1270.9504027728142,120.25048276512769,3081.220348162481,-539.9727908938096,0.442365,-0.021039,6425.7,6194.8,0.185202,0.105994,0.500000,3.8018,1.0000,,,,,
9.7560,1778843162.302999,730,23.781389,-2.275997,-0.566964,3.8586,0.0215,-0.006676,23.743332,-2.212002,-0.561249,3.8561,23.811090,-2.293068,-0.566520,3.8241,0.1431,0.106831,0.431638,0.4155,23.811090,-2.293068,-0.389343,4.0229,1.000000,-0.344819,248.8910,0,1,clay,1.0000,0.500000,0,0,0.000000,0.000000,0.000000,0,nan,0.00,0.849366,0.9020,0.0000,0.448465,0.9935,1.71,5.48,8.90,5.17,-0.797802,-15.6657,-0.1668,0.020000,0.225124,-0.8559,0.096137,-0.124577,-0.165191,125.27087752907502,-511.8642984224906,2649.973358253978,-441.58289940057165,0.419444,-0.016938,6421.7,6198.8,0.192181,0.116430,-1.000000,3.8202,1.0000,,,,,
9.7680,1778843162.308683,731,23.708488,-2.272127,-0.555848,3.8680,0.0399,0.004971,23.783047,-2.235996,-0.561220,3.8721,23.738231,-2.288643,-0.555346,3.8335,0.1504,0.117822,0.454318,0.4573,23.738231,-2.288643,-0.375792,4.0342,1.000000,-0.423005,222.8580,0,1,clay,1.0000,0.500000,0,0,0.000000,0.000000,0.000000,0,nan,0.00,0.872093,0.9005,0.0000,0.460465,0.9885,1.70,5.43,8.82,5.13,-0.821796,-15.6641,-0.1622,0.008000,0.114835,0.4780,0.070143,-0.157724,-0.195379,357.8092864455224,-260.38856120353364,2753.489817313054,-401.61782635321595,0.442007,-0.015217,6416.1,6204.4,0.201948,0.113015,2.000000,3.8295,1.0000,,,,,
9.7800,1778843162.319697,732,23.811924,-2.291765,-0.565776,3.9200,0.1348,0.012642,23.823004,-2.259924,-0.561090,3.8848,23.840443,-2.307778,-0.565271,3.8509,0.1647,0.119647,0.462558,0.4690,23.840443,-2.307778,-0.387940,4.0148,1.000000,-0.434195,231.3478,0,1,clay,1.0000,0.500000,0,0,0.000000,0.000000,0.000000,0,nan,0.00,0.894820,0.8989,0.0000,0.472465,0.9832,1.53,5.39,8.45,5.22,-0.845724,-15.6566,-0.1299,0.008000,0.122733,0.0675,0.079380,-0.163454,-0.223533,315.81540561343684,-88.723508635893,2934.3112130683903,-465.6240655204508,0.447488,-0.017908,6413.9,6206.7,0.205821,0.099367,1.000000,3.8470,1.0000,,,,,
9.7920,1778843162.331637,733,23.887495,-2.231569,-0.560867,3.8283,0.0187,0.007742,23.863103,-2.283949,-0.560980,3.9003,23.914931,-2.246847,-0.560369,3.8473,0.1568,0.120368,0.475994,0.4806,23.914931,-2.246847,-0.398389,3.9912,1.000000,-0.493873,204.0510,0,1,clay,1.0000,0.500000,0,0,0.000000,0.000000,0.000000,0,nan,0.00,0.917548,0.8973,0.0000,0.484465,0.9773,1.38,5.38,8.14,5.29,-0.869749,-15.6503,-0.0909,0.008000,0.018143,0.2996,0.048952,-0.111678,-0.159180,152.20076588187737,-110.49026865072415,2974.571137073713,-394.76421911200373,0.460427,-0.014732,6410.5,6210.0,0.211732,0.117629,1.000000,3.8434,1.0000,,,,,
9.8040,1778843162.388551,734,23.951202,-2.329240,-0.552939,3.8929,0.1164,0.003647,23.903289,-2.308163,-0.560944,3.9184,23.977954,-2.343751,-0.552452,3.8568,0.1673,0.120802,0.487965,0.4923,23.977954,-2.343751,-0.375540,3.9744,1.000000,-0.515679,210.4085,0,1,clay,1.0000,0.500000,0,0,0.000000,0.000000,0.000000,0,nan,0.00,0.940275,0.8955,0.0000,0.496465,0.9711,1.25,5.44,7.95,5.81,-0.821863,-16.4755,-0.0560,0.008000,0.053665,0.2241,0.043291,-0.115703,-0.164274,-99.9801003016525,-146.99428442580657,3009.026167473317,-454.60613702622015,0.468640,-0.017386,6407.4,6213.2,0.217174,0.124487,1.000000,3.8530,1.0000,,,,,
9.8280,1778843162.394929,735,23.940190,-2.370106,-0.555258,3.9561,0.0990,-0.010773,23.983540,-2.357593,-0.561439,3.9363,23.968510,-2.385403,-0.554731,3.8905,0.1850,0.127113,0.495203,0.5047,23.968510,-2.385403,-0.419872,3.9764,1.000000,-0.502633,202.8739,0,1,clay,1.0000,0.500000,0,0,0.000000,0.000000,0.000000,0,nan,0.00,0.985729,0.8916,0.0000,0.520465,0.9591,1.41,5.50,8.31,5.78,-0.871293,-16.5038,-0.0401,0.020000,0.152285,-0.1583,0.083241,-0.114874,-0.182438,851.7321662709575,-336.5079145922307,3357.5853459103378,-546.4300241824394,0.479032,-0.021446,6405.5,6215.1,0.220532,0.104548,0.500000,3.8864,1.0000,,,,,
9.8520,1778843162.401211,736,24.046259,-2.418896,-0.563411,3.9913,0.1191,0.018738,24.064801,-2.406182,-0.561192,3.9228,24.077431,-2.435606,-0.562695,3.9250,0.2124,0.150069,0.504115,0.5295,24.077431,-2.435606,-0.425787,3.9669,0.313954,-0.463440,216.4628,0,1,clay,1.0000,0.500000,0,0,0.000000,0.000000,0.000000,0,nan,0.00,1.000000,0.8875,0.0000,0.528000,0.9479,1.75,5.46,8.96,5.24,-0.919882,-16.4897,-0.0440,0.020000,0.060374,-0.8526,0.073638,-0.124044,-0.194172,1610.1496126185561,-56.868349263091375,3148.2576694680083,-556.7385807232816,0.496470,-0.021567,6403.2,6217.4,0.224581,0.037676,1.000000,3.9204,1.0000,,,,,
9.8640,1778843162.406920,737,24.198908,-2.426203,-0.556666,3.6000,0.0348,0.071633,24.103963,-2.428238,-0.560202,3.6010,24.231845,-2.443293,-0.555743,3.8625,0.2113,0.169105,0.425905,0.5310,24.231845,-2.443293,-0.371901,3.9719,0.000000,-0.328694,222.9294,0,1,clay,1.0000,0.500000,0,0,0.000000,0.000000,0.000000,0,nan,0.00,1.000000,0.8856,0.0000,0.528000,0.9440,2.06,5.41,9.54,5.16,-0.941938,-16.4330,-0.3708,0.008000,0.066415,-0.0475,-0.008870,-0.131744,-0.188349,429.71378172358635,123.97788354489695,3312.454630680347,-366.9598045667651,0.500873,-0.013278,6423.0,6197.6,0.190014,0.143257,0.627908,3.8584,1.0000,,,,,
9.8760,1778843162.415692,738,24.158727,-2.489261,-0.559940,3.3687,0.0484,0.171404,24.141298,-2.445864,-0.557516,3.3148,24.189284,-2.504905,-0.558866,3.7668,0.1985,0.183527,0.352485,0.5280,24.189284,-2.504905,-0.410614,3.9723,0.000000,-0.167111,242.0825,0,1,clay,1.0000,0.500000,0,0,0.000000,0.000000,0.000000,0,nan,0.00,1.000000,0.8836,0.0000,0.528000,0.9420,1.84,5.38,9.05,5.21,-0.891564,-17.1819,-0.6576,0.008000,0.081614,-0.9383,-0.115333,-0.151673,-0.176025,367.51534281809774,793.7243361825391,2882.0623906247906,71.84775835434897,0.489055,0.001596,6441.9,6178.6,0.156953,0.222415,0.000000,3.7636,1.0000,,,,,
9.8880,1778843162.427667,739,24.166464,-2.439868,-0.553766,3.1510,0.0224,0.390852,24.178024,-2.459856,-0.553384,3.1717,24.195144,-2.453507,-0.552272,3.6475,0.1831,0.226929,0.282796,0.5280,24.195144,-2.453507,-0.407353,3.9725,0.000000,0.104505,275.0795,0,1,clay,1.0000,0.500000,0,0,0.000000,0.000000,0.000000,0,nan,0.00,1.000000,0.8819,0.0000,0.528000,0.9432,1.64,5.35,8.63,5.18,-0.905556,-16.9452,-0.8007,0.008000,0.048277,-0.0263,-0.252147,-0.185568,-0.135915,21.288440992914083,920.3003328937768,3443.454910431851,1326.3478269260086,0.461401,0.035591,6460.0,6160.6,0.125504,0.266237,0.000000,3.6450,1.0000,,,,,
9.9000,1778843162.486724,740,24.177419,-2.440671,-0.555671,2.9912,0.0619,0.455722,24.214940,-2.471144,-0.548091,3.0957,24.204404,-2.452663,-0.553781,3.5203,0.1771,0.271320,0.218737,0.5280,24.204404,-2.452663,-0.404437,3.9725,0.000000,0.174607,271.7016,0,1,clay,1.0000,0.500000,0,0,0.000000,0.000000,0.000000,0,nan,0.00,1.000000,0.8802,0.0000,0.528000,0.9453,1.48,5.42,8.38,5.82,-0.916844,-16.6419,-0.8769,0.008000,0.084200,-0.4205,-0.376377,-0.182597,-0.082208,81.78410030524587,756.8728275824469,3420.3169478547475,2397.4735562978417,0.429261,0.069076,6476.8,6143.8,0.096197,0.292748,0.000000,3.5185,1.0000,,,,,
9.9240,1778843162.493116,741,24.286760,-2.450159,-0.542658,3.0888,0.0988,0.473628,24.289431,-2.492001,-0.536876,3.1187,24.314701,-2.460600,-0.539966,3.3815,0.1899,0.342590,0.273264,0.5280,24.314701,-2.460600,-0.332165,3.9594,-0.000000,0.093381,297.1465,0,1,clay,1.0000,0.500000,0,0,0.000000,0.000000,0.000000,0,nan,0.00,1.000000,0.8772,0.0000,0.528000,0.9476,1.63,5.53,8.78,6.15,-0.937701,-15.9993,-0.8407,0.020000,0.075919,-0.1310,-0.526476,-0.197215,-0.014852,536.3956507885725,1541.8745392870837,3264.6016425923026,3274.965262142695,0.377557,0.116355,6463.1,6157.4,0.119987,0.289547,0.000000,3.3791,1.0000,,,,,
9.9600,1778843162.499808,742,24.423099,-2.514621,-0.522197,3.1402,0.1097,0.535819,24.403921,-2.519268,-0.518236,3.1334,24.450602,-2.522682,-0.518776,3.2812,0.1987,0.419459,0.246777,0.5280,24.450602,-2.522682,-0.357111,3.9228,0.000000,0.084567,310.1191,0,1,clay,1.0000,0.500000,0,0,0.000000,0.000000,0.000000,0,nan,0.00,1.000000,0.8733,0.0000,0.528000,0.9506,1.48,5.47,8.44,5.13,-0.901268,-15.8713,-0.7895,0.008000,0.093199,1.4606,-0.696300,-0.198246,0.094812,466.2898066585356,1932.435232735856,3614.7678866076667,4011.451055181771,0.317384,0.171232,6469.7,6150.9,0.108611,0.270196,-0.000000,3.2791,1.0000,,,,,
9.9720,1778843162.511707,743,24.500605,-2.503520,-0.517294,3.1648,0.1080,0.549712,24.442582,-2.527283,-0.511641,3.1343,24.527051,-2.510726,-0.513794,3.2591,0.1973,0.441468,0.254862,0.5280,24.527051,-2.510726,-0.298502,3.9091,0.000000,0.081603,322.8905,0,1,clay,1.0000,0.500000,0,0,0.000000,0.000000,0.000000,0,nan,0.00,1.000000,0.8722,0.0000,0.528000,0.9516,1.34,5.44,8.12,5.27,-0.909283,-15.4934,-0.7748,0.008000,0.133392,1.2341,-0.648124,-0.191783,0.125356,497.03369953366956,1743.1057409161888,3904.9467233290707,4159.118465656397,0.299997,0.187580,6467.6,6153.0,0.112226,0.266696,0.000000,3.2570,1.0000,,,,,
9.9840,1778843162.523669,744,24.477225,-2.475793,-0.504877,3.2000,0.1378,0.558845,24.481451,-2.534882,-0.504904,3.1412,24.502975,-2.482099,-0.501306,3.2480,0.2013,0.461259,0.263127,0.5280,24.502975,-2.482099,-0.291057,3.9122,0.000000,0.047775,317.1737,0,1,clay,1.0000,0.500000,0,0,0.000000,0.000000,0.000000,0,nan,0.00,1.000000,0.8712,0.0000,0.528000,0.9522,1.22,5.40,7.85,5.18,-0.916882,-15.1074,-0.7710,0.008000,0.196456,2.0419,-0.556135,-0.182369,0.145158,782.8898104864073,1833.3589190439811,4037.8446332520944,4271.503050948222,0.283901,0.199627,6465.5,6155.1,0.115896,0.264436,0.000000,3.2460,1.0000,,,,,
9.9960,1778843162.535734,745,24.523171,-2.568049,-0.500518,3.1951,0.2074,0.565101,24.520528,-2.542159,-0.498080,3.1507,24.548305,-2.573689,-0.496899,3.2382,0.2162,0.478483,0.270669,0.5280,24.548305,-2.573689,-0.328221,3.9073,-0.000000,0.016154,315.0948,0,1,clay,1.0000,0.500000,0,0,0.000000,0.000000,0.000000,0,nan,0.00,1.000000,0.8703,0.0000,0.528000,0.9524,1.13,5.40,7.65,5.36,-0.924159,-14.7164,-0.7566,0.008000,0.032730,1.6651,-0.439657,-0.145463,0.179211,649.1164875633962,1687.5222469936762,4000.250166123649,4315.473710104406,0.266418,0.206047,6463.5,6157.1,0.119349,0.269885,0.000000,3.2361,1.0000,,,,,
10.0080,1778843162.588165,746,24.596241,-2.540077,-0.486294,3.1714,0.0867,0.590360,24.559775,-2.549072,-0.491127,3.1502,24.620786,-2.545009,-0.482618,3.2252,0.2076,0.495991,0.221075,0.5280,24.620786,-2.545009,-0.321086,3.9063,0.000000,0.035807,315.1943,0,1,clay,1.0000,0.500000,0,0,0.000000,0.000000,0.000000,0,nan,0.00,1.000000,0.8694,0.0000,0.528000,0.9528,1.03,5.46,7.51,5.80,-0.931072,-14.3180,-0.7560,0.008000,0.076032,2.3122,-0.318595,-0.157853,0.196241,855.6010880043514,2033.4842521747187,3910.4903804260043,4465.843798024021,0.256467,0.220921,6476.0,6144.6,0.097560,0.278483,-0.000000,3.2236,1.0000,,,,,
10.0320,1778843162.594559,747,24.667320,-2.488204,-0.474771,3.1369,0.1509,0.669885,24.639148,-2.559426,-0.475787,3.1117,24.693316,-2.492336,-0.470513,3.1968,0.2215,0.539120,0.165992,0.5280,24.693316,-2.492336,-0.265163,3.9096,-0.000000,0.111717,321.2889,0,1,clay,1.0000,0.500000,0,0,0.000000,0.000000,0.000000,0,nan,0.00,1.000000,0.8678,0.0000,0.528000,0.9555,1.19,5.56,7.93,6.15,-0.882126,-14.3938,-0.7980,0.008000,0.086967,1.7725,-0.213338,-0.178252,0.224224,507.7552793645447,2058.0395724982923,3781.775630178486,4848.149338276963,0.224305,0.248705,6490.0,6130.6,0.073168,0.292822,0.000000,3.1955,1.0000,,,,,
10.0560,1778843162.601259,748,24.693678,-2.522249,-0.465600,3.2526,0.1981,0.688309,24.719505,-2.566005,-0.459270,3.1215,24.723022,-2.525940,-0.460542,3.2157,0.2503,0.572586,0.193799,0.5280,24.723022,-2.525940,-0.250076,3.9113,0.000000,0.122450,311.4080,0,1,clay,1.0000,0.500000,0,0,0.000000,0.000000,0.000000,0,nan,0.00,1.000000,0.8665,0.0000,0.528000,0.9584,1.56,5.52,8.64,5.32,-0.888705,-13.4474,-0.7898,nan,nan,nan,nan,nan,nan,-1115.2719867056248,2027.5321813203766,3846.7303403348233,5064.556651387307,0.199217,0.263078,6483.1,6137.4,0.085141,0.274384,-0.000000,3.2140,1.0000,,,,,
10.0680,1778843162.607516,749,24.700625,-2.623168,-0.445874,3.1044,0.1683,0.660675,24.759591,-2.569427,-0.451311,3.1296,24.728732,-2.625935,-0.440932,3.1945,0.2494,0.582008,0.203993,0.5280,24.728732,-2.625935,-0.268087,3.9116,0.000000,0.118303,314.8167,0,1,clay,1.0000,0.500000,0,0,0.000000,0.000000,0.000000,0,nan,0.00,1.000000,0.8660,0.0000,0.528000,0.9598,1.40,5.45,8.24,5.00,-0.892127,-12.9914,-0.7820,0.008000,0.078873,1.7737,-0.113086,-0.192406,0.249326,-1157.4961886322005,2209.341562713782,3583.3134076158185,4872.53950573297,0.190467,0.270115,6480.6,6140.0,0.089621,0.312733,0.000000,3.1928,1.0000,,,,,
10.0800,1778843162.619667,750,24.699920,-2.608449,-0.447269,3.1628,0.1420,0.640561,24.799569,-2.573206,-0.443583,3.1471,24.726850,-2.611083,-0.442482,3.1888,0.2438,0.587501,0.233457,0.5280,24.726850,-2.611083,-0.271885,3.9115,0.000000,0.090329,316.0012,0,1,clay,1.0000,0.500000,0,0,0.000000,0.000000,0.000000,0,nan,0.00,1.000000,0.8655,0.0000,0.528000,0.9609,1.27,5.40,7.94,5.16,-0.895906,-12.5486,-0.7644,0.008000,0.156210,1.2821,-0.097568,-0.195713,0.265537,-1776.016396498348,1973.3989188556716,3590.947031286485,4849.893997473574,0.187634,0.274451,6473.1,6147.5,0.102663,0.295644,0.000000,3.1870,1.0000,,,,,
10.0920,1778843162.631754,751,24.843071,-2.606154,-0.437520,3.1514,0.0332,0.621522,24.839458,-2.577417,-0.436104,3.1643,24.869089,-2.608576,-0.432868,3.1821,0.2212,0.588862,0.257881,0.5280,24.869089,-2.608576,-0.267561,3.9144,-0.000000,0.064467,316.9798,0,1,clay,1.0000,0.500000,0,0,0.000000,0.000000,0.000000,0,nan,0.00,1.000000,0.8650,0.0000,0.528000,0.9617,1.17,5.39,7.72,5.32,-0.900117,-12.1201,-0.7500,0.008000,0.051012,1.0118,-0.094256,-0.244519,0.262578,-1753.298936742584,2227.9321877807056,3589.934459159088,4789.119388593721,0.192660,0.282423,6466.8,6153.7,0.113556,0.292546,0.000000,3.1801,1.0000,,,,,
10.1040,1778843162.686704,752,24.869297,-2.635958,-0.428786,3.1987,0.1005,0.610830,24.879271,-2.582076,-0.428897,3.1834,24.894649,-2.638153,-0.424259,3.1856,0.2142,0.588934,0.256793,0.5280,24.894649,-2.638153,-0.254899,3.9141,0.000000,0.051285,314.9139,0,1,clay,1.0000,0.500000,0,0,0.000000,0.000000,0.000000,0,nan,0.00,1.000000,0.8646,0.0000,0.528000,0.9623,1.07,5.46,7.61,5.89,-0.849976,-12.7417,-0.7307,0.008000,0.012076,1.1610,-0.081578,-0.267040,0.273932,-1532.7432083547963,2453.8165722236736,3602.090605052951,4789.221756650561,0.194894,0.283276,6467.1,6153.5,0.113169,0.274088,-0.000000,3.1837,1.0000,,,,,
10.1280,1778843162.693238,753,24.984735,-2.551811,-0.413391,3.2141,-0.0004,0.505020,24.958173,-2.593781,-0.416097,3.2164,25.011485,-2.554379,-0.408838,3.1960,0.1851,0.561002,0.309109,0.5280,25.011485,-2.554379,-0.205561,3.9125,0.000000,-0.002401,310.0923,0,1,clay,1.0000,0.500000,0,0,0.000000,0.000000,0.000000,0,nan,0.00,1.000000,0.8638,0.0000,0.528000,0.9623,1.27,5.52,8.05,5.82,-0.861681,-12.0083,-0.6961,0.020000,0.063267,1.1246,-0.053798,-0.313425,0.228715,-1474.6761662227575,2136.428807550932,3469.8854297175894,4375.443746689111,0.223092,0.276506,6453.8,6166.8,0.136302,0.267731,0.000000,3.1936,1.0000,,,,,
10.1520,1778843162.699560,754,25.057064,-2.635333,-0.402192,3.2560,-0.0011,0.471053,25.036942,-2.607406,-0.404510,3.2535,25.086414,-2.638449,-0.397457,3.2169,0.1715,0.534649,0.354406,0.5280,25.086414,-2.638449,-0.179015,3.9122,0.000000,-0.070067,308.7167,0,1,clay,1.0000,0.500000,0,0,0.000000,0.000000,0.000000,0,nan,0.00,1.000000,0.8630,0.0000,0.528000,0.9606,1.63,5.49,8.75,5.30,-0.875306,-11.3444,-0.6587,0.020000,0.099045,0.8256,0.000422,-0.353604,0.203650,-124.2708988838331,2498.832575952063,3433.3543872159894,4232.677956841753,0.248578,0.265461,6442.2,6178.4,0.156493,0.246715,0.000000,3.2138,1.0000,,,,,
10.1640,1778843162.705407,755,25.128055,-2.580589,-0.395927,3.3349,0.0351,0.467706,25.076560,-2.614429,-0.398892,3.2747,25.158075,-2.583837,-0.391215,3.2406,0.1702,0.524781,0.371832,0.5280,25.158075,-2.583837,-0.190543,3.9123,0.000000,-0.118212,292.3004,0,1,clay,1.0000,0.500000,0,0,0.000000,0.000000,0.000000,0,nan,0.00,1.000000,0.8626,0.0000,0.528000,0.9592,1.73,5.44,8.90,5.17,-0.882329,-11.0225,-0.6376,0.008000,0.067790,0.4215,0.002180,-0.377869,0.136890,1089.2780743546991,2229.8614854685134,3573.08707708657,4240.0829092345475,0.258365,0.257511,6437.6,6182.9,0.164454,0.219972,0.000000,3.2372,1.0000,,,,,
10.1760,1778843162.715603,756,25.030564,-2.595102,-0.395703,3.2184,0.1102,0.493497,25.116463,-2.619582,-0.392547,3.2188,25.059127,-2.598194,-0.391265,3.2362,0.1748,0.519737,0.300399,0.5280,25.059127,-2.598194,-0.182777,3.9122,0.000000,-0.086359,294.5939,0,1,clay,1.0000,0.500000,0,0,0.000000,0.000000,0.000000,0,nan,0.00,1.000000,0.8622,0.0000,0.528000,0.9581,1.54,5.41,8.49,5.23,-0.887482,-10.6590,-0.6934,0.008000,0.071141,-0.7432,0.018718,-0.390987,0.179183,2384.816811973619,2607.3180535477222,3528.6680609424184,4252.915185912761,0.257983,0.251098,6455.6,6164.9,0.133082,0.222708,0.000000,3.2336,1.0000,,,,,
10.1880,1778843162.727690,757,25.066054,-2.656897,-0.390793,3.1297,0.1027,0.559121,25.156522,-2.623596,-0.385832,3.2164,25.093385,-2.659562,-0.386484,3.2161,0.1772,0.524386,0.313913,0.5280,25.093385,-2.659562,-0.222133,3.9122,0.000000,-0.071216,298.4115,0,1,clay,1.0000,0.500000,0,0,0.000000,0.000000,0.000000,0,nan,0.00,1.000000,0.8618,0.0000,0.528000,0.9573,1.39,5.38,8.16,5.26,-0.841596,-11.3501,-0.6957,0.008000,0.016133,-0.4046,0.001311,-0.320258,0.095275,1996.9160349152326,2276.314368354473,3886.731648594096,4440.393469925457,0.250882,0.253921,6452.3,6168.3,0.138916,0.252102,0.000000,3.2135,1.0000,,,,,
10.2000,1778843162.785900,758,25.202939,-2.609777,-0.385887,3.1616,0.1018,0.571542,25.196716,-2.626916,-0.378968,3.2000,25.229387,-2.612088,-0.381659,3.2054,0.1792,0.530295,0.248570,0.5280,25.229387,-2.612088,-0.175398,3.9126,0.000000,0.016267,306.5582,0,1,clay,1.0000,0.500000,0,0,0.000000,0.000000,0.000000,0,nan,0.00,1.000000,0.8615,0.0000,0.528000,0.9575,1.27,5.54,8.08,6.40,-0.844916,-10.9568,-0.7126,0.008000,0.027306,-0.6821,-0.004422,-0.292180,0.105122,101.75648827748637,2343.608244593539,3789.598850626014,4524.631114787981,0.244576,0.257000,6468.9,6151.7,0.110002,0.223057,0.000000,3.2034,1.0000,,,,,
10.2240,1778843162.792962,759,25.302396,-2.717773,-0.365228,3.2163,0.2188,0.633627,25.277165,-2.629493,-0.363927,3.1590,25.331174,-2.718964,-0.360453,3.2100,0.2255,0.553485,0.277805,0.5280,25.331174,-2.718964,-0.193004,3.9128,0.000000,0.043161,298.9760,0,1,clay,1.0000,0.500000,0,0,0.000000,0.000000,0.000000,0,nan,0.00,1.000000,0.8608,0.0000,0.528000,0.9585,1.49,5.66,8.64,6.33,-0.847493,-10.0950,-0.7537,0.020000,0.088175,0.0079,-0.003694,-0.225881,0.128889,-1145.8282196936814,2184.365650590254,3912.446891739908,4801.166998893038,0.217639,0.258779,6461.6,6158.9,0.122600,0.221332,0.000000,3.2076,1.0000,,,,,
10.2600,1778843162.799929,760,25.415210,-2.626209,-0.341672,3.1075,0.0763,0.603695,25.398163,-2.632762,-0.341721,3.2170,25.443329,-2.626600,-0.336857,3.1689,0.2075,0.562482,0.382496,0.5280,25.443329,-2.626600,-0.135132,3.9127,0.000000,-0.038170,313.5026,0,1,clay,1.0000,0.500000,0,0,0.000000,0.000000,0.000000,0,nan,0.00,1.000000,0.8598,0.0000,0.528000,0.9571,1.38,5.70,8.46,5.95,-0.805662,-9.8970,-0.6957,0.008000,0.043212,0.1329,-0.086671,-0.190561,0.133540,565.0499738040226,2377.7783561137853,3843.2489210570498,4615.041813244586,0.212695,0.275123,6435.2,6185.4,0.168726,0.237909,0.000000,3.1657,1.0000,,,,,
10.2720,1778843162.811702,761,25.444659,-2.655145,-0.341639,3.2080,0.0467,0.596741,25.438789,-2.634026,-0.334534,3.2353,25.472159,-2.655606,-0.336916,3.1772,0.1957,0.565118,0.406902,0.5280,25.472159,-2.655606,-0.129718,3.9127,0.000000,-0.106112,312.5183,0,1,clay,1.0000,0.500000,0,0,0.000000,0.000000,0.000000,0,nan,0.00,1.000000,0.8595,0.0000,0.528000,0.9559,1.26,5.65,8.16,5.35,-0.806926,-9.4852,-0.6774,0.008000,0.065809,-0.1663,-0.103872,-0.216540,0.117379,404.9939834807019,2257.655964886111,3943.5852320989843,4663.810330700126,0.215405,0.278937,6428.8,6191.7,0.179801,0.211128,0.000000,3.1739,1.0000,,,,,
10.2840,1778843162.823696,762,25.451936,-2.750391,-0.322999,3.2039,0.0293,0.595811,25.479594,-2.635200,-0.327380,3.2544,25.478567,-2.750431,-0.318413,3.1831,0.1820,0.567299,0.432602,0.5280,25.478567,-2.750431,-0.149246,3.9127,0.000000,-0.160273,302.7210,0,1,clay,1.0000,0.500000,0,0,0.000000,0.000000,0.000000,0,nan,0.00,1.000000,0.8591,0.0000,0.528000,0.9539,1.15,5.60,7.89,5.29,-0.808100,-9.0753,-0.6583,0.008000,0.132954,0.9335,-0.086503,-0.213437,0.141026,1086.3577487641642,2601.3142893728254,3995.7255984823682,4662.332055425225,0.218550,0.282942,6422.2,6198.4,0.191382,0.214211,0.000000,3.1797,1.0000,,,,,
10.2960,1778843162.883342,763,25.524017,-2.645061,-0.316410,3.2775,-0.0063,0.593693,25.520585,-2.636236,-0.320230,3.2716,25.549974,-2.645083,-0.311945,3.2021,0.1646,0.569367,0.454587,0.5280,25.549974,-2.645083,-0.112843,3.9126,0.000000,-0.208240,295.6711,0,1,clay,1.0000,0.500000,0,0,0.000000,0.000000,0.000000,0,nan,0.00,1.000000,0.8587,0.0000,0.528000,0.9514,1.06,5.67,7.80,6.12,-0.809136,-8.6656,-0.6410,0.008000,0.103312,1.0104,-0.048834,-0.239467,0.133844,1686.058854507652,2796.2753991177888,4108.200768860691,4710.667304188099,0.224516,0.286735,6416.5,6204.0,0.201263,0.194842,0.000000,3.1986,1.0000,,,,,
10.3200,1778843162.890074,764,25.710775,-2.647391,-0.310014,3.2761,-0.0564,0.604401,25.602995,-2.637354,-0.305675,3.2972,25.738431,-2.647503,-0.305245,3.2279,0.1365,0.573011,0.505477,0.5280,25.738431,-2.647503,-0.113379,3.9127,0.000000,-0.264513,286.2352,0,1,clay,1.0000,0.500000,0,0,0.000000,0.000000,0.000000,0,nan,0.00,1.000000,0.8576,0.0000,0.528000,0.9451,1.25,5.74,8.24,6.09,-0.810254,-7.8317,-0.6154,0.020000,0.145833,1.0666,-0.006527,-0.269124,0.144628,1060.4556460478507,2510.1438817142052,4261.778395591077,4761.234787015914,0.235505,0.298113,6403.5,6217.0,0.223939,0.209221,0.000000,3.2237,1.0000,,,,,
10.3560,1778843162.896733,765,25.670622,-2.625008,-0.286724,3.2825,0.1175,0.576074,25.727838,-2.639114,-0.284675,3.3585,25.698958,-2.624306,-0.281932,3.2531,0.1717,0.568490,0.569177,0.5280,25.698958,-2.624306,-0.097119,3.9126,0.000000,-0.364443,271.7370,0,1,clay,1.0000,0.500000,0,0,0.000000,0.000000,0.000000,0,nan,0.00,1.000000,0.8552,0.0000,0.528000,0.9320,1.28,5.72,8.28,5.59,-0.771914,-7.7814,-0.5542,0.032000,0.103525,1.0531,0.010593,-0.270759,0.118583,628.9385234729483,2597.9007530707395,4190.35467959818,4567.125530811074,0.229999,0.281360,6387.3,6233.3,0.252283,0.210700,0.000000,3.2483,1.0000,,,,,
10.3680,1778843162.907792,766,25.712124,-2.650948,-0.275197,3.3521,-0.0055,0.563244,25.769727,-2.639809,-0.277903,3.3765,25.739745,-2.650144,-0.270569,3.2732,0.1572,0.566295,0.589804,0.5280,25.739745,-2.650144,-0.082724,3.9127,0.000000,-0.433816,263.1325,0,1,clay,1.0000,0.500000,0,0,0.000000,0.000000,0.000000,0,nan,0.00,1.000000,0.8543,0.0000,0.528000,0.9268,1.18,5.67,8.02,5.41,-0.772609,-7.3934,-0.5362,0.008000,0.070828,0.3101,0.061262,-0.270175,0.112312,803.9812580144348,2539.5105073366476,4244.144867515117,4553.542704096721,0.237475,0.281318,6381.9,6238.7,0.261718,0.198113,0.000000,3.2684,1.0000,,,,,
10.3800,1778843162.919660,767,25.826398,-2.656593,-0.267925,3.4051,-0.0106,0.560525,25.811781,-2.640441,-0.271183,3.3935,25.853349,-2.655804,-0.263459,3.2996,0.1440,0.564528,0.600724,0.5280,25.853349,-2.655804,-0.079323,3.9127,0.000000,-0.468207,253.0207,0,1,clay,1.0000,0.500000,0,0,0.000000,0.000000,0.000000,0,nan,0.00,1.000000,0.8534,0.0000,0.528000,0.9211,1.08,5.63,7.79,5.42,-0.773241,-7.0084,-0.5191,0.008000,0.017827,0.7150,0.076964,-0.271555,0.102084,799.6436946508579,2407.254280869033,4317.005798064546,4566.472960340952,0.244810,0.280477,6379.0,6241.6,0.266740,0.190455,0.000000,3.2949,1.0000,,,,,
10.3920,1778843162.931615,768,25.879149,-2.627655,-0.264701,3.3575,-0.0655,0.558885,25.853992,-2.640945,-0.264471,3.4101,25.905433,-2.627010,-0.260373,3.3117,0.1238,0.562363,0.609629,0.5280,25.905433,-2.627010,-0.012285,3.9127,0.000000,-0.490120,252.0481,0,1,clay,1.0000,0.500000,0,0,0.000000,0.000000,0.000000,0,nan,0.00,1.000000,0.8523,0.0000,0.528000,0.9153,0.99,5.60,7.59,5.44,-0.773745,-6.6238,-0.5026,0.008000,0.135552,-0.1729,0.080602,-0.310304,0.058883,1332.7808597549333,2548.82716731325,4335.984025668029,4550.476368757734,0.253043,0.283360,6376.7,6243.9,0.270749,0.207388,0.000000,3.3070,1.0000,,,,,
10.4040,1778843162.984740,769,25.991641,-2.627598,-0.258668,3.4830,-0.0563,0.556290,25.896346,-2.641501,-0.257910,3.4366,26.017516,-2.627012,-0.254459,3.3458,0.1088,0.561137,0.633966,0.5280,26.017516,-2.627012,-0.013154,3.9127,0.000000,-0.513789,239.3131,0,1,clay,1.0000,0.500000,0,0,0.000000,0.000000,0.000000,0,nan,0.00,1.000000,0.8512,0.0000,0.528000,0.9091,0.92,5.68,7.52,6.14,-0.739401,-7.3989,-0.4761,0.008000,0.104189,-0.2097,0.093481,-0.306840,0.052834,412.96692593125016,2132.071536811386,4436.329507719207,4581.1171236167775,0.261257,0.282975,6370.5,6250.1,0.281530,0.186433,0.000000,3.3411,1.0000,,,,,
10.4280,1778843162.991440,770,26.058189,-2.548788,-0.240317,3.4865,0.0724,0.534982,25.981455,-2.642609,-0.245129,3.4556,26.086471,-2.547654,-0.235852,3.3937,0.1359,0.553670,0.677672,0.5280,26.086471,-2.547654,-0.026759,3.9127,-0.000000,-0.567489,216.9336,0,1,clay,1.0000,0.500000,0,0,0.000000,0.000000,0.000000,0,nan,0.00,1.000000,0.8483,0.0000,0.528000,0.8955,1.17,5.72,8.07,5.95,-0.740509,-6.6666,-0.4570,0.008000,0.097989,0.4370,0.109803,-0.265420,0.032366,1703.894916072306,2512.8004574883544,4379.017047546686,4432.4837980297525,0.263756,0.267732,6359.3,6261.3,0.301038,0.207873,0.000000,3.3882,1.0000,,,,,
10.4520,1778843162.997899,771,26.116388,-2.601842,-0.230412,3.4520,-0.0564,0.536523,26.066948,-2.642919,-0.232234,3.4763,26.148114,-2.600546,-0.225478,3.4151,0.1249,0.548469,0.686184,0.5280,26.148114,-2.600546,-0.003941,3.9127,-0.159590,-0.597153,210.2070,0,1,clay,1.0000,0.500000,0,0,0.000000,0.000000,0.000000,0,nan,0.00,0.992746,0.8450,0.0000,0.524170,0.8811,1.62,5.69,8.94,5.50,-0.740819,-5.9278,-0.4363,nan,nan,nan,nan,nan,nan,2027.5810353084362,2237.9396402910543,4425.261305051589,4431.696077873661,0.275823,0.270062,6356.9,6263.7,0.305224,0.213598,-0.000000,3.4089,1.0000,,,,,
10.4640,1778843163.003876,772,26.239239,-2.699820,-0.233654,3.4427,-0.0591,0.530765,26.109939,-2.642850,-0.225857,3.4913,26.270064,-2.698839,-0.228898,3.4213,0.1107,0.544462,0.672198,0.5228,26.270064,-2.698839,-0.052553,3.9127,0.319179,-0.580818,207.6653,0,1,clay,1.0000,0.500000,0,0,0.000000,0.000000,0.000000,0,nan,0.00,1.000000,0.8433,0.0000,0.528000,0.8742,1.51,5.67,8.69,5.55,-0.740750,-5.5624,-0.4213,0.008000,0.216363,-0.4911,0.105446,-0.337813,0.019107,2068.5612622285494,2130.497788953568,4188.4202806316825,4437.957313423591,0.277346,0.270753,6360.4,6260.2,0.299097,0.215405,-0.319179,3.4154,1.0000,,,,,
10.4760,1778843163.015607,773,26.203597,-2.702350,-0.223989,3.5768,-0.0316,0.532704,26.153068,-2.642545,-0.219475,3.5041,26.233486,-2.701237,-0.219423,3.4524,0.1044,0.545098,0.678691,0.5307,26.233486,-2.701237,-0.044076,3.9127,0.000000,-0.585106,195.8742,0,1,clay,1.0000,0.500000,0,0,0.000000,0.000000,0.000000,0,nan,0.00,1.000000,0.8416,0.0000,0.528000,0.8671,1.36,5.63,8.34,5.41,-0.710645,-6.3845,-0.4086,0.008000,0.136633,-0.5758,0.114505,-0.335258,0.013297,1962.5757285323893,2557.371978790912,4664.246016464759,4478.8637850501555,0.285630,0.268102,6358.9,6261.7,0.301817,0.182965,0.319179,3.4467,1.0000,,,,,
10.4880,1778843163.027546,774,26.215632,-2.581540,-0.214340,3.5074,0.0015,0.529727,26.196319,-2.642046,-0.213093,3.5158,26.244576,-2.580232,-0.209949,3.4639,0.1032,0.542936,0.679250,0.5280,26.244576,-2.580232,-0.001716,3.9127,-0.000000,-0.592509,191.2574,0,1,clay,1.0000,0.500000,0,0,0.000000,0.000000,0.000000,0,nan,0.00,1.000000,0.8397,0.0000,0.528000,0.8600,1.23,5.59,8.05,5.36,-0.710146,-6.0189,-0.3968,0.008000,0.061711,-0.4202,0.098759,-0.314781,0.018195,2341.3527383486244,2484.384506447592,4506.298143311571,4439.056574472132,0.286781,0.264993,6358.7,6261.8,0.302005,0.201616,0.000000,3.4584,1.0000,,,,,
10.5000,1778843163.083328,775,26.301740,-2.628543,-0.196637,3.4710,-0.0594,0.547868,26.239669,-2.641074,-0.206545,3.5108,26.329761,-2.626851,-0.192375,3.4658,0.0918,0.543822,0.632259,0.5280,26.329761,-2.626851,0.026120,3.9127,-0.978694,-0.536092,188.5925,0,1,clay,1.0000,0.500000,0,0,0.000000,0.000000,0.000000,0,nan,0.00,0.977757,0.8377,0.0000,0.516256,0.8536,1.13,5.68,7.93,6.18,-0.709174,-5.6437,-0.4018,0.008000,0.051092,0.4297,0.088230,-0.312163,0.014775,1999.3561154345439,2586.910626922646,4591.898807671232,4535.97611247907,0.288921,0.267794,6370.7,6249.9,0.281218,0.215641,-0.000000,3.4609,1.0000,,,,,
10.5240,1778843163.090112,776,26.288817,-2.644251,-0.189811,3.5785,-0.0666,0.518140,26.326779,-2.639131,-0.193959,3.5539,26.319005,-2.642503,-0.185329,3.5046,0.0824,0.534927,0.665347,0.5081,26.319005,-2.642503,0.035032,3.9127,-0.053095,-0.542727,177.2617,0,1,clay,1.0000,0.500000,0,0,0.000000,0.000000,0.000000,0,nan,0.00,0.975344,0.8334,0.0000,0.514981,0.8406,1.35,5.78,8.48,6.34,-0.707231,-4.9226,-0.3588,0.020000,0.084251,0.4890,0.089803,-0.309011,0.012173,1782.4887979551308,2250.068974671993,4169.372588525182,4468.643032586594,0.287122,0.265222,6362.3,6258.2,0.295758,0.190304,-0.489347,3.4990,1.0000,,,,,
10.5480,1778843163.097012,777,26.356320,-2.597724,-0.179930,3.6045,-0.0694,0.511855,26.414373,-2.636743,-0.181613,3.5779,26.390420,-2.595589,-0.174961,3.5396,0.0871,0.531575,0.678060,0.5145,26.390420,-2.595589,0.026724,3.9127,-0.780908,-0.555905,164.1074,0,1,clay,1.0000,0.500000,0,0,0.000000,0.000000,0.000000,0,nan,0.00,0.939848,0.8288,0.0000,0.496240,0.8272,1.80,5.75,9.35,5.57,-0.680443,-5.4312,-0.3348,0.020000,0.109472,0.0318,0.071749,-0.352077,0.000077,1958.8013450452504,2746.0400837247244,4535.750325978437,4445.900492616887,0.294108,0.262239,6359.0,6261.6,0.301637,0.186233,-0.053095,3.5332,1.0000,,,,,
10.5600,1778843163.103083,778,26.423468,-2.717856,-0.192380,3.6194,-0.0036,0.505230,26.458357,-2.635315,-0.175511,3.5905,26.460061,-2.716070,-0.187141,3.5567,0.0961,0.522555,0.674128,0.4884,26.460061,-2.716070,-0.019173,3.9127,1.000000,-0.550441,160.4130,0,1,clay,1.0000,0.500000,0,0,0.000000,0.000000,0.000000,0,nan,0.00,0.962575,0.8265,0.0000,0.508240,0.8206,2.14,5.68,9.95,5.31,-0.679015,-5.0816,-0.3222,0.008000,0.159921,-1.2461,0.066187,-0.335100,0.001018,1937.674843860369,2477.220940579068,3984.337647945159,4421.848294187448,0.275960,0.256917,6359.8,6260.7,0.300112,0.181285,-1.561816,3.5499,1.0000,,,,,
10.5720,1778843163.111537,779,26.481615,-2.634473,-0.170825,3.5397,-0.0163,0.500039,26.502443,-2.633752,-0.169476,3.6018,26.516023,-2.632043,-0.165900,3.5543,0.0983,0.525337,0.670422,0.5177,26.516023,-2.632043,0.042540,3.9127,1.000000,-0.539189,159.7976,0,1,clay,1.0000,0.500000,0,0,0.000000,0.000000,0.000000,0,nan,0.00,0.985302,0.8242,0.0000,0.520240,0.8142,1.88,5.63,9.39,5.38,-0.677452,-4.7358,-0.3108,0.008000,0.152727,0.2078,0.059385,-0.311971,0.007954,2643.686699896832,2675.8270640623346,4086.333385229994,4378.199729919995,0.288600,0.253898,6360.9,6259.7,0.298310,0.194492,1.000000,3.5479,1.0000,,,,,
10.5840,1778843163.123524,780,26.587448,-2.629548,-0.166096,3.7037,-0.1090,0.503907,26.546624,-2.631921,-0.163433,3.6079,26.620441,-2.627266,-0.161410,3.5840,0.0829,0.527218,0.662509,0.5292,26.620441,-2.627266,0.041951,3.9126,-1.000000,-0.517475,150.5155,0,1,clay,1.0000,0.500000,0,0,0.000000,0.000000,0.000000,0,nan,0.00,0.962575,0.8219,0.0000,0.508240,0.8080,1.68,5.58,8.94,5.30,-0.675621,-4.3895,-0.3047,0.008000,0.052355,-0.0678,0.057815,-0.333644,-0.010706,2187.3372450041106,3186.3825332700508,4406.587656586855,4456.708826742924,0.307468,0.254358,6363.0,6257.6,0.294662,0.158293,1.000000,3.5781,1.0000,,,,,
10.5960,1778843163.181590,781,26.581549,-2.612367,-0.158224,3.6290,-0.1030,0.502123,26.590930,-2.629935,-0.157463,3.6257,26.613202,-2.610139,-0.153775,3.5937,0.0634,0.519370,0.665943,0.4996,26.613202,-2.610139,0.043303,3.9126,-1.000000,-0.510726,146.9062,0,1,clay,1.0000,0.500000,0,0,0.000000,0.000000,0.000000,0,nan,0.00,0.939848,0.8195,0.0000,0.496240,0.8018,1.51,5.70,8.72,6.33,-0.673635,-4.0475,-0.2869,0.008000,0.058967,-0.1472,0.056068,-0.339330,-0.007515,2188.4332743618597,2761.183809711086,4096.174761945293,4434.070075620633,0.299966,0.255251,6362.2,6258.4,0.296006,0.172114,-1.000000,3.5879,1.0000,,,,,
10.6320,1778843163.188559,782,26.698952,-2.611632,-0.139453,3.7159,0.0637,0.490954,26.724383,-2.622752,-0.139741,3.6492,26.730221,-2.608690,-0.135194,3.6470,0.1024,0.511004,0.653989,0.4879,26.730221,-2.608690,0.055265,3.9126,-0.595215,-0.489176,130.9361,0,1,clay,1.0000,0.500000,0,0,0.000000,0.000000,0.000000,0,nan,0.00,0.899265,0.8113,0.0000,0.474812,0.7842,1.35,5.80,8.49,6.36,-0.647352,-4.2660,-0.2634,0.008000,0.017673,-0.4364,0.070352,-0.259599,0.001969,2758.2799551308303,2901.226822501664,4322.621584661119,4369.014588058017,0.281316,0.234226,6365.3,6255.3,0.290652,0.146835,-0.333333,3.6415,1.0000,,,,,
10.6560,1778843163.195495,783,26.841922,-2.664424,-0.127053,3.7552,0.0063,0.481060,26.813841,-2.616940,-0.128159,3.6697,26.872696,-2.661323,-0.122966,3.6836,0.0994,0.501263,0.642739,0.4699,26.872696,-2.661323,0.078000,3.9128,0.036070,-0.454387,122.7059,0,1,clay,1.0000,0.500000,0,0,0.000000,0.000000,0.000000,0,nan,0.00,0.900904,0.8061,0.0000,0.475678,0.7733,1.20,5.78,8.18,5.72,-0.641540,-3.6025,-0.2431,0.008000,0.131066,-0.3008,0.070953,-0.256528,-0.000214,2633.986818463417,2836.371616038402,3923.073501862116,4350.657743301076,0.263856,0.227526,6368.2,6252.4,0.285562,0.134555,-0.892822,3.6784,1.0000,,,,,
10.6680,1778843163.207677,784,26.818883,-2.476010,-0.129343,3.6719,-0.0351,0.479161,26.858705,-2.613628,-0.122385,3.6779,26.848852,-2.473145,-0.125382,3.6821,0.0923,0.499372,0.629575,0.4760,26.848852,-2.473145,0.097076,3.9128,-1.000000,-0.435130,121.2253,0,1,clay,1.0000,0.500000,0,0,0.000000,0.000000,0.000000,0,nan,0.00,0.878177,0.8036,0.0000,0.463678,0.7681,1.10,5.71,7.90,5.28,-0.638228,-3.2716,-0.2349,0.008000,0.215537,0.3176,0.053024,-0.268826,0.006742,3013.2172025452273,3255.446774447383,4515.81810357217,4335.799025254513,0.267645,0.227714,6371.6,6249.0,0.279581,0.150760,0.072139,3.6771,1.0000,,,,,
10.6800,1778843163.219625,785,26.892148,-2.576512,-0.107401,3.7145,0.0372,0.475430,26.903651,-2.610077,-0.116658,3.6880,26.921089,-2.573137,-0.103612,3.6892,0.0935,0.492786,0.633188,0.4560,26.921089,-2.573137,0.155714,3.9128,-1.000000,-0.414947,120.1223,0,1,clay,1.0000,0.500000,0,0,0.000000,0.000000,0.000000,0,nan,0.00,0.855450,0.8011,0.0000,0.451678,0.7631,1.00,5.65,7.65,5.30,-0.621077,-4.1734,-0.2248,0.008000,0.024248,0.3418,0.063035,-0.289906,-0.029600,2792.1195023274386,2575.0299928672403,3797.9185235180294,4317.6626238461085,0.255118,0.223448,6370.8,6249.8,0.281057,0.137849,-1.000000,3.6844,1.0000,,,,,
10.6920,1778843163.279334,786,27.046637,-2.637944,-0.113238,3.6530,-0.0582,0.469663,26.948683,-2.606326,-0.111015,3.6967,27.074730,-2.634982,-0.109592,3.6830,0.0787,0.486586,0.629248,0.4442,27.074730,-2.634982,0.081603,3.9124,0.960551,-0.382145,121.2562,0,1,clay,1.0000,0.500000,0,0,0.000000,0.000000,0.000000,0,nan,0.00,0.877281,0.7986,0.0000,0.463204,0.7585,0.92,5.69,7.54,5.92,-0.617326,-3.8501,-0.2157,0.008000,0.071398,-0.2607,0.027981,-0.273895,-0.020577,2603.1957311720184,3313.1108456298316,3656.1701145486913,4295.145244121131,0.247309,0.224986,6371.8,6248.7,0.279209,0.154720,-1.000000,3.6783,1.0000,,,,,
10.7160,1778843163.285801,787,27.064388,-2.624296,-0.101635,3.6739,0.0398,0.465450,27.038995,-2.598172,-0.099847,3.7130,27.094104,-2.620696,-0.097803,3.6817,0.1028,0.486414,0.610275,0.4708,27.094104,-2.620696,0.088008,3.9123,1.000000,-0.344826,119.5151,0,1,clay,1.0000,0.500000,0,0,0.000000,0.000000,0.000000,0,nan,0.00,0.922735,0.7935,0.0000,0.487204,0.7502,1.12,5.74,7.99,6.06,-0.609172,-3.2102,-0.1993,0.020000,0.093802,0.0116,0.016563,-0.228410,-0.006391,2718.1613295459647,3271.9861854468204,4434.159193778366,4273.083920427225,0.257160,0.217837,6376.6,6243.9,0.270798,0.148528,0.480276,3.6768,1.0000,,,,,
10.7520,1778843163.292414,788,27.262224,-2.602713,-0.083510,3.7535,0.0754,0.457227,27.175041,-2.583871,-0.083215,3.7379,27.292796,-2.598304,-0.079628,3.7139,0.1364,0.486747,0.603206,0.4953,27.292796,-2.598304,0.183496,3.9133,-0.480909,-0.305141,114.1339,0,1,clay,1.0000,0.500000,0,0,0.000000,0.000000,0.000000,0,nan,0.00,0.889946,0.7856,0.0000,0.469891,0.7393,1.18,5.71,8.07,5.48,-0.586571,-3.5054,-0.1754,0.020000,0.161750,0.0334,-0.003439,-0.231237,-0.008687,2574.899019713008,2615.847785320315,4451.433873283075,4224.898390858643,0.279079,0.204364,6378.5,6242.1,0.267573,0.133235,0.666667,3.7089,1.0000,,,,,
10.7640,1778843163.303679,789,27.309949,-2.574341,-0.087161,3.7696,0.1067,0.456092,27.220506,-2.578602,-0.077759,3.7433,27.339765,-2.570168,-0.083429,3.7254,0.1407,0.478743,0.592779,0.4661,27.339765,-2.570168,0.168526,3.9140,-1.000000,-0.273662,111.3957,0,1,clay,1.0000,0.500000,0,0,0.000000,0.000000,0.000000,0,nan,0.00,0.867219,0.7833,0.0000,0.457891,0.7360,1.09,5.67,7.85,5.45,-0.581302,-3.1928,-0.1707,0.008000,0.073816,-0.8205,-0.027222,-0.214635,0.000675,2329.8494785141647,2641.3357328574066,3739.840290604735,4212.925575818126,0.259916,0.198946,6381.2,6239.3,0.262796,0.131204,-1.442726,3.7207,1.0000,,,,,
10.7760,1778843163.315677,790,27.220836,-2.484406,-0.068161,3.7590,0.0830,0.457861,27.266024,-2.573077,-0.072278,3.7508,27.249832,-2.479812,-0.064554,3.7326,0.1412,0.473841,0.590006,0.4502,27.249832,-2.479812,0.278903,3.9127,-1.000000,-0.266201,108.2523,0,1,clay,1.0000,0.500000,0,0,0.000000,0.000000,0.000000,0,nan,0.00,0.844491,0.7810,0.0000,0.445891,0.7328,1.00,5.60,7.61,5.24,-0.575777,-2.8788,-0.1619,0.008000,0.053279,0.4174,-0.017004,-0.199746,0.005904,2953.9876419185775,2612.986812703519,3679.6043927928963,4204.014996152258,0.247356,0.196031,6382.0,6238.6,0.261437,0.132351,-1.000000,3.7281,1.0000,,,,,
10.7880,1778843163.327764,791,27.363170,-2.523702,-0.058999,3.8461,-0.0023,0.458031,27.311618,-2.567242,-0.066785,3.7599,27.391471,-2.519118,-0.055513,3.7554,0.1265,0.470190,0.591422,0.4384,27.391471,-2.519118,0.169054,3.9145,-1.000000,-0.252565,101.3754,0,1,clay,1.0000,0.500000,0,0,0.000000,0.000000,0.000000,0,nan,0.00,0.821764,0.7788,0.0000,0.433891,0.7298,0.93,5.60,7.45,5.55,-0.569942,-2.5640,-0.1545,0.008000,0.065608,-0.2673,-0.001631,-0.221538,-0.000997,2466.96604263488,2579.1502882151135,3716.9279774627,4247.5762186022985,0.240028,0.197090,6381.7,6238.9,0.262011,0.112377,-1.000000,3.7509,1.0000,,,,,
10.8000,1778843163.380174,792,27.350011,-2.544471,-0.061272,3.8706,0.1493,0.455427,27.357270,-2.561171,-0.061301,3.7661,27.378005,-2.539946,-0.057866,3.7784,0.1407,0.466648,0.584415,0.4266,27.378005,-2.539946,0.174127,3.9144,-1.000000,-0.243948,97.5076,0,1,clay,1.0000,0.500000,0,0,0.000000,0.000000,0.000000,0,nan,0.00,0.799037,0.7766,0.0000,0.421891,0.7268,0.87,5.63,7.37,5.84,-0.563871,-2.2498,-0.1483,0.008000,0.111585,-0.0194,0.028166,-0.184127,0.008232,2532.7628815713815,2397.3205572086936,3624.6571393257723,4224.951409375875,0.224763,0.189986,6383.5,6237.1,0.258858,0.107542,-1.000000,3.7741,1.0000,,,,,
10.8240,1778843163.386574,793,27.415497,-2.590185,-0.051183,3.8610,0.0475,0.447467,27.448800,-2.548421,-0.050474,3.7867,27.445442,-2.585179,-0.047602,3.8070,0.1377,0.460782,0.608487,0.4141,27.445442,-2.585179,0.199436,3.9142,-0.208648,-0.259990,93.5616,0,1,clay,1.0000,0.500000,0,0,0.000000,0.000000,0.000000,0,nan,0.00,0.789553,0.7720,0.0000,0.416884,0.7206,1.08,5.65,7.81,5.72,-0.548421,-2.8920,-0.1275,0.008000,0.057986,-0.1158,0.059543,-0.245404,-0.037686,2318.0535817473246,2106.412222462117,3773.295646573662,4167.858333637467,0.217591,0.187906,6377.4,6243.2,0.269509,0.110295,-0.500000,3.8023,1.0000,,,,,
10.8480,1778843163.392812,794,27.546985,-2.467861,-0.030582,3.8457,0.0183,0.445700,27.540604,-2.534792,-0.039806,3.8021,27.579991,-2.461784,-0.026664,3.8215,0.1333,0.457966,0.599453,0.4151,27.579991,-2.461784,0.291448,3.9083,-1.000000,-0.257070,89.1746,0,1,clay,1.0000,0.500000,0,0,0.000000,0.000000,0.000000,0,nan,0.00,0.744098,0.7676,0.0000,0.392884,0.7144,1.47,5.59,8.54,5.26,-0.534792,-2.2807,-0.1062,nan,nan,nan,nan,nan,nan,2123.281581452193,2022.9818506641536,4112.702304252301,4176.447524936499,0.218173,0.188905,6379.6,6241.0,0.265667,0.112147,-0.208648,3.8163,1.0000,,,,,
10.8600,1778843163.399430,795,27.546072,-2.497506,-0.040835,3.8620,0.0503,0.442958,27.586598,-2.527615,-0.034476,3.8122,27.577768,-2.492128,-0.037131,3.8301,0.1241,0.449305,0.603355,0.3847,27.577768,-2.492128,0.302522,3.9084,-0.715476,-0.260352,89.3693,0,1,clay,1.0000,0.500000,0,0,0.000000,0.000000,0.000000,0,nan,0.00,0.727837,0.7655,0.0000,0.384298,0.7113,1.32,5.50,8.14,5.03,-0.527615,-1.9753,-0.0962,0.008000,0.131014,-0.5662,0.051007,-0.263876,-0.020323,2628.7658877598733,3567.1009404814595,3366.1219381479427,4163.58319149031,0.195230,0.187359,6378.6,6241.9,0.267337,0.098098,-2.000000,3.8252,1.0000,,,,,
10.8720,1778843163.411781,796,27.613892,-2.536165,-0.029925,3.7635,0.1058,0.443227,27.632670,-2.520186,-0.029166,3.8216,27.644276,-2.530615,-0.026377,3.8180,0.1299,0.446028,0.600837,0.3786,27.644276,-2.530615,0.197335,3.9059,0.194536,-0.249261,89.5073,0,1,clay,1.0000,0.500000,0,0,0.000000,0.000000,0.000000,0,nan,0.00,0.732259,0.7635,0.0000,0.386633,0.7083,1.21,5.46,7.87,5.18,-0.522886,-2.9336,-0.0844,0.008000,0.108847,0.3226,0.028600,-0.241772,0.006000,2530.642663774556,2746.985360644484,3265.589276999601,4111.145394700984,0.183807,0.184327,6379.3,6241.3,0.266202,0.123179,-0.715476,3.8132,1.0000,,,,,
10.8840,1778843163.423648,797,27.631731,-2.597180,-0.024331,3.7100,0.1173,0.439579,27.678803,-2.512536,-0.023902,3.8293,27.660946,-2.591582,-0.020908,3.7978,0.1393,0.445586,0.595273,0.3881,27.660946,-2.591582,0.227092,3.9059,1.000000,-0.229470,94.5178,0,1,clay,1.0000,0.500000,0,0,0.000000,0.000000,0.000000,0,nan,0.00,0.754986,0.7615,0.0000,0.398633,0.7055,1.10,5.41,7.62,5.15,-0.515236,-2.6320,-0.0766,0.008000,0.182605,-0.4103,0.001637,-0.217657,0.030210,2689.4512415104614,2282.350807236403,3976.1201480377204,4062.1403709746837,0.183029,0.181477,6380.7,6239.8,0.263678,0.134828,0.194536,3.7933,1.0000,,,,,
10.8960,1778843163.478007,798,27.745788,-2.486290,-0.019991,3.7819,0.0532,0.435290,27.725007,-2.504647,-0.018678,3.8400,27.774100,-2.480760,-0.016673,3.7955,0.1378,0.447208,0.599564,0.4061,27.774100,-2.480760,0.317719,3.9171,-0.851316,-0.219744,95.3477,0,1,clay,1.0000,0.500000,0,0,0.000000,0.000000,0.000000,0,nan,0.00,0.735638,0.7595,0.0000,0.388417,0.7029,1.01,5.46,7.49,5.78,-0.507347,-2.3326,-0.0771,0.008000,0.042577,-0.6587,-0.023430,-0.230131,0.019031,2599.8100014711144,2876.0919885397834,2962.4581728960165,4069.050288878673,0.196705,0.181318,6379.7,6240.9,0.265483,0.113743,1.000000,3.7911,1.0000,,,,,
10.9200,1778843163.484325,799,27.798039,-2.436421,-0.004442,3.8961,0.1331,0.432343,27.817551,-2.488160,-0.008334,3.8510,27.828183,-2.430002,-0.000971,3.8297,0.1569,0.440536,0.576522,0.3817,27.828183,-2.430002,0.296369,3.9304,-1.000000,-0.196447,86.8046,0,1,clay,1.0000,0.500000,0,0,0.000000,0.000000,0.000000,0,nan,0.00,0.690183,0.7554,0.0000,0.364417,0.6982,1.20,5.51,7.91,5.74,-0.490860,-1.7400,-0.0793,0.020000,0.052326,0.3873,-0.011696,-0.213078,0.021431,2524.0572999016886,3189.0970231250585,3625.416856773914,4078.9794848340343,0.184521,0.172405,6385.5,6235.0,0.255319,0.086057,-0.425658,3.8251,1.0000,,,,,
10.9440,1778843163.490667,800,27.936359,-2.557210,-0.005639,3.8819,0.1075,0.425554,27.910142,-2.470630,0.001896,3.8604,27.969772,-2.550220,-0.001878,3.8485,0.1629,0.430300,0.573617,0.3557,27.969772,-2.550220,0.230592,3.9664,0.914824,-0.171254,86.0110,0,1,clay,1.0000,0.500000,0,0,0.000000,0.000000,0.000000,0,nan,0.00,0.731766,0.7516,0.0000,0.386373,0.6941,1.59,5.46,8.63,5.18,-0.481630,-2.4020,-0.1061,0.020000,0.113525,-0.2358,-0.024319,-0.204836,0.024882,2296.9251706855985,3002.864484414882,2988.4523411661735,4028.226583753352,0.161921,0.167802,6386.3,6234.3,0.254026,0.084868,-1.000000,3.8436,1.0000,,,,,
10.9560,1778843163.496385,801,27.904660,-2.491496,0.010189,3.8905,0.0558,0.421175,27.956470,-2.461537,0.006938,3.8663,27.937615,-2.484086,0.013915,3.8575,0.1631,0.436573,0.570242,0.3942,27.937615,-2.484086,0.341656,3.9599,0.415246,-0.162690,83.6174,0,1,clay,1.0000,0.500000,0,0,0.000000,0.000000,0.000000,0,nan,0.00,0.741204,0.7498,0.0000,0.391356,0.6921,1.56,5.41,8.52,5.12,-0.472537,-2.1131,-0.0936,0.008000,0.121530,-0.5124,-0.028821,-0.199950,0.041117,2526.7618053585134,2782.4893355455683,2257.306025084368,4024.371351448684,0.187352,0.168045,6387.2,6233.4,0.252431,0.084298,1.829647,3.8526,1.0000,,,,,
10.9680,1778843163.507783,802,28.052986,-2.538394,0.018268,3.7953,-0.0003,0.422416,28.002820,-2.452127,0.012021,3.8714,28.084521,-2.531178,0.021837,3.8462,0.1462,0.435145,0.563731,0.3948,28.084521,-2.531178,0.245864,3.9713,0.366233,-0.135837,85.0913,0,1,clay,1.0000,0.500000,0,0,0.000000,0.000000,0.000000,0,nan,0.00,0.749527,0.7480,0.0000,0.395750,0.6905,1.42,5.38,8.21,5.23,-0.463127,-1.8219,-0.1000,0.008000,0.145664,0.5999,-0.048951,-0.219604,0.045801,2676.65102691196,2386.8649063299736,3915.375705370317,4021.624357994928,0.196833,0.171878,6388.9,6231.7,0.249500,0.109419,0.415246,3.8415,1.0000,,,,,
10.9800,1778843163.519560,803,28.067259,-2.494745,0.022453,3.8684,0.0141,0.422850,28.049180,-2.442487,0.017087,3.8767,28.097578,-2.487784,0.025876,3.8512,0.1348,0.434841,0.558759,0.3987,28.097578,-2.487784,0.232636,3.9706,-1.000000,-0.119103,83.3838,0,1,clay,1.0000,0.500000,0,0,0.000000,0.000000,0.000000,0,nan,0.00,0.726800,0.7463,0.0000,0.383750,0.6891,1.27,5.38,7.92,5.41,-0.453487,-1.5316,-0.0939,0.008000,0.054120,0.2422,-0.031359,-0.238563,0.050796,3047.2050285159767,2714.416637882797,4092.4719719136533,4069.5427272303473,0.204837,0.173687,6390.2,6230.4,0.247188,0.091914,0.366233,3.8467,1.0000,,,,,
10.9920,1778843163.576411,804,28.058082,-2.507893,0.013574,3.8675,0.0582,0.428460,28.095541,-2.432499,0.022201,3.8792,28.087675,-2.501433,0.016887,3.8550,0.1288,0.430333,0.548530,0.3760,28.087675,-2.501433,0.230143,3.9712,-0.909554,-0.101099,83.7778,0,1,clay,1.0000,0.500000,0,0,0.000000,0.000000,0.000000,0,nan,0.00,0.706128,0.7447,0.0000,0.372836,0.6879,1.16,5.45,7.77,5.81,-0.443499,-1.2386,-0.0919,0.008000,0.016691,-0.5773,-0.006613,-0.274179,0.031319,2638.0373868647166,3191.743814977572,3234.0865501160615,4098.22188277739,0.193164,0.173468,6392.8,6227.7,0.242601,0.073049,-1.000000,3.8508,1.0000,,,,,
11.0160,1778843163.582778,805,28.177274,-2.463904,0.037416,3.9178,0.1408,0.417388,28.188078,-2.411864,0.032355,3.8774,28.208429,-2.456205,0.040868,3.8768,0.1532,0.425272,0.532711,0.3655,28.208429,-2.456205,0.354951,3.9668,-0.469461,-0.076418,80.8327,0,1,clay,1.0000,0.500000,0,0,0.000000,0.000000,0.000000,0,nan,0.00,0.684789,0.7415,0.0000,0.361569,0.6860,1.33,5.51,8.17,5.86,-0.436464,-1.8867,-0.0894,0.020000,0.065290,0.5368,0.017031,-0.221691,0.054407,2237.1797329810915,2711.086937740035,3456.2400421681436,4037.74158601933,0.178228,0.164189,6396.8,6223.7,0.235574,-0.012454,-0.454777,3.8725,1.0000,,,,,
11.0400,1778843163.589177,806,28.329832,-2.399013,0.041699,3.8974,0.1856,0.404636,28.280213,-2.390585,0.042176,3.8639,28.364069,-2.390218,0.045425,3.8845,0.1853,0.417847,0.437547,0.3574,28.364069,-2.390218,0.327713,4.0007,-1.000000,0.033211,80.9131,0,1,clay,1.0000,0.500000,0,0,0.000000,0.000000,0.000000,0,nan,0.00,0.639335,0.7386,0.0000,0.337569,0.6868,1.70,5.49,8.89,5.40,-0.415185,-1.3240,-0.1368,0.020000,0.130258,-0.0793,-0.006755,-0.192898,0.079032,2118.346275348548,2505.389145789796,3133.732940886538,3976.5014958981806,0.161976,0.152795,6421.0,6199.6,0.193494,-0.041196,-0.469461,3.8806,1.0000,,,,,
11.0520,1778843163.595125,807,28.295571,-2.381060,0.046531,3.8071,0.0792,0.401963,28.326051,-2.379685,0.047014,3.8528,28.332256,-2.371601,0.050475,3.8702,0.1764,0.406968,0.403895,0.3280,28.332256,-2.371601,0.318773,3.9905,-1.000000,0.126426,82.6473,0,1,clay,1.0000,0.500000,0,0,0.000000,0.000000,0.000000,0,nan,0.00,0.616607,0.7373,0.0000,0.325569,0.6883,2.05,5.47,9.57,5.35,-0.404285,-1.0469,-0.1378,0.008000,0.103929,0.3082,-0.039555,-0.226931,0.091178,2169.9862655155357,2444.847003641743,2589.1494015951785,3948.132737689098,0.140409,0.153844,6429.8,6190.8,0.178194,-0.037350,-2.000000,3.8663,1.0000,,,,,
11.0640,1778843163.603792,808,28.432792,-2.362779,0.051712,3.7936,0.0554,0.403901,28.371684,-2.368540,0.051861,3.8401,28.467519,-2.353786,0.055430,3.8556,0.1612,0.401844,0.370381,0.3164,28.467519,-2.353786,0.321389,4.0293,-1.000000,0.218857,87.1725,0,1,clay,1.0000,0.500000,0,0,0.000000,0.000000,0.000000,0,nan,0.00,0.593880,0.7362,0.0000,0.313569,0.6910,1.83,5.43,9.08,5.17,-0.393140,-0.7691,-0.1892,0.008000,0.114571,-0.3358,-0.062280,-0.282418,0.050900,2056.867085333089,2870.511102230558,2499.691900529294,3981.9040650334355,0.131261,0.156130,6438.5,6182.1,0.163027,-0.048011,-1.000000,3.8523,1.0000,,,,,
11.0760,1778843163.615621,809,28.486309,-2.361771,0.059984,3.8455,0.1499,0.399596,28.417129,-2.357270,0.056645,3.8284,28.519259,-2.352946,0.063488,3.8539,0.1639,0.397112,0.341866,0.3049,28.519259,-2.352946,0.330191,4.0343,-0.785350,0.299242,88.5562,0,1,clay,1.0000,0.500000,0,0,0.000000,0.000000,0.000000,0,nan,0.00,0.576031,0.7352,0.0000,0.304144,0.6946,1.63,5.40,8.65,5.24,-0.400970,-1.7290,-0.2059,0.008000,0.079409,-0.3075,-0.051599,-0.239483,0.063275,2063.305063891714,2402.0629148662983,2378.02767935421,3975.769448272499,0.117825,0.152583,6445.9,6174.7,0.150108,-0.074590,-1.000000,3.8510,1.0000,,,,,
11.0880,1778843163.675015,810,28.366174,-2.376638,0.057983,3.8508,0.1188,0.390544,28.462374,-2.345844,0.061379,3.8166,28.397793,-2.368303,0.061306,3.8537,0.1615,0.392413,0.331110,0.2976,28.397793,-2.368303,0.329446,4.0115,-0.462875,0.347687,87.5419,0,1,clay,1.0000,0.500000,0,0,0.000000,0.000000,0.000000,0,nan,0.00,0.565511,0.7344,0.0000,0.298590,0.6987,1.46,5.46,8.38,5.79,-0.389544,-1.4577,-0.1949,0.008000,0.116346,-0.6519,-0.056112,-0.215361,0.088001,1872.4803409258889,2607.4843295675805,2293.0860215618372,3923.035508213612,0.109494,0.150444,6448.7,6171.8,0.145098,-0.090199,-0.785350,3.8509,1.0000,,,,,
11.1120,1778843163.681369,811,28.575697,-2.328744,0.073985,3.8708,0.1217,0.388172,28.552309,-2.322413,0.070739,3.7981,28.608274,-2.319661,0.077366,3.8599,0.1651,0.386423,0.298345,0.2946,28.608274,-2.319661,0.325913,4.0277,-0.422648,0.411348,88.5748,0,1,clay,1.0000,0.500000,0,0,0.000000,0.000000,0.000000,0,nan,0.00,0.546300,0.7333,0.0000,0.288446,0.7086,1.57,5.52,8.66,5.86,-0.366113,-0.9214,-0.2296,0.020000,0.133704,0.8058,-0.052464,-0.202573,0.097203,1994.5152412703492,2533.8011551601176,2737.5953438521524,3909.585582520768,0.105809,0.146738,6457.2,6163.4,0.130411,-0.022891,-0.231437,3.8574,1.0000,,,,,
11.1480,1778843163.687772,812,28.653157,-2.371183,0.082146,3.8082,0.0848,0.374123,28.686255,-2.286031,0.084386,3.7808,28.684911,-2.362286,0.085370,3.8390,0.1510,0.374893,0.264025,0.2849,28.684911,-2.362286,0.364115,4.0232,0.367040,0.490909,95.9660,0,1,clay,1.0000,0.500000,0,0,0.000000,0.000000,0.000000,0,nan,0.00,0.571325,0.7331,0.0000,0.301660,0.7263,1.46,5.46,8.39,5.16,-0.354131,-1.3555,-0.2423,0.008000,0.126866,-0.2901,-0.091421,-0.234425,0.088416,2140.324345016961,2178.591020781114,2467.2820561363374,3798.2365847319065,0.102251,0.145850,6466.0,6154.6,0.115044,0.002643,-0.281765,3.8368,1.0000,,,,,
11.1600,1778843163.699688,813,28.697785,-2.265495,0.087229,3.8479,0.0812,0.372862,28.730660,-2.273537,0.088876,3.7752,28.728274,-2.256822,0.090322,3.8410,0.1496,0.377166,0.251126,0.3046,28.728274,-2.256822,0.485430,4.0279,-1.000000,0.539927,95.4153,0,1,clay,1.0000,0.500000,0,0,0.000000,0.000000,0.000000,0,nan,0.00,0.548598,0.7332,0.0000,0.289660,0.7328,1.32,5.43,8.07,5.22,-0.341637,-1.0983,-0.2527,0.008000,0.017629,-0.2259,-0.071654,-0.213004,0.104406,2408.0864636831857,3008.330456857716,1929.4144473845536,3813.974055680987,0.117883,0.145394,6469.4,6151.2,0.109124,-0.008621,1.101120,3.8390,1.0000,,,,,
11.1720,1778843163.711689,814,28.742986,-2.293906,0.090647,3.7807,0.1785,0.374162,28.774940,-2.260785,0.093374,3.7703,28.772299,-2.285399,0.093602,3.8295,0.1577,0.371053,0.240148,0.2818,28.772299,-2.285399,0.522550,4.0419,-1.000000,0.584135,99.4584,0,1,clay,1.0000,0.500000,0,0,0.000000,0.000000,0.000000,0,nan,0.00,0.525871,0.7335,0.0000,0.277660,0.7398,1.20,5.40,7.80,5.27,-0.328885,-0.8405,-0.2717,0.008000,0.113015,-0.2846,-0.065010,-0.183400,0.104329,2424.8722937931543,2769.2835385605285,2099.3803026138967,3745.5397122119675,0.102377,0.140807,6472.2,6148.3,0.104168,0.010586,-1.000000,3.8277,1.0000,,,,,
11.1840,1778843163.723734,815,28.814779,-2.119302,0.096306,3.7506,0.1345,0.372169,28.819105,-2.247813,0.097847,3.7663,28.843164,-2.110899,0.099156,3.8145,0.1576,0.366374,0.232298,0.2700,28.843164,-1.921412,0.116088,4.0813,-1.000000,0.611343,100.3163,0,1,clay,1.0000,0.500000,0,0,0.000000,0.000000,0.000000,0,nan,0.00,0.503144,0.7340,0.0000,0.265660,0.7471,1.11,5.41,7.63,5.42,-0.315913,-0.5842,-0.3150,0.008000,0.154636,-0.3949,-0.075350,-0.181496,0.103079,2428.0815729138303,2887.5174739981544,1972.056780765552,3700.5572355654685,0.089563,0.139309,6474.3,6146.3,0.100602,0.020198,-1.000000,3.8128,1.0000,,,,,
11.1960,1778843163.776375,816,28.867202,-2.215965,0.092889,3.8066,0.2526,0.367873,28.863199,-2.234720,0.102236,3.7670,28.894991,-2.207711,0.095651,3.8132,0.1775,0.361821,0.227069,0.2582,28.894991,-2.207711,0.464123,4.1151,-1.000000,0.639204,103.2291,0,1,clay,1.0000,0.500000,0,0,0.000000,0.000000,0.000000,0,nan,0.00,0.480416,0.7346,0.0000,0.253660,0.7548,1.03,5.47,7.52,5.83,-0.302820,-0.3327,-0.3481,0.008000,0.102586,-0.4388,-0.075224,-0.150249,0.103693,2192.8340041467777,2876.367275126726,1799.9145426623618,3639.037339000682,0.071980,0.131448,6475.6,6145.0,0.098246,0.009102,-1.000000,3.8116,1.0000,,,,,
11.2200,1778843163.782763,817,28.786092,-2.305847,0.108177,3.6972,0.1757,0.363061,28.951103,-2.207855,0.110955,3.7574,28.815138,-2.296688,0.111051,3.7761,0.1858,0.353083,0.206270,0.2457,28.815138,-2.296688,0.551240,4.0640,0.155460,0.688764,112.3518,0,1,clay,1.0000,0.500000,0,0,0.000000,0.000000,0.000000,0,nan,0.00,0.487483,0.7367,0.0000,0.257391,0.7713,1.22,5.52,7.97,5.83,-0.305755,-1.0210,-0.3067,0.008000,0.221798,-0.4487,-0.115287,-0.135588,0.104004,2428.2810572249805,2760.8236249809133,1613.771833653017,3500.9975338074123,0.057589,0.127726,6481.0,6139.6,0.088842,0.041684,-0.500000,3.7745,1.0000,,,,,
11.2440,1778843163.789082,818,29.128353,-2.219488,0.117043,3.7644,0.1755,0.363039,29.038536,-2.179877,0.119695,3.7516,29.160040,-2.209139,0.120164,3.7729,0.1968,0.351004,0.201505,0.2587,29.160040,-2.209139,0.523203,4.1614,0.129182,0.723694,117.3388,0,1,clay,1.0000,0.500000,0,0,0.000000,0.000000,0.000000,0,nan,0.00,0.493355,0.7394,0.0000,0.260491,0.7887,1.57,5.48,8.62,5.25,-0.277777,-0.5202,-0.4098,nan,nan,nan,nan,nan,nan,2761.007008858259,2632.7355807541953,1680.018348792861,3508.344053783795,0.060812,0.124465,6482.4,6138.1,0.086337,0.028396,0.155460,3.7712,1.0000,,,,,
11.2560,1778843163.795447,819,29.196934,-2.128858,0.118298,3.7017,0.1240,0.359811,29.082136,-2.165605,0.123991,3.7518,29.227056,-2.119035,0.121267,3.7594,0.1897,0.350638,0.203119,0.2616,29.227056,-1.870619,0.146961,4.1617,-1.000000,0.739809,119.3628,0,1,clay,1.0000,0.500000,0,0,0.000000,0.000000,0.000000,0,nan,0.00,0.470627,0.7409,0.0000,0.248491,0.7975,1.39,5.44,8.23,5.23,-0.263505,-0.2741,-0.4099,0.008000,0.185416,-0.2613,-0.107672,-0.123371,0.102102,2842.538191461257,2985.1214376559474,1674.074300991178,3458.427626733376,0.065893,0.125872,6482.0,6138.5,0.087042,0.046841,0.258364,3.7578,1.0000,,,,,
11.2680,1778843163.807703,820,29.128511,-2.149241,0.126246,3.7028,0.1419,0.356247,29.125663,-2.151119,0.128250,3.7504,29.157477,-2.139613,0.129085,3.7487,0.1827,0.344879,0.203028,0.2405,29.157477,-1.880715,0.141261,4.1617,-1.000000,0.753299,120.7656,0,1,clay,1.0000,0.500000,0,0,0.000000,0.000000,0.000000,0,nan,0.00,0.447900,0.7425,0.0000,0.236491,0.8066,1.27,5.42,7.97,5.27,-0.283919,-1.1811,-0.4113,0.008000,0.024489,-0.1027,-0.118968,-0.123546,0.101251,2240.8372724216642,2292.230135393388,1550.912517287475,3430.9527453685187,0.054910,0.125791,6482.0,6138.5,0.087034,0.053238,-1.000000,3.7471,1.0000,,,,,
11.2800,1778843163.819607,821,29.208786,-2.173236,0.128271,3.7919,0.1962,0.359280,29.169092,-2.136327,0.132536,3.7485,29.236876,-2.163829,0.131002,3.7573,0.1868,0.341767,0.198256,0.2288,29.236876,-1.869161,0.147774,4.1634,-0.333380,0.765257,121.0396,0,1,clay,1.0000,0.500000,0,0,0.000000,0.000000,0.000000,0,nan,0.00,0.440323,0.7443,0.0000,0.232491,0.8158,1.16,5.42,7.74,5.41,-0.269127,-0.9355,-0.4149,0.008000,0.062179,-0.1396,-0.097760,-0.105657,0.112778,2792.799876815864,2889.9364998301935,1378.2153642385738,3476.3277064725094,0.041660,0.122659,6483.2,6137.3,0.084963,0.027289,-1.000000,3.7558,1.0000,,,,,
11.2920,1778843163.874653,822,29.277268,-2.090692,0.133778,3.8125,0.2068,0.357780,29.212419,-2.121242,0.136823,3.7463,29.304682,-2.081313,0.136433,3.7682,0.1939,0.341179,0.196649,0.2300,29.304682,-1.858872,0.153383,4.1902,-1.000000,0.765127,118.1082,0,1,clay,1.0000,0.500000,0,0,0.000000,0.000000,0.000000,0,nan,0.00,0.417596,0.7462,0.0000,0.220491,0.8250,1.06,5.50,7.63,5.99,-0.254042,-0.6899,-0.4438,0.008000,0.110241,-0.1155,-0.070976,-0.075146,0.125996,2033.0000749808667,2871.6090240070575,1289.3047599050626,3450.8991571997294,0.036450,0.119348,6483.6,6136.9,0.084278,0.025211,-0.333380,3.7668,1.0000,,,,,
11.3160,1778843163.881182,823,29.325735,-2.146957,0.146954,3.7433,0.2450,0.348169,29.298922,-2.090520,0.145233,3.7512,29.354811,-2.136470,0.149734,3.7606,0.2136,0.332251,0.188419,0.2124,29.354811,-1.851018,0.157468,4.2225,-0.196962,0.780785,122.1879,0,1,clay,1.0000,0.500000,0,0,0.000000,0.000000,0.000000,0,nan,0.00,0.408643,0.7508,0.0000,0.215764,0.8437,1.28,5.54,8.10,5.77,-0.223320,-0.2080,-0.4713,0.020000,0.077427,0.8663,-0.076813,-0.074250,0.092233,2520.8695738630317,3683.424061955212,897.1165342677886,3252.413263622804,0.019784,0.110930,6485.8,6134.8,0.080471,0.046574,-0.500000,3.7591,1.0000,,,,,
11.3400,1778843163.887409,824,29.348614,-2.145952,0.154457,3.6911,0.2648,0.340906,29.385232,-2.058870,0.153491,3.7538,29.380234,-2.134128,0.157450,3.7388,0.2351,0.325042,0.203336,0.2140,29.380234,-1.846954,0.159518,4.2408,-0.166416,0.781273,126.6705,0,1,clay,1.0000,0.500000,0,0,0.000000,0.000000,0.000000,0,nan,0.00,0.401079,0.7559,0.0000,0.211770,0.8624,1.65,5.48,8.79,5.16,-0.231770,-0.8878,-0.4871,0.020000,0.170071,0.4640,-0.059637,-0.051998,0.108526,2610.0375642135104,3448.470584990345,599.1591232100775,3048.1280704153423,0.010319,0.102923,6482.2,6138.3,0.086730,0.069959,-0.196962,3.7371,1.0000,,,,,
11.3520,1778843163.893003,825,29.534587,-1.989879,0.158328,3.8344,0.2704,0.342774,29.428318,-2.042631,0.157605,3.7591,29.566459,-1.977800,0.161316,3.7578,0.2432,0.322898,0.217587,0.2103,29.566459,-1.815585,0.174105,4.3390,-1.000000,0.751678,122.4528,0,1,clay,1.0000,0.500000,0,0,0.000000,0.000000,0.000000,0,nan,0.00,0.378352,0.7584,0.0000,0.199770,0.8715,1.70,5.44,8.85,5.21,-0.215531,-0.6521,-0.5800,0.008000,0.099462,0.1755,-0.037154,-0.052203,0.084711,2752.6722914240036,2762.841164018725,514.9768968388187,3090.5261092845135,0.005466,0.098810,6478.6,6141.9,0.093007,0.038287,-0.332832,3.7559,1.0000,,,,,
11.3640,1778843163.903630,826,29.570603,-2.040648,0.152689,3.7660,0.1734,0.341803,29.471371,-2.026124,0.161702,3.7631,29.601156,-2.029419,0.155519,3.7597,0.2297,0.318445,0.222446,0.1913,29.601156,-1.809436,0.176738,4.3427,-0.647264,0.734131,122.8686,0,1,clay,1.0000,0.500000,0,0,0.000000,0.000000,0.000000,0,nan,0.00,0.363641,0.7610,0.0000,0.192002,0.8803,1.52,5.41,8.46,5.24,-0.199024,-0.4174,-0.5796,0.008000,0.046179,-0.2086,-0.021851,-0.046324,0.110504,2366.2961962002655,3089.741968524354,447.6156417446306,3068.3077939847767,-0.003064,0.100718,6477.2,6143.3,0.095400,0.060930,-1.000000,3.7579,1.0000,,,,,
11.3760,1778843163.915685,827,29.531070,-2.054360,0.171154,3.7676,0.2717,0.341230,29.514402,-2.009400,0.165791,3.7671,29.560265,-2.042965,0.173863,3.7616,0.2371,0.316829,0.229175,0.1867,29.560265,-1.816673,0.173632,4.3379,-1.000000,0.719030,121.1879,0,1,clay,1.0000,0.500000,0,0,0.000000,0.000000,0.000000,0,nan,0.00,0.340914,0.7638,0.0000,0.180002,0.8889,1.38,5.38,8.14,5.19,-0.182300,-0.1831,-0.5709,0.008000,0.037299,0.4344,-0.009271,-0.013943,0.113538,2875.05884178646,2269.089790932303,145.5175156566558,3008.093425871124,-0.012827,0.097186,6475.4,6145.1,0.098541,0.063662,-0.647264,3.7598,1.0000,,,,,
11.3880,1778843163.972678,828,29.514712,-2.014472,0.172491,3.7371,0.3098,0.341784,29.557391,-1.992387,0.169880,3.7704,29.542815,-2.003372,0.175088,3.7572,0.2478,0.313601,0.237169,0.1721,29.542815,-1.819722,0.172295,4.3340,-1.000000,0.702132,121.0458,0,1,clay,1.0000,0.500000,0,0,0.000000,0.000000,0.000000,0,nan,0.00,0.318186,0.7666,0.0000,0.168002,0.8973,1.25,5.46,7.96,5.94,-0.165287,0.0512,-0.5637,0.008000,0.089384,0.4190,-0.021765,-0.002342,0.107290,2567.895611131747,2636.4049754123316,-107.01912441770018,2908.5242606978377,-0.028674,0.092587,6473.3,6147.2,0.102217,0.078342,-1.000000,3.7554,1.0000,,,,,
11.4120,1778843163.979183,829,29.748066,-1.907047,0.170801,3.8404,0.2587,0.341740,29.643294,-1.957597,0.178049,3.7821,29.777749,-1.895447,0.173492,3.7851,0.2496,0.308469,0.267159,0.1597,29.777749,-1.776700,0.189747,4.3222,-1.000000,0.644482,116.8082,0,1,clay,1.0000,0.500000,0,0,0.000000,0.000000,0.000000,0,nan,0.00,0.272732,0.7727,0.0000,0.144002,0.9128,1.40,5.52,8.31,5.82,-0.175597,-0.5550,-0.5401,0.020000,0.094547,0.0143,-0.004957,0.005773,0.116774,2608.5297895021167,2813.6895549274104,-466.6883816800254,2916.598448996767,-0.039842,0.089930,6465.8,6154.8,0.115402,0.058106,-0.500000,3.7829,1.0000,,,,,
11.4360,1778843163.985467,830,29.703581,-1.930371,0.179974,3.8148,0.3073,0.336777,29.729156,-1.921822,0.186160,3.7924,29.735730,-1.917449,0.182829,3.7957,0.2602,0.297369,0.278685,0.1351,29.735730,-1.784703,0.186701,4.3298,-0.843770,0.601190,113.3741,0,1,clay,1.0000,0.500000,0,0,0.000000,0.000000,0.000000,0,nan,0.00,0.234379,0.7790,0.0000,0.123752,0.9272,1.72,5.48,8.91,5.30,-0.139822,-0.0903,-0.5374,0.020000,0.077519,-0.1710,0.013798,0.022605,0.115268,2103.023660623844,2493.299910066641,-745.6581266541352,2739.6528685170465,-0.067051,0.083506,6462.8,6157.7,0.120503,0.072354,-1.000000,3.7933,1.0000,,,,,
11.4480,1778843163.991205,831,29.834365,-1.793818,0.191075,3.7699,0.2388,0.336210,29.772059,-1.903580,0.190211,3.7984,29.868807,-1.779695,0.194091,3.7915,0.2495,0.287521,0.286701,0.1156,29.868807,-1.758895,0.196480,4.3104,-1.000000,0.561124,116.3503,0,1,clay,1.0000,0.500000,0,0,0.000000,0.000000,0.000000,0,nan,0.00,0.211651,0.7820,0.0000,0.111752,0.9340,2.07,5.41,9.56,4.98,-0.121580,0.1418,-0.5119,0.008000,0.228974,0.0642,0.029569,0.002442,0.106931,2771.7095705561915,2428.692234956687,-910.303407230856,2717.3835488768027,-0.085673,0.084535,6460.8,6159.7,0.124032,0.084038,-1.687540,3.7887,1.0000,,,,,
11.4600,1778843163.999722,832,29.815181,-1.926362,0.196452,3.8567,0.3524,0.334507,29.814939,-1.885091,0.194242,3.8044,29.847736,-1.912712,0.199290,3.8045,0.2621,0.285977,0.291105,0.1027,29.847736,-1.763071,0.194905,4.3121,-0.173441,0.540470,111.9460,0,1,clay,1.0000,0.500000,0,0,0.000000,0.000000,0.000000,0,nan,0.00,0.207710,0.7850,0.0000,0.109671,0.9404,1.84,5.38,9.07,5.22,-0.103091,0.3728,-0.5077,0.008000,0.138061,0.1631,0.022306,0.048382,0.144094,2643.6437162993043,2563.862092149063,-1137.6399264249678,2648.0410156323655,-0.100862,0.079100,6459.5,6161.0,0.126279,0.064286,-1.000000,3.8019,1.0000,,,,,
11.4720,1778843164.011718,833,29.815620,-1.757908,0.202398,3.7433,0.3125,0.331976,29.857807,-1.866401,0.198234,3.8088,29.846497,-1.744669,0.205104,3.7931,0.2688,0.287315,0.291268,0.1082,29.846497,-1.763316,0.194813,4.3122,-1.000000,0.521621,116.9151,0,1,clay,1.0000,0.500000,0,0,0.000000,0.000000,0.000000,0,nan,0.00,0.184982,0.7880,0.0000,0.097671,0.9467,1.65,5.35,8.65,5.17,-0.084401,0.6015,-0.5034,0.008000,0.202035,0.8614,0.008569,0.064104,0.128231,2608.731804866119,2377.023367157239,-1319.5758700928186,2508.539160832908,-0.104564,0.076977,6459.4,6161.2,0.126534,0.095134,-0.173441,3.7905,1.0000,,,,,
11.4840,1778843164.070920,834,29.932871,-1.831486,0.215106,3.6608,0.3574,0.331009,29.900643,-1.847498,0.202198,3.8135,29.962017,-1.818436,0.217674,3.7679,0.2778,0.283753,0.298900,0.0894,29.962017,-1.739999,0.203570,4.3163,-1.000000,0.516917,121.2700,0,1,clay,1.0000,0.500000,0,0,0.000000,0.000000,0.000000,0,nan,0.00,0.162255,0.7911,0.0000,0.085671,0.9529,1.48,5.42,8.37,5.81,-0.115398,-0.2472,-0.5028,0.008000,0.074951,0.5478,-0.019076,0.073202,0.132507,2746.9335886485933,2485.7809845200586,-1326.215609569942,2338.2666218486374,-0.120888,0.073191,6457.4,6163.2,0.130064,0.117580,-1.000000,3.7654,1.0000,,,,,
11.5080,1778843164.077254,835,29.995448,-1.843895,0.207526,3.7366,0.3249,0.330173,29.986206,-1.808941,0.210121,3.8233,30.025859,-1.830553,0.210162,3.7588,0.2810,0.276715,0.319511,0.0770,30.025859,-1.726655,0.208517,4.3382,-0.304278,0.496904,123.1324,0,1,clay,1.0000,0.500000,0,0,0.000000,0.000000,0.000000,0,nan,0.00,0.148424,0.7975,0.0000,0.078368,0.9648,1.62,5.49,8.73,5.93,-0.076841,0.2067,-0.5149,0.020000,0.098254,0.0617,-0.024850,0.109643,0.165578,2387.8083711526942,1689.7602344216616,-1509.4442343099179,2267.9581379322153,-0.134614,0.070215,6452.2,6168.4,0.139101,0.105825,-0.500000,3.7561,1.0000,,,,,
11.5440,1778843164.083700,836,30.108585,-1.696732,0.223042,3.8398,0.2772,0.331116,30.114392,-1.749426,0.222008,3.8388,30.138267,-1.683350,0.225598,3.7939,0.2697,0.276418,0.327359,0.0758,30.138267,-1.702375,0.216855,4.4111,-1.000000,0.453363,118.6416,0,1,clay,1.0000,0.500000,0,0,0.000000,0.000000,0.000000,0,nan,0.00,0.080242,0.8074,0.0000,0.042368,0.9811,1.46,5.44,8.36,5.13,-0.017326,0.8878,-0.5723,0.008000,0.080810,0.6003,-0.032464,0.131600,0.194106,2466.4728633370296,1853.5206034087541,-1484.2349549908051,2399.9612106750164,-0.136107,0.072265,6450.1,6170.4,0.142695,0.083511,-0.202852,3.7911,1.0000,,,,,
11.5560,1778843164.095603,837,30.151448,-1.736847,0.230644,3.7928,0.2735,0.330791,30.157054,-1.729129,0.225981,3.8442,30.179837,-1.723918,0.233059,3.7941,0.2580,0.268180,0.331216,0.0343,30.179837,-1.693152,0.219791,4.4442,-1.000000,0.428699,117.5540,0,1,clay,1.0000,0.500000,0,0,0.000000,0.000000,0.000000,0,nan,0.00,0.057515,0.8104,0.0000,0.030368,0.9863,1.31,5.40,8.03,5.17,-0.051829,0.0809,-0.6000,0.008000,0.124777,0.4470,-0.028684,0.177734,0.248144,2364.419409552415,1666.0022830903931,-1350.6561858233458,2385.8543449718904,-0.170854,0.073140,6449.0,6171.6,0.144629,0.094795,-3.000000,3.7915,1.0000,,,,,
11.5680,1778843164.107637,838,30.213458,-1.693247,0.237358,3.7595,0.2822,0.331958,30.199670,-1.708577,0.229975,3.8488,30.240739,-1.680621,0.239684,3.7879,0.2548,0.266993,0.340230,0.0226,30.240739,-1.679412,0.223949,4.4938,-1.000000,0.403993,120.0528,0,1,clay,1.0000,0.500000,0,0,0.000000,0.000000,0.000000,0,nan,0.00,0.034788,0.8133,0.0000,0.018368,0.9911,1.19,5.37,7.76,5.23,-0.031277,0.3098,-0.6450,0.008000,0.074468,0.5426,-0.048337,0.130863,0.205660,2403.005125469749,2075.769024570456,-1644.1036778858645,2367.377382480362,-0.182709,0.073631,6446.6,6173.9,0.148750,0.103214,-1.000000,3.7853,1.0000,,,,,
11.5800,1778843164.119672,839,30.248555,-1.600134,0.244859,3.8529,0.3286,0.331990,30.242258,-1.687802,0.233974,3.8535,30.275052,-1.587606,0.247114,3.8010,0.2600,0.265960,0.342875,0.0108,30.275052,-1.671556,0.226231,4.5208,-1.000000,0.375339,120.7410,0,1,clay,1.0000,0.500000,0,0,0.000000,0.000000,0.000000,0,nan,0.00,0.012061,0.8162,0.0000,0.006368,0.9956,1.10,5.39,7.59,5.51,-0.010502,0.5389,-0.6672,0.008000,0.046340,0.6316,-0.023804,0.190374,0.266910,2569.5713314336053,1773.1900649306544,-1686.9484114811853,2371.901464582842,-0.195870,0.071326,6445.9,6174.7,0.150042,0.079168,-1.000000,3.7984,1.0000,,,,,
11.5920,1778843164.172696,840,30.250479,-1.739600,0.239663,3.8970,0.3956,0.341250,30.284750,-1.666754,0.238036,3.8503,30.276650,-1.727275,0.241883,3.8199,0.2751,0.266000,0.328550,-0.0011,30.276650,-1.671188,0.226338,4.5220,0.350428,0.377205,113.4116,0,1,clay,1.0000,0.500000,0,0,0.000000,0.000000,0.000000,0,nan,0.00,0.020025,0.8191,0.0000,0.010573,1.0002,1.02,5.47,7.51,5.92,0.010546,0.7716,-0.6717,0.008000,0.096783,-0.3659,0.019671,0.161266,0.220616,2533.9986541426706,2364.2914575835184,-1723.604564929968,2385.6060518155064,-0.212287,0.066742,6449.5,6171.1,0.143836,0.067907,-1.000000,3.8175,1.0000,,,,,
11.6160,1778843164.179278,841,30.321308,-1.689177,0.249743,3.9043,0.3917,0.345501,30.369445,-1.623675,0.246347,3.8666,30.349547,-1.675350,0.252152,3.8487,0.2961,0.267238,0.380558,0.0134,30.349547,-1.654215,0.231190,4.5752,-0.743985,0.307915,108.3830,0,1,clay,1.0000,0.500000,0,0,0.000000,0.000000,0.000000,0,nan,0.00,-0.013793,0.8250,0.0000,-0.007283,1.0076,1.26,5.51,8.04,5.73,0.053625,1.2479,-0.7086,0.008000,0.056487,0.6824,0.054860,0.187932,0.230295,2285.468696428236,2123.145554756412,-1776.5662765398492,2228.119940702969,-0.214066,0.061514,6436.4,6184.2,0.166698,0.073181,0.175214,3.8456,1.0000,,,,,
11.6400,1778843164.185473,842,30.519119,-1.621427,0.262575,3.8730,0.3104,0.322450,30.454430,-1.580265,0.254254,3.8890,30.550404,-1.605932,0.265150,3.8582,0.2775,0.250475,0.415958,-0.0139,30.550404,-1.605510,0.244589,4.6967,-0.587347,0.218817,108.8053,0,1,clay,1.0000,0.500000,0,0,0.000000,0.000000,0.000000,0,nan,0.00,-0.040490,0.8306,0.0000,-0.021379,1.0128,1.68,5.46,8.82,5.13,0.037735,0.7462,-0.8077,nan,nan,nan,nan,nan,nan,1600.3941575868923,1516.807585047828,-1893.4552387334688,2013.2636375331717,-0.227045,0.061693,6427.3,6193.2,0.182454,0.092067,-0.743985,3.8545,1.0000,,,,,
11.6520,1778843164.191446,843,30.435646,-1.557858,0.261295,3.9481,0.4396,0.323700,30.497015,-1.558393,0.258129,3.8989,30.465566,-1.542963,0.263736,3.8762,0.2952,0.249481,0.423936,-0.0263,30.465566,-1.626430,0.238930,4.6495,-1.000000,0.154780,107.6578,0,1,clay,1.0000,0.500000,0,0,0.000000,0.000000,0.000000,0,nan,0.00,-0.063218,0.8331,0.0000,-0.033379,1.0147,1.50,5.41,8.41,5.17,0.059607,0.9682,-0.7506,0.008000,0.062898,0.4616,0.046002,0.257991,0.287083,1694.6608514226814,1406.8532359215947,-1845.5938939836803,1897.3729875446911,-0.244629,0.055207,6425.1,6195.5,0.186367,0.077197,-1.174694,3.8726,1.0000,,,,,
11.6640,1778843164.203644,844,30.526128,-1.597025,0.259922,4.0040,0.3446,0.324898,30.539619,-1.536321,0.262023,3.9070,30.555122,-1.582719,0.262260,3.9016,0.2930,0.248203,0.433709,-0.0415,30.555122,-1.604331,0.244902,4.6991,-0.901413,0.099735,101.9325,0,1,clay,1.0000,0.500000,0,0,0.000000,0.000000,0.000000,0,nan,0.00,-0.083704,0.8356,0.0000,-0.044196,1.0159,1.36,5.39,8.11,5.26,0.081679,1.1913,-0.7921,0.008000,0.027784,0.0026,0.070806,0.234800,0.248266,1792.1746197816492,1457.2406260098496,-1943.9772141901326,1926.884670491534,-0.254415,0.054679,6422.4,6198.1,0.190943,0.070413,-1.000000,3.8981,1.0000,,,,,
11.6760,1778843164.215564,845,30.592217,-1.530905,0.257494,3.9501,0.4333,0.326297,30.582241,-1.514061,0.265944,3.9172,30.620235,-1.517061,0.259744,3.9116,0.3069,0.247998,0.439457,-0.0513,30.620235,-1.587909,0.249199,4.7319,-1.000000,0.052036,102.8168,0,1,clay,1.0000,0.500000,0,0,0.000000,0.000000,0.000000,0,nan,0.00,-0.106431,0.8380,0.0000,-0.056196,1.0165,1.22,5.35,7.80,5.15,0.103939,1.4160,-0.8147,0.008000,0.006023,-0.5093,0.086175,0.258197,0.262711,2002.3186828976236,1460.5492676497215,-2003.4354582031037,1791.9025306239175,-0.268315,0.050144,6420.9,6199.7,0.193692,0.084137,-0.901413,3.9081,1.0000,,,,,
11.6880,1778843164.270574,846,30.623961,-1.485314,0.270532,3.9209,0.4091,0.319818,30.624910,-1.491609,0.269856,3.9308,30.650948,-1.471509,0.272698,3.9140,0.3133,0.245903,0.442336,-0.0638,30.650948,-1.580060,0.251211,4.7466,-1.000000,0.017685,104.8954,0,1,clay,1.0000,0.500000,0,0,0.000000,0.000000,0.000000,0,nan,0.00,-0.129159,0.8402,0.0000,-0.068196,1.0167,1.12,5.43,7.67,5.88,0.126391,1.6401,-0.8158,0.008000,0.056762,-0.1821,0.075359,0.278126,0.274643,1720.467903012613,1160.8008085035967,-2009.7006592634962,1659.6268353263235,-0.281483,0.047214,6420.0,6200.5,0.195133,0.094203,-1.000000,3.9106,1.0000,,,,,
11.7120,1778843164.276996,847,30.709713,-1.441327,0.276537,3.8996,0.3435,0.314969,30.710630,-1.446716,0.277308,3.9496,30.738385,-1.426660,0.278780,3.9104,0.2979,0.234837,0.411604,-0.0763,30.738385,-1.557356,0.256887,4.7869,-1.000000,0.023870,108.3033,0,1,clay,1.0000,0.500000,0,0,0.000000,0.000000,0.000000,0,nan,0.00,-0.174613,0.8446,0.0000,-0.092196,1.0173,1.32,5.50,8.15,5.86,0.107584,1.1272,-0.8372,0.020000,0.150280,0.4615,0.054285,0.227149,0.226885,2052.965880139361,1293.2601382374698,-1979.099219258227,1681.8206433010582,-0.289658,0.048087,6427.8,6192.8,0.181675,0.109959,-0.500000,3.9070,1.0000,,,,,
11.7360,1778843164.283319,848,30.853599,-1.466887,0.284495,3.9528,0.3115,0.326254,30.796136,-1.400691,0.285120,3.9622,30.885364,-1.450676,0.286911,3.9256,0.2703,0.220718,0.417596,-0.1011,30.885364,-1.518006,0.266250,4.8529,-0.100625,0.008377,104.3484,0,1,clay,1.0000,0.500000,0,0,0.000000,0.000000,0.000000,0,nan,0.00,-0.179187,0.8485,0.0000,-0.094611,1.0175,1.72,5.47,8.90,5.29,0.153609,1.5748,-0.8907,0.020000,0.155958,0.3220,0.035149,0.201052,0.231677,2579.0735785551424,1393.5584645338226,-2052.27819059685,1900.8908932726397,-0.309031,0.052690,6426.3,6194.3,0.184290,0.098381,-1.000000,3.9219,1.0000,,,,,
11.7480,1778843164.289093,849,30.894342,-1.336341,0.281522,3.8208,0.3859,0.331505,30.838867,-1.377270,0.289104,3.9724,30.926137,-1.320117,0.283958,3.9061,0.2767,0.221532,0.427236,-0.0955,30.926137,-1.506830,0.268806,4.8713,-1.000000,-0.014378,113.5666,0,1,clay,1.0000,0.500000,0,0,0.000000,0.000000,0.000000,0,nan,0.00,-0.201914,0.8503,0.0000,-0.106611,1.0173,1.76,5.42,8.93,5.16,0.177030,1.8030,-0.8988,0.008000,0.103864,-0.4970,0.002530,0.231073,0.254044,2331.9556308433644,1584.7910684038936,-1972.4689153290676,1806.1935906085423,-0.314863,0.051656,6423.8,6196.8,0.188607,0.125127,-0.201249,3.9023,1.0000,,,,,
11.7600,1778843164.299636,850,30.863186,-1.369331,0.288617,4.0589,0.2932,0.334444,30.881620,-1.353634,0.293090,3.9825,30.893663,-1.353639,0.290957,3.9363,0.2658,0.223148,0.435617,-0.1152,30.893663,-1.515740,0.266772,4.8566,-1.000000,-0.043008,107.2734,0,1,clay,1.0000,0.500000,0,0,0.000000,0.000000,0.000000,0,nan,0.00,-0.224642,0.8520,0.0000,-0.118611,1.0168,1.57,5.41,8.55,5.34,0.132666,1.1286,-0.8741,0.008000,0.042902,-0.0039,0.014030,0.221675,0.261633,2789.694817389581,1477.9779392150572,-2084.9433207016064,2054.074097137665,-0.322982,0.055018,6421.6,6199.0,0.192395,0.071987,-1.000000,3.9326,1.0000,,,,,
11.7720,1778843164.311707,851,30.963961,-1.258575,0.289091,3.9463,0.3419,0.338978,30.924335,-1.329691,0.297133,3.9887,30.993310,-1.243422,0.291362,3.9388,0.2655,0.225261,0.431434,-0.1269,30.993310,-1.488175,0.272981,4.9020,-1.000000,-0.069522,113.5061,0,1,clay,1.0000,0.500000,0,0,0.000000,0.000000,0.000000,0,nan,0.00,-0.247369,0.8535,0.0000,-0.130611,1.0160,1.42,5.38,8.22,5.22,0.156609,1.3602,-0.9133,0.008000,0.164887,0.1152,-0.009674,0.204288,0.241485,2225.705763295625,1445.6185546950464,-2099.0174113078865,2053.4094586595124,-0.335660,0.056002,6422.6,6198.0,0.190651,0.099818,-1.000000,3.9353,1.0000,,,,,
11.7840,1778843164.368923,852,30.944953,-1.360407,0.298373,3.9657,0.3161,0.342729,30.966972,-1.305419,0.301247,3.9938,30.973117,-1.345549,0.300580,3.9446,0.2609,0.227763,0.432178,-0.1385,30.973117,-1.493814,0.271731,4.8927,-1.000000,-0.078225,106.1473,0,1,clay,1.0000,0.500000,0,0,0.000000,0.000000,0.000000,0,nan,0.00,-0.270096,0.8550,0.0000,-0.142611,1.0150,1.28,5.44,8.00,5.80,0.180881,1.5959,-0.8989,0.008000,0.036150,0.7924,-0.014357,0.190955,0.246494,2205.1414653809015,346.7904898221917,-2118.291301644921,2151.0135254033544,-0.347078,0.058316,6422.4,6198.2,0.191066,0.114541,-1.000000,3.9412,1.0000,,,,,
11.8080,1778843164.375256,853,31.119259,-1.233988,0.301354,4.0639,0.2933,0.372050,31.051754,-1.255615,0.310011,4.0006,31.148975,-1.218304,0.303725,3.9849,0.2421,0.230979,0.481896,-0.1509,31.148975,-1.443804,0.282233,4.9709,-1.000000,-0.169322,105.5416,0,1,clay,1.0000,0.500000,0,0,0.000000,0.000000,0.000000,0,nan,0.00,-0.315551,0.8576,0.0000,-0.166611,1.0110,1.43,5.51,8.37,5.92,0.230685,2.0981,-0.9704,0.020000,0.128155,0.2330,0.022754,0.176266,0.261738,2069.6107256142895,1952.7095431392615,-2065.839097592182,2554.034999023558,-0.358479,0.066859,6409.8,6210.8,0.213061,0.088764,-0.500000,3.9809,1.0000,,,,,
11.8320,1778843164.381639,854,31.123436,-1.214616,0.319481,4.0964,0.2738,0.352910,31.136678,-1.205167,0.318685,4.0289,31.156204,-1.196952,0.322029,4.0228,0.2146,0.216542,0.485188,-0.1757,31.156204,-1.441707,0.282644,4.9736,-1.000000,-0.239838,102.3444,0,1,clay,1.0000,0.500000,0,0,0.000000,0.000000,0.000000,0,nan,0.00,-0.361005,0.8597,0.0000,-0.190611,1.0052,1.80,5.46,9.07,5.16,0.209033,1.7678,-0.9447,0.020000,0.049031,0.9865,0.066882,0.172329,0.273263,877.2459010497339,1491.0166698287035,-2184.4353947400477,2568.2126431257348,-0.377678,0.071278,6408.7,6211.9,0.214910,0.069190,-1.000000,4.0184,1.0000,,,,,
11.8440,1778843164.387281,855,31.206835,-1.206695,0.319078,4.0254,0.3857,0.341026,31.179413,-1.180137,0.322746,4.0428,31.242098,-1.187791,0.321723,4.0247,0.2146,0.199847,0.498929,-0.2004,31.242098,-1.416537,0.287402,4.9985,-1.000000,-0.297149,100.7488,0,1,clay,1.0000,0.500000,0,0,0.000000,0.000000,0.000000,0,nan,0.00,-0.383733,0.8605,0.0000,-0.202611,1.0016,2.17,5.39,9.73,5.00,0.234063,2.0005,-0.9557,0.008000,0.082203,0.5784,0.052397,0.198193,0.274149,-833.171993524222,1848.4439026070281,-2044.0746204748143,2326.3958297399017,-0.404734,0.066953,6405.0,6215.5,0.221333,0.082549,-2.000000,4.0198,1.0000,,,,,
11.8560,1778843164.395761,856,31.167872,-1.065213,0.342053,4.0701,0.2450,0.321761,31.222315,-1.155289,0.326611,4.0535,31.200913,-1.046700,0.344534,4.0342,0.2041,0.199908,0.507545,-0.2119,31.200913,-1.046700,-0.155182,4.9884,-1.000000,-0.350836,116.0065,0,1,clay,1.0000,0.500000,0,0,0.000000,0.000000,0.000000,0,nan,0.00,-0.406460,0.8612,0.0000,-0.214611,0.9974,1.93,5.37,9.24,5.27,0.258911,2.2219,-0.9348,0.008000,0.143114,2.0593,0.080634,0.185226,0.274117,-242.71715617293466,1641.1256959588231,-2220.6486419184353,2262.0606615977613,-0.410877,0.068483,6402.7,6217.8,0.225315,0.075274,-1.000000,4.0295,1.0000,,,,,
11.8680,1778843164.407602,857,31.391169,-1.084668,0.332945,4.0348,0.2756,0.310680,31.265363,-1.130534,0.330339,4.0661,31.422770,-1.067447,0.335270,4.0351,0.2005,0.198183,0.516361,-0.2234,31.422770,-1.362159,0.297407,5.0000,-1.000000,-0.397067,105.1316,0,1,clay,1.0000,0.500000,0,0,0.000000,0.000000,0.000000,0,nan,0.00,-0.429187,0.8617,0.0000,-0.226611,0.9927,1.71,5.35,8.78,5.21,0.283666,2.4356,-0.9339,0.008000,0.169133,1.1272,0.050615,0.194372,0.279148,296.0160387307929,1273.9802108846043,-2238.45437774104,2143.9328970312354,-0.419097,0.067461,6400.4,6220.2,0.229356,0.083130,-1.000000,4.0305,1.0000,,,,,
11.8800,1778843164.466951,858,31.344557,-1.052083,0.333981,4.0881,0.3268,0.303035,31.308514,-1.105770,0.334012,4.0746,31.374804,-1.035590,0.336167,4.0459,0.2064,0.195798,0.496704,-0.2350,31.374804,-1.035590,-0.101313,5.0000,-1.000000,-0.408216,108.1689,0,1,clay,1.0000,0.500000,0,0,0.000000,0.000000,0.000000,0,nan,0.00,-0.451914,0.8621,0.0000,-0.238611,0.9878,1.53,5.42,8.47,5.81,0.308430,2.6460,-0.9254,0.008000,0.020106,1.1513,0.059689,0.200328,0.268709,542.622926636111,1701.255778802718,-2265.8100095848013,2063.259839277547,-0.429340,0.063402,6405.3,6215.2,0.220787,0.039107,-1.000000,4.0417,1.0000,,,,,
11.9040,1778843164.473348,859,31.347707,-1.032736,0.342350,4.0691,0.3667,0.337899,31.394599,-1.055182,0.341945,4.0875,31.378947,-1.015248,0.344603,4.0547,0.2172,0.190579,0.478057,-0.2473,31.378947,-1.015248,-0.120285,5.0000,-1.000000,-0.399675,109.9287,0,1,clay,1.0000,0.500000,0,0,0.000000,0.000000,0.000000,0,nan,0.00,-0.497369,0.8624,0.0000,-0.262611,0.9782,1.65,5.51,8.80,6.03,0.283118,2.2962,-0.9125,0.020000,0.137681,1.0882,0.062755,0.221463,0.272799,316.8954138510095,1678.7370783910956,-2203.0020005742867,2207.0035783545436,-0.446601,0.059608,6410.0,6210.6,0.212650,0.089057,-0.500000,4.0506,1.0000,,,,,
11.9400,1778843164.479930,860,31.603960,-0.885130,0.346359,4.1472,0.2531,0.263128,31.524992,-0.980905,0.352261,4.1229,31.635104,-0.868319,0.348335,4.0952,0.1872,0.164331,0.489358,-0.2712,31.635104,-0.868319,0.070950,4.9982,-1.000000,-0.448855,105.1258,0,1,clay,1.0000,0.500000,0,0,0.000000,0.000000,0.000000,0,nan,0.00,-0.565551,0.8615,0.0000,-0.298611,0.9620,1.52,5.48,8.52,5.29,0.357395,2.8872,-0.8753,0.008000,0.156040,0.1533,0.019656,0.233596,0.268930,-1523.872378814111,1636.6697155949514,-2241.4053793253165,1707.2613266569574,-0.450636,0.054416,6407.2,6213.4,0.217579,0.064551,-0.666667,4.0910,1.0000,,,,,
11.9520,1778843164.491681,861,31.645760,-0.961745,0.357244,4.0709,0.1707,0.252826,31.568882,-0.956698,0.355300,4.1339,31.675648,-0.945585,0.359055,4.0912,0.1613,0.151769,0.489664,-0.3068,31.675648,-0.945585,-0.072281,4.9988,-0.601780,-0.470228,100.0381,0,1,clay,1.0000,0.500000,0,0,0.000000,0.000000,0.000000,0,nan,0.00,-0.579228,0.8611,0.0000,-0.305832,0.9564,1.38,5.44,8.19,5.22,0.381602,3.0613,-0.8649,0.008000,0.062577,0.8902,0.012567,0.205683,0.251777,-1072.247753933642,1413.5863715170112,-2211.5783832018633,1688.0857716860166,-0.477427,0.056289,6407.0,6213.5,0.217836,0.081420,-3.000000,4.0871,1.0000,,,,,
11.9640,1778843164.503590,862,31.594735,-0.970986,0.355132,4.1859,0.1814,0.252294,31.612881,-0.932493,0.358308,4.1431,31.623736,-0.955619,0.356833,4.1101,0.1487,0.148960,0.491762,-0.3106,31.623736,-0.955619,-0.080976,4.9981,0.302449,-0.487766,98.4741,0,1,clay,1.0000,0.500000,0,0,0.000000,0.000000,0.000000,0,nan,0.00,-0.572354,0.8606,0.0000,-0.302203,0.9505,1.24,5.41,7.89,5.27,0.405807,3.2337,-0.8550,0.008000,0.114247,-0.5382,0.021262,0.204587,0.260660,-943.7650574342608,1731.8861290676816,-2303.851518272216,1745.9406860907338,-0.476729,0.056941,6406.5,6214.1,0.218776,0.056842,-0.601780,4.1062,1.0000,,,,,
11.9760,1778843164.515604,863,31.669930,-0.816339,0.371693,4.1331,0.1808,0.242045,31.657034,-0.908429,0.361193,4.1546,31.697846,-0.801117,0.373304,4.1153,0.1410,0.147913,0.501576,-0.2999,31.697846,-0.801117,0.060791,4.9992,-1.000000,-0.526354,109.3582,0,1,clay,1.0000,0.500000,0,0,0.000000,0.000000,0.000000,0,nan,0.00,-0.595081,0.8599,0.0000,-0.314203,0.9442,1.13,5.42,7.68,5.50,0.350171,2.6598,-0.8446,0.008000,0.135478,0.9514,0.024723,0.196996,0.253319,-880.5289627512951,1893.299142642972,-2306.470992378747,1682.057453346879,-0.466375,0.056812,6404.0,6216.6,0.223116,0.066800,0.302449,4.1114,1.0000,,,,,
11.9880,1778843164.568034,864,31.629434,-0.917170,0.360307,4.2402,0.1704,0.206182,31.701418,-0.884756,0.363770,4.1641,31.657154,-0.902773,0.361786,4.1403,0.1277,0.135572,0.527891,-0.3217,31.657154,-0.902773,-0.126664,4.9985,-1.000000,-0.570484,99.7962,0,1,clay,1.0000,0.500000,0,0,0.000000,0.000000,0.000000,0,nan,0.00,-0.617808,0.8591,0.0000,-0.326203,0.9373,1.04,5.50,7.57,5.92,0.373844,2.8074,-0.8344,0.008000,0.126675,0.2613,0.040846,0.169521,0.227431,-726.3320443873222,311.58679573734696,-2466.088190457242,1498.6163989589627,-0.469089,0.054052,6397.3,6223.3,0.234825,0.049296,-1.000000,4.1364,1.0000,,,,,
