time,veh_x,veh_y,v_veh,rock_id,rock_x,rock_y,rock_r,dist_2d,hard_margin,near_margin,is_collision,is_near_miss
6.3180,17.4434,0.1582,4.194,4,18.643,3.011,0.597,3.0941,2.097,3.097,0,1
6.3210,17.4560,0.1582,4.195,4,18.643,3.011,0.597,3.0893,2.097,3.097,0,1
6.3240,17.4686,0.1582,4.196,4,18.643,3.011,0.597,3.0845,2.097,3.097,0,1
6.3270,17.4812,0.1582,4.197,4,18.643,3.011,0.597,3.0798,2.097,3.097,0,1
6.3300,17.4938,0.1581,4.198,4,18.643,3.011,0.597,3.0751,2.097,3.097,0,1
6.3330,17.5064,0.1581,4.198,4,18.643,3.011,0.597,3.0704,2.097,3.097,0,1
6.3360,17.5190,0.1580,4.197,4,18.643,3.011,0.597,3.0658,2.097,3.097,0,1
6.3390,17.5316,0.1580,4.197,4,18.643,3.011,0.597,3.0613,2.097,3.097,0,1
6.3420,17.5442,0.1579,4.201,4,18.643,3.011,0.597,3.0568,2.097,3.097,0,1
6.3450,17.5569,0.1579,4.202,4,18.643,3.011,0.597,3.0523,2.097,3.097,0,1
6.3480,17.5695,0.1578,4.201,4,18.643,3.011,0.597,3.0479,2.097,3.097,0,1
6.3510,17.5821,0.1577,4.202,4,18.643,3.011,0.597,3.0435,2.097,3.097,0,1
6.3540,17.5947,0.1577,4.203,4,18.643,3.011,0.597,3.0392,2.097,3.097,0,1
6.3570,17.6073,0.1576,4.204,4,18.643,3.011,0.597,3.0350,2.097,3.097,0,1
6.3600,17.6199,0.1575,4.205,4,18.643,3.011,0.597,3.0308,2.097,3.097,0,1
6.3630,17.6326,0.1575,4.207,4,18.643,3.011,0.597,3.0266,2.097,3.097,0,1
6.3660,17.6452,0.1574,4.208,4,18.643,3.011,0.597,3.0225,2.097,3.097,0,1
6.3690,17.6578,0.1573,4.208,4,18.643,3.011,0.597,3.0184,2.097,3.097,0,1
6.3720,17.6705,0.1572,4.209,4,18.643,3.011,0.597,3.0144,2.097,3.097,0,1
6.3750,17.6831,0.1571,4.211,4,18.643,3.011,0.597,3.0104,2.097,3.097,0,1
6.3780,17.6957,0.1570,4.212,4,18.643,3.011,0.597,3.0065,2.097,3.097,0,1
6.3810,17.7084,0.1570,4.213,4,18.643,3.011,0.597,3.0026,2.097,3.097,0,1
6.3840,17.7210,0.1569,4.213,4,18.643,3.011,0.597,2.9988,2.097,3.097,0,1
6.3870,17.7337,0.1568,4.214,4,18.643,3.011,0.597,2.9950,2.097,3.097,0,1
6.3900,17.7463,0.1567,4.216,4,18.643,3.011,0.597,2.9913,2.097,3.097,0,1
6.3930,17.7590,0.1566,4.219,4,18.643,3.011,0.597,2.9876,2.097,3.097,0,1
6.3960,17.7716,0.1565,4.220,4,18.643,3.011,0.597,2.9840,2.097,3.097,0,1
6.3990,17.7843,0.1564,4.222,4,18.643,3.011,0.597,2.9804,2.097,3.097,0,1
6.4020,17.7969,0.1563,4.223,4,18.643,3.011,0.597,2.9769,2.097,3.097,0,1
6.4050,17.8096,0.1562,4.224,4,18.643,3.011,0.597,2.9734,2.097,3.097,0,1
6.4080,17.8223,0.1561,4.226,4,18.643,3.011,0.597,2.9700,2.097,3.097,0,1
6.4110,17.8349,0.1560,4.228,4,18.643,3.011,0.597,2.9666,2.097,3.097,0,1
6.4140,17.8476,0.1558,4.230,4,18.643,3.011,0.597,2.9633,2.097,3.097,0,1
6.4170,17.8603,0.1557,4.231,4,18.643,3.011,0.597,2.9601,2.097,3.097,0,1
6.4200,17.8730,0.1556,4.232,4,18.643,3.011,0.597,2.9569,2.097,3.097,0,1
6.4230,17.8857,0.1555,4.233,4,18.643,3.011,0.597,2.9537,2.097,3.097,0,1
6.4260,17.8984,0.1553,4.235,4,18.643,3.011,0.597,2.9506,2.097,3.097,0,1
6.4290,17.9111,0.1552,4.236,4,18.643,3.011,0.597,2.9475,2.097,3.097,0,1
6.4320,17.9238,0.1551,4.237,4,18.643,3.011,0.597,2.9446,2.097,3.097,0,1
6.4350,17.9365,0.1549,4.235,4,18.643,3.011,0.597,2.9416,2.097,3.097,0,1
6.4380,17.9492,0.1548,4.242,4,18.643,3.011,0.597,2.9387,2.097,3.097,0,1
6.4410,17.9619,0.1546,4.238,4,18.643,3.011,0.597,2.9359,2.097,3.097,0,1
6.4440,17.9746,0.1545,4.231,4,18.643,3.011,0.597,2.9331,2.097,3.097,0,1
6.4470,17.9874,0.1544,4.239,4,18.643,3.011,0.597,2.9304,2.097,3.097,0,1
6.4500,18.0001,0.1542,4.243,4,18.643,3.011,0.597,2.9277,2.097,3.097,0,1
6.4530,18.0128,0.1541,4.246,4,18.643,3.011,0.597,2.9251,2.097,3.097,0,1
6.4560,18.0255,0.1539,4.247,4,18.643,3.011,0.597,2.9225,2.097,3.097,0,1
6.4590,18.0383,0.1538,4.249,4,18.643,3.011,0.597,2.9200,2.097,3.097,0,1
6.4620,18.0510,0.1536,4.251,4,18.643,3.011,0.597,2.9175,2.097,3.097,0,1
6.4650,18.0638,0.1535,4.253,4,18.643,3.011,0.597,2.9151,2.097,3.097,0,1
6.4680,18.0766,0.1533,4.254,4,18.643,3.011,0.597,2.9128,2.097,3.097,0,1
6.4710,18.0893,0.1531,4.257,4,18.643,3.011,0.597,2.9105,2.097,3.097,0,1
6.4740,18.1021,0.1529,4.257,4,18.643,3.011,0.597,2.9083,2.097,3.097,0,1
6.4770,18.1149,0.1527,4.261,4,18.643,3.011,0.597,2.9061,2.097,3.097,0,1
6.4800,18.1276,0.1525,4.261,4,18.643,3.011,0.597,2.9040,2.097,3.097,0,1
6.4830,18.1404,0.1523,4.260,4,18.643,3.011,0.597,2.9020,2.097,3.097,0,1
6.4860,18.1532,0.1521,4.263,4,18.643,3.011,0.597,2.9000,2.097,3.097,0,1
6.4890,18.1660,0.1519,4.264,4,18.643,3.011,0.597,2.8981,2.097,3.097,0,1
6.4920,18.1788,0.1517,4.267,4,18.643,3.011,0.597,2.8962,2.097,3.097,0,1
6.4950,18.1916,0.1515,4.264,4,18.643,3.011,0.597,2.8944,2.097,3.097,0,1
6.4980,18.2044,0.1513,4.266,4,18.643,3.011,0.597,2.8926,2.097,3.097,0,1
6.5010,18.2172,0.1511,4.264,4,18.643,3.011,0.597,2.8909,2.097,3.097,0,1
6.5040,18.2300,0.1509,4.264,4,18.643,3.011,0.597,2.8893,2.097,3.097,0,1
6.5070,18.2428,0.1507,4.264,4,18.643,3.011,0.597,2.8877,2.097,3.097,0,1
6.5100,18.2556,0.1504,4.260,4,18.643,3.011,0.597,2.8862,2.097,3.097,0,1
6.5130,18.2684,0.1502,4.256,4,18.643,3.011,0.597,2.8847,2.097,3.097,0,1
6.5160,18.2812,0.1500,4.259,4,18.643,3.011,0.597,2.8832,2.097,3.097,0,1
6.5190,18.2940,0.1498,4.261,4,18.643,3.011,0.597,2.8819,2.097,3.097,0,1
6.5220,18.3068,0.1497,4.262,4,18.643,3.011,0.597,2.8805,2.097,3.097,0,1
6.5250,18.3196,0.1495,4.263,4,18.643,3.011,0.597,2.8792,2.097,3.097,0,1
6.5280,18.3324,0.1493,4.263,4,18.643,3.011,0.597,2.8780,2.097,3.097,0,1
6.5310,18.3452,0.1492,4.264,4,18.643,3.011,0.597,2.8768,2.097,3.097,0,1
6.5340,18.3580,0.1490,4.265,4,18.643,3.011,0.597,2.8756,2.097,3.097,0,1
6.5370,18.3709,0.1489,4.268,4,18.643,3.011,0.597,2.8745,2.097,3.097,0,1
6.5400,18.3837,0.1487,4.270,4,18.643,3.011,0.597,2.8735,2.097,3.097,0,1
6.5430,18.3965,0.1486,4.271,4,18.643,3.011,0.597,2.8725,2.097,3.097,0,1
6.5460,18.4094,0.1485,4.271,4,18.643,3.011,0.597,2.8715,2.097,3.097,0,1
6.5490,18.4222,0.1484,4.271,4,18.643,3.011,0.597,2.8706,2.097,3.097,0,1
6.5520,18.4350,0.1483,4.272,4,18.643,3.011,0.597,2.8698,2.097,3.097,0,1
6.5550,18.4479,0.1482,4.274,4,18.643,3.011,0.597,2.8690,2.097,3.097,0,1
6.5580,18.4607,0.1481,4.275,4,18.643,3.011,0.597,2.8682,2.097,3.097,0,1
6.5610,18.4736,0.1480,4.277,4,18.643,3.011,0.597,2.8675,2.097,3.097,0,1
6.5640,18.4864,0.1479,4.277,4,18.643,3.011,0.597,2.8669,2.097,3.097,0,1
6.5670,18.4992,0.1479,4.277,4,18.643,3.011,0.597,2.8663,2.097,3.097,0,1
6.5700,18.5121,0.1478,4.278,4,18.643,3.011,0.597,2.8657,2.097,3.097,0,1
6.5730,18.5249,0.1478,4.277,4,18.643,3.011,0.597,2.8652,2.097,3.097,0,1
6.5760,18.5378,0.1477,4.279,4,18.643,3.011,0.597,2.8648,2.097,3.097,0,1
6.5790,18.5506,0.1477,4.280,4,18.643,3.011,0.597,2.8644,2.097,3.097,0,1
6.5820,18.5635,0.1476,4.281,4,18.643,3.011,0.597,2.8640,2.097,3.097,0,1
6.5850,18.5763,0.1476,4.283,4,18.643,3.011,0.597,2.8637,2.097,3.097,0,1
6.5880,18.5892,0.1476,4.284,4,18.643,3.011,0.597,2.8634,2.097,3.097,0,1
6.5910,18.6021,0.1476,4.285,4,18.643,3.011,0.597,2.8632,2.097,3.097,0,1
6.5940,18.6149,0.1476,4.285,4,18.643,3.011,0.597,2.8630,2.097,3.097,0,1
6.5970,18.6278,0.1476,4.287,4,18.643,3.011,0.597,2.8629,2.097,3.097,0,1
6.6000,18.6407,0.1477,4.288,4,18.643,3.011,0.597,2.8629,2.097,3.097,0,1
6.6030,18.6535,0.1477,4.289,4,18.643,3.011,0.597,2.8628,2.097,3.097,0,1
6.6060,18.6664,0.1478,4.291,4,18.643,3.011,0.597,2.8629,2.097,3.097,0,1
6.6090,18.6793,0.1479,4.292,4,18.643,3.011,0.597,2.8629,2.097,3.097,0,1
6.6120,18.6921,0.1479,4.293,4,18.643,3.011,0.597,2.8630,2.097,3.097,0,1
6.6150,18.7050,0.1480,4.293,4,18.643,3.011,0.597,2.8632,2.097,3.097,0,1
6.6180,18.7179,0.1481,4.293,4,18.643,3.011,0.597,2.8634,2.097,3.097,0,1
6.6210,18.7308,0.1482,4.293,4,18.643,3.011,0.597,2.8637,2.097,3.097,0,1
6.6240,18.7436,0.1483,4.293,4,18.643,3.011,0.597,2.8640,2.097,3.097,0,1
6.6270,18.7565,0.1484,4.294,4,18.643,3.011,0.597,2.8644,2.097,3.097,0,1
6.6300,18.7694,0.1486,4.295,4,18.643,3.011,0.597,2.8648,2.097,3.097,0,1
6.6330,18.7823,0.1487,4.293,4,18.643,3.011,0.597,2.8652,2.097,3.097,0,1
6.6360,18.7951,0.1489,4.289,4,18.643,3.011,0.597,2.8657,2.097,3.097,0,1
6.6390,18.8080,0.1490,4.288,4,18.643,3.011,0.597,2.8663,2.097,3.097,0,1
6.6420,18.8209,0.1492,4.290,4,18.643,3.011,0.597,2.8669,2.097,3.097,0,1
6.6450,18.8338,0.1494,4.290,4,18.643,3.011,0.597,2.8676,2.097,3.097,0,1
6.6480,18.8466,0.1496,4.290,4,18.643,3.011,0.597,2.8683,2.097,3.097,0,1
6.6510,18.8595,0.1497,4.290,4,18.643,3.011,0.597,2.8690,2.097,3.097,0,1
6.6540,18.8724,0.1499,4.291,4,18.643,3.011,0.597,2.8698,2.097,3.097,0,1
6.6570,18.8853,0.1502,4.292,4,18.643,3.011,0.597,2.8706,2.097,3.097,0,1
6.6600,18.8981,0.1504,4.290,4,18.643,3.011,0.597,2.8715,2.097,3.097,0,1
6.6630,18.9110,0.1507,4.295,4,18.643,3.011,0.597,2.8724,2.097,3.097,0,1
6.6660,18.9239,0.1509,4.300,4,18.643,3.011,0.597,2.8734,2.097,3.097,0,1
6.6690,18.9368,0.1512,4.300,4,18.643,3.011,0.597,2.8744,2.097,3.097,0,1
6.6720,18.9497,0.1515,4.300,4,18.643,3.011,0.597,2.8755,2.097,3.097,0,1
6.6750,18.9626,0.1518,4.301,4,18.643,3.011,0.597,2.8766,2.097,3.097,0,1
6.6780,18.9755,0.1521,4.303,4,18.643,3.011,0.597,2.8778,2.097,3.097,0,1
6.6810,18.9884,0.1524,4.304,4,18.643,3.011,0.597,2.8790,2.097,3.097,0,1
6.6840,19.0013,0.1527,4.305,4,18.643,3.011,0.597,2.8802,2.097,3.097,0,1
6.6870,19.0142,0.1531,4.306,4,18.643,3.011,0.597,2.8815,2.097,3.097,0,1
6.6900,19.0271,0.1534,4.307,4,18.643,3.011,0.597,2.8829,2.097,3.097,0,1
6.6930,19.0400,0.1538,4.307,4,18.643,3.011,0.597,2.8843,2.097,3.097,0,1
6.6960,19.0529,0.1542,4.308,4,18.643,3.011,0.597,2.8857,2.097,3.097,0,1
6.6990,19.0658,0.1545,4.309,4,18.643,3.011,0.597,2.8872,2.097,3.097,0,1
6.7020,19.0787,0.1549,4.311,4,18.643,3.011,0.597,2.8887,2.097,3.097,0,1
6.7050,19.0917,0.1553,4.311,4,18.643,3.011,0.597,2.8903,2.097,3.097,0,1
6.7080,19.1046,0.1558,4.311,4,18.643,3.011,0.597,2.8919,2.097,3.097,0,1
6.7110,19.1175,0.1562,4.312,4,18.643,3.011,0.597,2.8936,2.097,3.097,0,1
6.7140,19.1304,0.1566,4.312,4,18.643,3.011,0.597,2.8953,2.097,3.097,0,1
6.7170,19.1434,0.1571,4.314,4,18.643,3.011,0.597,2.8970,2.097,3.097,0,1
6.7200,19.1563,0.1576,4.315,4,18.643,3.011,0.597,2.8988,2.097,3.097,0,1
6.7230,19.1692,0.1581,4.315,4,18.643,3.011,0.597,2.9007,2.097,3.097,0,1
6.7260,19.1822,0.1586,4.316,4,18.643,3.011,0.597,2.9026,2.097,3.097,0,1
6.7290,19.1951,0.1591,4.317,4,18.643,3.011,0.597,2.9045,2.097,3.097,0,1
6.7320,19.2080,0.1596,4.315,4,18.643,3.011,0.597,2.9065,2.097,3.097,0,1
6.7350,19.2210,0.1601,4.326,4,18.643,3.011,0.597,2.9085,2.097,3.097,0,1
6.7380,19.2339,0.1607,4.320,4,18.643,3.011,0.597,2.9106,2.097,3.097,0,1
6.7410,19.2469,0.1612,4.324,4,18.643,3.011,0.597,2.9127,2.097,3.097,0,1
6.7440,19.2599,0.1617,4.325,4,18.643,3.011,0.597,2.9149,2.097,3.097,0,1
6.7470,19.2728,0.1623,4.325,4,18.643,3.011,0.597,2.9172,2.097,3.097,0,1
6.7500,19.2858,0.1628,4.327,4,18.643,3.011,0.597,2.9194,2.097,3.097,0,1
6.7530,19.2988,0.1634,4.327,4,18.643,3.011,0.597,2.9218,2.097,3.097,0,1
6.7560,19.3118,0.1640,4.330,4,18.643,3.011,0.597,2.9242,2.097,3.097,0,1
6.7590,19.3248,0.1645,4.331,4,18.643,3.011,0.597,2.9266,2.097,3.097,0,1
6.7620,19.3377,0.1651,4.331,4,18.643,3.011,0.597,2.9291,2.097,3.097,0,1
6.7650,19.3507,0.1657,4.332,4,18.643,3.011,0.597,2.9317,2.097,3.097,0,1
6.7680,19.3637,0.1662,4.334,4,18.643,3.011,0.597,2.9343,2.097,3.097,0,1
6.7710,19.3767,0.1668,4.331,4,18.643,3.011,0.597,2.9369,2.097,3.097,0,1
6.7740,19.3897,0.1674,4.329,4,18.643,3.011,0.597,2.9396,2.097,3.097,0,1
6.7770,19.4027,0.1681,4.328,4,18.643,3.011,0.597,2.9424,2.097,3.097,0,1
6.7800,19.4156,0.1687,4.325,4,18.643,3.011,0.597,2.9451,2.097,3.097,0,1
6.7830,19.4286,0.1693,4.325,4,18.643,3.011,0.597,2.9480,2.097,3.097,0,1
6.7860,19.4416,0.1699,4.320,4,18.643,3.011,0.597,2.9508,2.097,3.097,0,1
6.7890,19.4545,0.1706,4.323,4,18.643,3.011,0.597,2.9537,2.097,3.097,0,1
6.7920,19.4675,0.1713,4.321,4,18.643,3.011,0.597,2.9567,2.097,3.097,0,1
6.7950,19.4804,0.1719,4.321,4,18.643,3.011,0.597,2.9597,2.097,3.097,0,1
6.7980,19.4934,0.1726,4.321,4,18.643,3.011,0.597,2.9627,2.097,3.097,0,1
6.8010,19.5064,0.1734,4.321,4,18.643,3.011,0.597,2.9658,2.097,3.097,0,1
6.8040,19.5193,0.1741,4.321,4,18.643,3.011,0.597,2.9689,2.097,3.097,0,1
6.8070,19.5323,0.1748,4.320,4,18.643,3.011,0.597,2.9720,2.097,3.097,0,1
6.8100,19.5452,0.1756,4.321,4,18.643,3.011,0.597,2.9752,2.097,3.097,0,1
6.8130,19.5582,0.1763,4.321,4,18.643,3.011,0.597,2.9785,2.097,3.097,0,1
6.8160,19.5712,0.1771,4.322,4,18.643,3.011,0.597,2.9817,2.097,3.097,0,1
6.8190,19.5841,0.1778,4.321,4,18.643,3.011,0.597,2.9851,2.097,3.097,0,1
6.8220,19.5971,0.1786,4.321,4,18.643,3.011,0.597,2.9884,2.097,3.097,0,1
6.8250,19.6100,0.1794,4.321,4,18.643,3.011,0.597,2.9918,2.097,3.097,0,1
6.8280,19.6230,0.1803,4.321,4,18.643,3.011,0.597,2.9953,2.097,3.097,0,1
6.8310,19.6360,0.1811,4.319,4,18.643,3.011,0.597,2.9988,2.097,3.097,0,1
6.8340,19.6489,0.1819,4.321,4,18.643,3.011,0.597,3.0023,2.097,3.097,0,1
6.8370,19.6619,0.1827,4.308,4,18.643,3.011,0.597,3.0059,2.097,3.097,0,1
6.8400,19.6748,0.1836,4.309,4,18.643,3.011,0.597,3.0095,2.097,3.097,0,1
6.8430,19.6877,0.1844,4.311,4,18.643,3.011,0.597,3.0132,2.097,3.097,0,1
6.8460,19.7007,0.1853,4.312,4,18.643,3.011,0.597,3.0169,2.097,3.097,0,1
6.8490,19.7136,0.1862,4.314,4,18.643,3.011,0.597,3.0206,2.097,3.097,0,1
6.8520,19.7265,0.1871,4.315,4,18.643,3.011,0.597,3.0244,2.097,3.097,0,1
6.8550,19.7395,0.1880,4.316,4,18.643,3.011,0.597,3.0282,2.097,3.097,0,1
6.8580,19.7524,0.1889,4.318,4,18.643,3.011,0.597,3.0321,2.097,3.097,0,1
6.8610,19.7654,0.1898,4.318,4,18.643,3.011,0.597,3.0360,2.097,3.097,0,1
6.8640,19.7783,0.1908,4.318,4,18.643,3.011,0.597,3.0399,2.097,3.097,0,1
6.8670,19.7913,0.1918,4.320,4,18.643,3.011,0.597,3.0438,2.097,3.097,0,1
6.8700,19.8043,0.1928,4.323,4,18.643,3.011,0.597,3.0478,2.097,3.097,0,1
6.8730,19.8172,0.1937,4.326,4,18.643,3.011,0.597,3.0519,2.097,3.097,0,1
6.8760,19.8302,0.1948,4.329,4,18.643,3.011,0.597,3.0560,2.097,3.097,0,1
6.8790,19.8432,0.1958,4.332,4,18.643,3.011,0.597,3.0601,2.097,3.097,0,1
6.8820,19.8562,0.1968,4.333,4,18.643,3.011,0.597,3.0643,2.097,3.097,0,1
6.8850,19.8692,0.1978,4.335,4,18.643,3.011,0.597,3.0685,2.097,3.097,0,1
6.8880,19.8821,0.1988,4.334,4,18.643,3.011,0.597,3.0728,2.097,3.097,0,1
6.8910,19.8951,0.1999,4.337,4,18.643,3.011,0.597,3.0771,2.097,3.097,0,1
6.8940,19.9081,0.2009,4.339,4,18.643,3.011,0.597,3.0815,2.097,3.097,0,1
6.8970,19.9211,0.2019,4.340,4,18.643,3.011,0.597,3.0859,2.097,3.097,0,1
6.9000,19.9341,0.2030,4.342,4,18.643,3.011,0.597,3.0904,2.097,3.097,0,1
6.9030,19.9471,0.2040,4.343,4,18.643,3.011,0.597,3.0949,2.097,3.097,0,1
8.1450,24.8058,1.0034,2.996,1,25.958,3.686,0.421,2.9196,1.921,2.921,0,1
8.1480,24.8146,1.0054,2.987,1,25.958,3.686,0.421,2.9144,1.921,2.921,0,1
8.1510,24.8233,1.0073,2.978,1,25.958,3.686,0.421,2.9091,1.921,2.921,0,1
8.1540,24.8320,1.0093,2.974,1,25.958,3.686,0.421,2.9040,1.921,2.921,0,1
8.1570,24.8407,1.0112,2.967,1,25.958,3.686,0.421,2.8988,1.921,2.921,0,1
8.1600,24.8493,1.0132,2.958,1,25.958,3.686,0.421,2.8937,1.921,2.921,0,1
8.1630,24.8580,1.0151,2.951,1,25.958,3.686,0.421,2.8886,1.921,2.921,0,1
8.1660,24.8666,1.0171,2.944,1,25.958,3.686,0.421,2.8835,1.921,2.921,0,1
8.1690,24.8752,1.0190,2.933,1,25.958,3.686,0.421,2.8785,1.921,2.921,0,1
8.1720,24.8837,1.0209,2.925,1,25.958,3.686,0.421,2.8735,1.921,2.921,0,1
8.1750,24.8923,1.0228,2.919,1,25.958,3.686,0.421,2.8685,1.921,2.921,0,1
8.1780,24.9008,1.0248,2.912,1,25.958,3.686,0.421,2.8636,1.921,2.921,0,1
8.1810,24.9093,1.0267,2.904,1,25.958,3.686,0.421,2.8587,1.921,2.921,0,1
8.1840,24.9178,1.0286,2.898,1,25.958,3.686,0.421,2.8538,1.921,2.921,0,1
8.1870,24.9262,1.0305,2.893,1,25.958,3.686,0.421,2.8490,1.921,2.921,0,1
8.1900,24.9347,1.0324,2.882,1,25.958,3.686,0.421,2.8442,1.921,2.921,0,1
8.1930,24.9431,1.0343,2.872,1,25.958,3.686,0.421,2.8394,1.921,2.921,0,1
8.1960,24.9515,1.0362,2.866,1,25.958,3.686,0.421,2.8346,1.921,2.921,0,1
8.1990,24.9598,1.0380,2.857,1,25.958,3.686,0.421,2.8299,1.921,2.921,0,1
8.2020,24.9682,1.0399,2.850,1,25.958,3.686,0.421,2.8252,1.921,2.921,0,1
8.2050,24.9765,1.0418,2.841,1,25.958,3.686,0.421,2.8206,1.921,2.921,0,1
8.2080,24.9848,1.0436,2.834,1,25.958,3.686,0.421,2.8160,1.921,2.921,0,1
8.2110,24.9930,1.0455,2.828,1,25.958,3.686,0.421,2.8114,1.921,2.921,0,1
8.2140,25.0013,1.0473,2.819,1,25.958,3.686,0.421,2.8068,1.921,2.921,0,1
8.2170,25.0095,1.0492,2.811,1,25.958,3.686,0.421,2.8023,1.921,2.921,0,1
8.2200,25.0177,1.0510,2.801,1,25.958,3.686,0.421,2.7978,1.921,2.921,0,1
8.2230,25.0259,1.0528,2.789,1,25.958,3.686,0.421,2.7933,1.921,2.921,0,1
8.2260,25.0340,1.0547,2.781,1,25.958,3.686,0.421,2.7889,1.921,2.921,0,1
8.2290,25.0422,1.0565,2.772,1,25.958,3.686,0.421,2.7845,1.921,2.921,0,1
8.2320,25.0503,1.0583,2.765,1,25.958,3.686,0.421,2.7802,1.921,2.921,0,1
8.2350,25.0583,1.0601,2.757,1,25.958,3.686,0.421,2.7758,1.921,2.921,0,1
8.2380,25.0664,1.0619,2.751,1,25.958,3.686,0.421,2.7715,1.921,2.921,0,1
8.2410,25.0744,1.0637,2.746,1,25.958,3.686,0.421,2.7672,1.921,2.921,0,1
8.2440,25.0825,1.0655,2.735,1,25.958,3.686,0.421,2.7630,1.921,2.921,0,1
8.2470,25.0905,1.0673,2.729,1,25.958,3.686,0.421,2.7588,1.921,2.921,0,1
8.2500,25.0984,1.0691,2.721,1,25.958,3.686,0.421,2.7545,1.921,2.921,0,1
8.2530,25.1064,1.0709,2.711,1,25.958,3.686,0.421,2.7504,1.921,2.921,0,1
8.2560,25.1143,1.0727,2.708,1,25.958,3.686,0.421,2.7462,1.921,2.921,0,1
8.2590,25.1222,1.0744,2.697,1,25.958,3.686,0.421,2.7421,1.921,2.921,0,1
8.2620,25.1301,1.0762,2.690,1,25.958,3.686,0.421,2.7380,1.921,2.921,0,1
8.2650,25.1380,1.0780,2.683,1,25.958,3.686,0.421,2.7340,1.921,2.921,0,1
8.2680,25.1458,1.0798,2.673,1,25.958,3.686,0.421,2.7300,1.921,2.921,0,1
8.2710,25.1536,1.0815,2.665,1,25.958,3.686,0.421,2.7260,1.921,2.921,0,1
8.2740,25.1614,1.0833,2.656,1,25.958,3.686,0.421,2.7220,1.921,2.921,0,1
8.2770,25.1692,1.0850,2.647,1,25.958,3.686,0.421,2.7181,1.921,2.921,0,1
8.2800,25.1769,1.0868,2.638,1,25.958,3.686,0.421,2.7142,1.921,2.921,0,1
8.2830,25.1846,1.0885,2.634,1,25.958,3.686,0.421,2.7103,1.921,2.921,0,1
8.2860,25.1923,1.0902,2.618,1,25.958,3.686,0.421,2.7065,1.921,2.921,0,1
8.2890,25.2000,1.0919,2.615,1,25.958,3.686,0.421,2.7027,1.921,2.921,0,1
8.2920,25.2076,1.0936,2.606,1,25.958,3.686,0.421,2.6989,1.921,2.921,0,1
8.2950,25.2152,1.0953,2.596,1,25.958,3.686,0.421,2.6952,1.921,2.921,0,1
8.2980,25.2228,1.0970,2.590,1,25.958,3.686,0.421,2.6915,1.921,2.921,0,1
8.3010,25.2304,1.0987,2.585,1,25.958,3.686,0.421,2.6878,1.921,2.921,0,1
8.3040,25.2380,1.1004,2.578,1,25.958,3.686,0.421,2.6841,1.921,2.921,0,1
8.3070,25.2455,1.1021,2.572,1,25.958,3.686,0.421,2.6804,1.921,2.921,0,1
8.3100,25.2530,1.1038,2.562,1,25.958,3.686,0.421,2.6768,1.921,2.921,0,1
8.3130,25.2605,1.1054,2.556,1,25.958,3.686,0.421,2.6733,1.921,2.921,0,1
8.3160,25.2680,1.1071,2.549,1,25.958,3.686,0.421,2.6697,1.921,2.921,0,1
8.3190,25.2755,1.1088,2.547,1,25.958,3.686,0.421,2.6662,1.921,2.921,0,1
8.3220,25.2830,1.1105,2.543,1,25.958,3.686,0.421,2.6626,1.921,2.921,0,1
8.3250,25.2904,1.1121,2.537,1,25.958,3.686,0.421,2.6592,1.921,2.921,0,1
8.3280,25.2978,1.1138,2.525,1,25.958,3.686,0.421,2.6557,1.921,2.921,0,1
8.3310,25.3052,1.1154,2.510,1,25.958,3.686,0.421,2.6523,1.921,2.921,0,1
8.3340,25.3125,1.1171,2.510,1,25.958,3.686,0.421,2.6489,1.921,2.921,0,1
8.3370,25.3199,1.1187,2.500,1,25.958,3.686,0.421,2.6455,1.921,2.921,0,1
8.3400,25.3272,1.1204,2.490,1,25.958,3.686,0.421,2.6422,1.921,2.921,0,1
8.3430,25.3344,1.1220,2.484,1,25.958,3.686,0.421,2.6389,1.921,2.921,0,1
8.3460,25.3417,1.1236,2.474,1,25.958,3.686,0.421,2.6356,1.921,2.921,0,1
8.3490,25.3489,1.1252,2.462,1,25.958,3.686,0.421,2.6323,1.921,2.921,0,1
8.3520,25.3561,1.1268,2.453,1,25.958,3.686,0.421,2.6291,1.921,2.921,0,1
8.3550,25.3633,1.1284,2.445,1,25.958,3.686,0.421,2.6260,1.921,2.921,0,1
8.3580,25.3704,1.1300,2.436,1,25.958,3.686,0.421,2.6228,1.921,2.921,0,1
8.3610,25.3775,1.1315,2.429,1,25.958,3.686,0.421,2.6197,1.921,2.921,0,1
8.3640,25.3846,1.1331,2.420,1,25.958,3.686,0.421,2.6166,1.921,2.921,0,1
8.3670,25.3917,1.1346,2.413,1,25.958,3.686,0.421,2.6136,1.921,2.921,0,1
8.3700,25.3988,1.1362,2.407,1,25.958,3.686,0.421,2.6105,1.921,2.921,0,1
8.3730,25.4058,1.1378,2.399,1,25.958,3.686,0.421,2.6075,1.921,2.921,0,1
8.3760,25.4128,1.1393,2.391,1,25.958,3.686,0.421,2.6045,1.921,2.921,0,1
8.3790,25.4198,1.1409,2.386,1,25.958,3.686,0.421,2.6015,1.921,2.921,0,1
8.3820,25.4267,1.1424,2.374,1,25.958,3.686,0.421,2.5986,1.921,2.921,0,1
8.3850,25.4337,1.1439,2.369,1,25.958,3.686,0.421,2.5957,1.921,2.921,0,1
8.3880,25.4406,1.1455,2.368,1,25.958,3.686,0.421,2.5928,1.921,2.921,0,1
8.3910,25.4475,1.1470,2.351,1,25.958,3.686,0.421,2.5899,1.921,2.921,0,1
8.3940,25.4544,1.1485,2.347,1,25.958,3.686,0.421,2.5871,1.921,2.921,0,1
8.3970,25.4613,1.1501,2.340,1,25.958,3.686,0.421,2.5843,1.921,2.921,0,1
8.4000,25.4681,1.1516,2.333,1,25.958,3.686,0.421,2.5815,1.921,2.921,0,1
8.4030,25.4749,1.1531,2.324,1,25.958,3.686,0.421,2.5787,1.921,2.921,0,1
8.4060,25.4817,1.1546,2.319,1,25.958,3.686,0.421,2.5759,1.921,2.921,0,1
8.4090,25.4885,1.1561,2.312,1,25.958,3.686,0.421,2.5732,1.921,2.921,0,1
8.4120,25.4952,1.1576,2.303,1,25.958,3.686,0.421,2.5705,1.921,2.921,0,1
8.4150,25.5019,1.1591,2.292,1,25.958,3.686,0.421,2.5679,1.921,2.921,0,1
8.4180,25.5086,1.1605,2.265,1,25.958,3.686,0.421,2.5653,1.921,2.921,0,1
8.4210,25.5152,1.1620,2.270,1,25.958,3.686,0.421,2.5627,1.921,2.921,0,1
8.4240,25.5218,1.1634,2.260,1,25.958,3.686,0.421,2.5601,1.921,2.921,0,1
8.4270,25.5284,1.1649,2.253,1,25.958,3.686,0.421,2.5576,1.921,2.921,0,1
8.4300,25.5350,1.1664,2.248,1,25.958,3.686,0.421,2.5550,1.921,2.921,0,1
8.4330,25.5416,1.1678,2.246,1,25.958,3.686,0.421,2.5525,1.921,2.921,0,1
8.4360,25.5482,1.1693,2.245,1,25.958,3.686,0.421,2.5500,1.921,2.921,0,1
8.4390,25.5547,1.1708,2.218,1,25.958,3.686,0.421,2.5475,1.921,2.921,0,1
8.4420,25.5612,1.1722,2.222,1,25.958,3.686,0.421,2.5450,1.921,2.921,0,1
8.4450,25.5677,1.1737,2.216,1,25.958,3.686,0.421,2.5426,1.921,2.921,0,1
8.4480,25.5742,1.1752,2.214,1,25.958,3.686,0.421,2.5401,1.921,2.921,0,1
8.4510,25.5807,1.1766,2.210,1,25.958,3.686,0.421,2.5377,1.921,2.921,0,1
8.4540,25.5871,1.1781,2.204,1,25.958,3.686,0.421,2.5353,1.921,2.921,0,1
8.4570,25.5935,1.1796,2.194,1,25.958,3.686,0.421,2.5329,1.921,2.921,0,1
8.4600,25.6000,1.1810,2.187,1,25.958,3.686,0.421,2.5306,1.921,2.921,0,1
8.4630,25.6063,1.1825,2.179,1,25.958,3.686,0.421,2.5283,1.921,2.921,0,1
8.4660,25.6127,1.1839,2.170,1,25.958,3.686,0.421,2.5260,1.921,2.921,0,1
8.4690,25.6190,1.1853,2.163,1,25.958,3.686,0.421,2.5237,1.921,2.921,0,1
8.4720,25.6253,1.1867,2.155,1,25.958,3.686,0.421,2.5215,1.921,2.921,0,1
8.4750,25.6316,1.1881,2.146,1,25.958,3.686,0.421,2.5193,1.921,2.921,0,1
8.4780,25.6379,1.1895,2.140,1,25.958,3.686,0.421,2.5171,1.921,2.921,0,1
8.4810,25.6441,1.1909,2.132,1,25.958,3.686,0.421,2.5149,1.921,2.921,0,1
8.4840,25.6504,1.1923,2.125,1,25.958,3.686,0.421,2.5127,1.921,2.921,0,1
8.4870,25.6566,1.1937,2.118,1,25.958,3.686,0.421,2.5106,1.921,2.921,0,1
8.4900,25.6627,1.1951,2.109,1,25.958,3.686,0.421,2.5085,1.921,2.921,0,1
8.4930,25.6689,1.1965,2.102,1,25.958,3.686,0.421,2.5064,1.921,2.921,0,1
8.4960,25.6750,1.1979,2.094,1,25.958,3.686,0.421,2.5043,1.921,2.921,0,1
8.4990,25.6811,1.1992,2.085,1,25.958,3.686,0.421,2.5023,1.921,2.921,0,1
8.5020,25.6872,1.2006,2.078,1,25.958,3.686,0.421,2.5003,1.921,2.921,0,1
8.5050,25.6933,1.2019,2.068,1,25.958,3.686,0.421,2.4983,1.921,2.921,0,1
8.5080,25.6993,1.2033,2.064,1,25.958,3.686,0.421,2.4963,1.921,2.921,0,1
8.5110,25.7053,1.2046,2.057,1,25.958,3.686,0.421,2.4943,1.921,2.921,0,1
8.5140,25.7114,1.2060,2.053,1,25.958,3.686,0.421,2.4924,1.921,2.921,0,1
8.5170,25.7173,1.2073,2.051,1,25.958,3.686,0.421,2.4905,1.921,2.921,0,1
8.5200,25.7233,1.2087,2.042,1,25.958,3.686,0.421,2.4886,1.921,2.921,0,1
8.5230,25.7292,1.2100,2.026,1,25.958,3.686,0.421,2.4867,1.921,2.921,0,1
8.5260,25.7351,1.2113,2.008,1,25.958,3.686,0.421,2.4849,1.921,2.921,0,1
8.5290,25.7410,1.2126,1.999,1,25.958,3.686,0.421,2.4831,1.921,2.921,0,1
8.5320,25.7468,1.2139,1.998,1,25.958,3.686,0.421,2.4812,1.921,2.921,0,1
8.5350,25.7526,1.2152,1.990,1,25.958,3.686,0.421,2.4795,1.921,2.921,0,1
8.5380,25.7584,1.2165,1.984,1,25.958,3.686,0.421,2.4777,1.921,2.921,0,1
8.5410,25.7642,1.2178,1.979,1,25.958,3.686,0.421,2.4759,1.921,2.921,0,1
8.5440,25.7700,1.2191,1.978,1,25.958,3.686,0.421,2.4742,1.921,2.921,0,1
8.5470,25.7758,1.2204,1.977,1,25.958,3.686,0.421,2.4725,1.921,2.921,0,1
8.5500,25.7815,1.2217,1.969,1,25.958,3.686,0.421,2.4707,1.921,2.921,0,1
8.5530,25.7872,1.2231,1.962,1,25.958,3.686,0.421,2.4690,1.921,2.921,0,1
8.5560,25.7929,1.2244,1.955,1,25.958,3.686,0.421,2.4673,1.921,2.921,0,1
8.5590,25.7986,1.2257,1.950,1,25.958,3.686,0.421,2.4656,1.921,2.921,0,1
8.5620,25.8043,1.2270,1.943,1,25.958,3.686,0.421,2.4640,1.921,2.921,0,1
8.5650,25.8099,1.2283,1.935,1,25.958,3.686,0.421,2.4623,1.921,2.921,0,1
8.5680,25.8155,1.2296,1.929,1,25.958,3.686,0.421,2.4607,1.921,2.921,0,1
8.5710,25.8211,1.2309,1.920,1,25.958,3.686,0.421,2.4591,1.921,2.921,0,1
8.5740,25.8267,1.2322,1.913,1,25.958,3.686,0.421,2.4575,1.921,2.921,0,1
8.5770,25.8323,1.2334,1.904,1,25.958,3.686,0.421,2.4560,1.921,2.921,0,1
8.5800,25.8378,1.2347,1.897,1,25.958,3.686,0.421,2.4544,1.921,2.921,0,1
8.5830,25.8433,1.2360,1.889,1,25.958,3.686,0.421,2.4529,1.921,2.921,0,1
8.5860,25.8488,1.2373,1.883,1,25.958,3.686,0.421,2.4513,1.921,2.921,0,1
8.5890,25.8542,1.2385,1.875,1,25.958,3.686,0.421,2.4498,1.921,2.921,0,1
8.5920,25.8597,1.2398,1.868,1,25.958,3.686,0.421,2.4483,1.921,2.921,0,1
8.5950,25.8651,1.2411,1.861,1,25.958,3.686,0.421,2.4469,1.921,2.921,0,1
8.5980,25.8705,1.2423,1.852,1,25.958,3.686,0.421,2.4454,1.921,2.921,0,1
8.6010,25.8759,1.2436,1.845,1,25.958,3.686,0.421,2.4440,1.921,2.921,0,1
8.6040,25.8812,1.2448,1.839,1,25.958,3.686,0.421,2.4426,1.921,2.921,0,1
8.6070,25.8866,1.2461,1.831,1,25.958,3.686,0.421,2.4412,1.921,2.921,0,1
8.6100,25.8919,1.2473,1.822,1,25.958,3.686,0.421,2.4398,1.921,2.921,0,1
8.6130,25.8972,1.2485,1.824,1,25.958,3.686,0.421,2.4385,1.921,2.921,0,1
8.6160,25.9025,1.2497,1.798,1,25.958,3.686,0.421,2.4371,1.921,2.921,0,1
8.6190,25.9077,1.2509,1.787,1,25.958,3.686,0.421,2.4358,1.921,2.921,0,1
8.6220,25.9129,1.2521,1.792,1,25.958,3.686,0.421,2.4345,1.921,2.921,0,1
8.6250,25.9181,1.2534,1.787,1,25.958,3.686,0.421,2.4331,1.921,2.921,0,1
8.6280,25.9233,1.2546,1.780,1,25.958,3.686,0.421,2.4318,1.921,2.921,0,1
8.6310,25.9285,1.2558,1.778,1,25.958,3.686,0.421,2.4305,1.921,2.921,0,1
8.6340,25.9337,1.2571,1.780,1,25.958,3.686,0.421,2.4292,1.921,2.921,0,1
8.6370,25.9388,1.2583,1.753,1,25.958,3.686,0.421,2.4279,1.921,2.921,0,1
8.6400,25.9439,1.2595,1.754,1,25.958,3.686,0.421,2.4267,1.921,2.921,0,1
8.6430,25.9490,1.2607,1.744,1,25.958,3.686,0.421,2.4255,1.921,2.921,0,1
8.6460,25.9541,1.2619,1.732,1,25.958,3.686,0.421,2.4243,1.921,2.921,0,1
8.6490,25.9591,1.2631,1.730,1,25.958,3.686,0.421,2.4231,1.921,2.921,0,1
8.6520,25.9641,1.2643,1.721,1,25.958,3.686,0.421,2.4219,1.921,2.921,0,1
8.6550,25.9691,1.2655,1.712,1,25.958,3.686,0.421,2.4208,1.921,2.921,0,1
8.6580,25.9741,1.2666,1.706,1,25.958,3.686,0.421,2.4196,1.921,2.921,0,1
8.6610,25.9791,1.2678,1.698,1,25.958,3.686,0.421,2.4185,1.921,2.921,0,1
8.6640,25.9840,1.2690,1.690,1,25.958,3.686,0.421,2.4174,1.921,2.921,0,1
8.6670,25.9889,1.2701,1.681,1,25.958,3.686,0.421,2.4163,1.921,2.921,0,1
8.6700,25.9938,1.2713,1.677,1,25.958,3.686,0.421,2.4152,1.921,2.921,0,1
8.6730,25.9987,1.2724,1.666,1,25.958,3.686,0.421,2.4141,1.921,2.921,0,1
8.6760,26.0036,1.2736,1.662,1,25.958,3.686,0.421,2.4130,1.921,2.921,0,1
8.6790,26.0084,1.2747,1.650,1,25.958,3.686,0.421,2.4120,1.921,2.921,0,1
8.6820,26.0132,1.2759,1.644,1,25.958,3.686,0.421,2.4110,1.921,2.921,0,1
8.6850,26.0180,1.2770,1.636,1,25.958,3.686,0.421,2.4100,1.921,2.921,0,1
8.6880,26.0227,1.2781,1.629,1,25.958,3.686,0.421,2.4090,1.921,2.921,0,1
8.6910,26.0274,1.2792,1.621,1,25.958,3.686,0.421,2.4080,1.921,2.921,0,1
8.6940,26.0322,1.2803,1.614,1,25.958,3.686,0.421,2.4070,1.921,2.921,0,1
8.6970,26.0369,1.2814,1.606,1,25.958,3.686,0.421,2.4061,1.921,2.921,0,1
8.7000,26.0415,1.2825,1.598,1,25.958,3.686,0.421,2.4051,1.921,2.921,0,1
8.7030,26.0462,1.2836,1.584,1,25.958,3.686,0.421,2.4042,1.921,2.921,0,1
8.7060,26.0508,1.2847,1.586,1,25.958,3.686,0.421,2.4033,1.921,2.921,0,1
8.7090,26.0554,1.2858,1.573,1,25.958,3.686,0.421,2.4024,1.921,2.921,0,1
8.7120,26.0600,1.2869,1.575,1,25.958,3.686,0.421,2.4015,1.921,2.921,0,1
8.7150,26.0645,1.2880,1.555,1,25.958,3.686,0.421,2.4006,1.921,2.921,0,1
8.7180,26.0691,1.2891,1.550,1,25.958,3.686,0.421,2.3997,1.921,2.921,0,1
8.7210,26.0736,1.2901,1.548,1,25.958,3.686,0.421,2.3988,1.921,2.921,0,1
8.7240,26.0781,1.2912,1.535,1,25.958,3.686,0.421,2.3980,1.921,2.921,0,1
8.7270,26.0825,1.2923,1.531,1,25.958,3.686,0.421,2.3972,1.921,2.921,0,1
8.7300,26.0870,1.2933,1.530,1,25.958,3.686,0.421,2.3963,1.921,2.921,0,1
8.7330,26.0914,1.2944,1.510,1,25.958,3.686,0.421,2.3956,1.921,2.921,0,1
8.7360,26.0959,1.2954,1.522,1,25.958,3.686,0.421,2.3948,1.921,2.921,0,1
8.7390,26.1003,1.2964,1.505,1,25.958,3.686,0.421,2.3940,1.921,2.921,0,1
8.7420,26.1047,1.2975,1.498,1,25.958,3.686,0.421,2.3932,1.921,2.921,0,1
8.7450,26.1090,1.2985,1.493,1,25.958,3.686,0.421,2.3925,1.921,2.921,0,1
8.7480,26.1134,1.2995,1.484,1,25.958,3.686,0.421,2.3918,1.921,2.921,0,1
8.7510,26.1177,1.3005,1.479,1,25.958,3.686,0.421,2.3911,1.921,2.921,0,1
8.7540,26.1220,1.3015,1.474,1,25.958,3.686,0.421,2.3904,1.921,2.921,0,1
8.7570,26.1263,1.3025,1.460,1,25.958,3.686,0.421,2.3897,1.921,2.921,0,1
8.7600,26.1306,1.3034,1.464,1,25.958,3.686,0.421,2.3890,1.921,2.921,0,1
8.7630,26.1348,1.3044,1.451,1,25.958,3.686,0.421,2.3883,1.921,2.921,0,1
8.7660,26.1390,1.3054,1.446,1,25.958,3.686,0.421,2.3877,1.921,2.921,0,1
8.7690,26.1432,1.3064,1.443,1,25.958,3.686,0.421,2.3871,1.921,2.921,0,1
8.7720,26.1474,1.3073,1.437,1,25.958,3.686,0.421,2.3864,1.921,2.921,0,1
8.7750,26.1516,1.3083,1.424,1,25.958,3.686,0.421,2.3858,1.921,2.921,0,1
8.7780,26.1557,1.3092,1.422,1,25.958,3.686,0.421,2.3852,1.921,2.921,0,1
8.7810,26.1599,1.3102,1.410,1,25.958,3.686,0.421,2.3846,1.921,2.921,0,1
8.7840,26.1639,1.3111,1.396,1,25.958,3.686,0.421,2.3841,1.921,2.921,0,1
8.7870,26.1680,1.3120,1.388,1,25.958,3.686,0.421,2.3835,1.921,2.921,0,1
8.7900,26.1720,1.3129,1.378,1,25.958,3.686,0.421,2.3830,1.921,2.921,0,1
8.7930,26.1760,1.3138,1.370,1,25.958,3.686,0.421,2.3824,1.921,2.921,0,1
8.7960,26.1800,1.3147,1.360,1,25.958,3.686,0.421,2.3819,1.921,2.921,0,1
8.7990,26.1839,1.3155,1.351,1,25.958,3.686,0.421,2.3814,1.921,2.921,0,1
8.8020,26.1878,1.3164,1.345,1,25.958,3.686,0.421,2.3809,1.921,2.921,0,1
8.8050,26.1917,1.3173,1.337,1,25.958,3.686,0.421,2.3804,1.921,2.921,0,1
8.8080,26.1956,1.3182,1.330,1,25.958,3.686,0.421,2.3799,1.921,2.921,0,1
8.8110,26.1995,1.3191,1.323,1,25.958,3.686,0.421,2.3794,1.921,2.921,0,1
8.8140,26.2033,1.3200,1.319,1,25.958,3.686,0.421,2.3789,1.921,2.921,0,1
8.8170,26.2072,1.3209,1.326,1,25.958,3.686,0.421,2.3784,1.921,2.921,0,1
8.8200,26.2110,1.3218,1.319,1,25.958,3.686,0.421,2.3779,1.921,2.921,0,1
8.8230,26.2148,1.3227,1.311,1,25.958,3.686,0.421,2.3775,1.921,2.921,0,1
8.8260,26.2186,1.3236,1.299,1,25.958,3.686,0.421,2.3770,1.921,2.921,0,1
8.8290,26.2224,1.3244,1.285,1,25.958,3.686,0.421,2.3765,1.921,2.921,0,1
8.8320,26.2261,1.3253,1.275,1,25.958,3.686,0.421,2.3761,1.921,2.921,0,1
8.8350,26.2298,1.3261,1.267,1,25.958,3.686,0.421,2.3757,1.921,2.921,0,1
8.8380,26.2335,1.3270,1.259,1,25.958,3.686,0.421,2.3753,1.921,2.921,0,1
8.8410,26.2371,1.3278,1.251,1,25.958,3.686,0.421,2.3749,1.921,2.921,0,1
8.8440,26.2407,1.3286,1.241,1,25.958,3.686,0.421,2.3745,1.921,2.921,0,1
8.8470,26.2443,1.3295,1.235,1,25.958,3.686,0.421,2.3741,1.921,2.921,0,1
8.8500,26.2479,1.3303,1.227,1,25.958,3.686,0.421,2.3737,1.921,2.921,0,1
8.8530,26.2515,1.3311,1.219,1,25.958,3.686,0.421,2.3733,1.921,2.921,0,1
8.8560,26.2550,1.3319,1.212,1,25.958,3.686,0.421,2.3730,1.921,2.921,0,1
8.8590,26.2585,1.3327,1.206,1,25.958,3.686,0.421,2.3726,1.921,2.921,0,1
8.8620,26.2620,1.3335,1.199,1,25.958,3.686,0.421,2.3723,1.921,2.921,0,1
8.8650,26.2655,1.3343,1.190,1,25.958,3.686,0.421,2.3719,1.921,2.921,0,1
8.8680,26.2689,1.3351,1.183,1,25.958,3.686,0.421,2.3716,1.921,2.921,0,1
8.8710,26.2723,1.3359,1.176,1,25.958,3.686,0.421,2.3712,1.921,2.921,0,1
8.8740,26.2758,1.3367,1.170,1,25.958,3.686,0.421,2.3709,1.921,2.921,0,1
8.8770,26.2791,1.3375,1.163,1,25.958,3.686,0.421,2.3705,1.921,2.921,0,1
8.8800,26.2825,1.3383,1.157,1,25.958,3.686,0.421,2.3702,1.921,2.921,0,1
8.8830,26.2859,1.3391,1.150,1,25.958,3.686,0.421,2.3699,1.921,2.921,0,1
8.8860,26.2892,1.3399,1.143,1,25.958,3.686,0.421,2.3696,1.921,2.921,0,1
8.8890,26.2925,1.3407,1.136,1,25.958,3.686,0.421,2.3693,1.921,2.921,0,1
8.8920,26.2958,1.3415,1.128,1,25.958,3.686,0.421,2.3690,1.921,2.921,0,1
8.8950,26.2990,1.3422,1.115,1,25.958,3.686,0.421,2.3687,1.921,2.921,0,1
8.8980,26.3023,1.3430,1.113,1,25.958,3.686,0.421,2.3684,1.921,2.921,0,1
8.9010,26.3055,1.3437,1.103,1,25.958,3.686,0.421,2.3681,1.921,2.921,0,1
8.9040,26.3087,1.3445,1.094,1,25.958,3.686,0.421,2.3679,1.921,2.921,0,1
8.9070,26.3119,1.3452,1.085,1,25.958,3.686,0.421,2.3676,1.921,2.921,0,1
8.9100,26.3150,1.3459,1.085,1,25.958,3.686,0.421,2.3674,1.921,2.921,0,1
8.9130,26.3182,1.3467,1.073,1,25.958,3.686,0.421,2.3671,1.921,2.921,0,1
8.9160,26.3213,1.3474,1.047,1,25.958,3.686,0.421,2.3669,1.921,2.921,0,1
8.9190,26.3243,1.3481,1.048,1,25.958,3.686,0.421,2.3667,1.921,2.921,0,1
8.9220,26.3274,1.3488,1.053,1,25.958,3.686,0.421,2.3665,1.921,2.921,0,1
8.9250,26.3305,1.3495,1.044,1,25.958,3.686,0.421,2.3662,1.921,2.921,0,1
8.9280,26.3335,1.3502,1.036,1,25.958,3.686,0.421,2.3660,1.921,2.921,0,1
8.9310,26.3365,1.3509,1.029,1,25.958,3.686,0.421,2.3658,1.921,2.921,0,1
8.9340,26.3395,1.3516,1.024,1,25.958,3.686,0.421,2.3656,1.921,2.921,0,1
8.9370,26.3425,1.3523,1.018,1,25.958,3.686,0.421,2.3654,1.921,2.921,0,1
8.9400,26.3455,1.3530,1.015,1,25.958,3.686,0.421,2.3652,1.921,2.921,0,1
8.9430,26.3485,1.3538,1.020,1,25.958,3.686,0.421,2.3649,1.921,2.921,0,1
8.9460,26.3514,1.3545,0.991,1,25.958,3.686,0.421,2.3647,1.921,2.921,0,1
8.9490,26.3543,1.3552,0.997,1,25.958,3.686,0.421,2.3645,1.921,2.921,0,1
8.9520,26.3572,1.3559,0.991,1,25.958,3.686,0.421,2.3643,1.921,2.921,0,1
8.9550,26.3600,1.3566,0.983,1,25.958,3.686,0.421,2.3641,1.921,2.921,0,1
8.9580,26.3629,1.3573,0.976,1,25.958,3.686,0.421,2.3639,1.921,2.921,0,1
8.9610,26.3657,1.3580,0.969,1,25.958,3.686,0.421,2.3637,1.921,2.921,0,1
8.9640,26.3685,1.3587,0.962,1,25.958,3.686,0.421,2.3635,1.921,2.921,0,1
8.9670,26.3713,1.3594,0.955,1,25.958,3.686,0.421,2.3633,1.921,2.921,0,1
8.9700,26.3741,1.3600,0.948,1,25.958,3.686,0.421,2.3631,1.921,2.921,0,1
8.9730,26.3768,1.3607,0.940,1,25.958,3.686,0.421,2.3630,1.921,2.921,0,1
8.9760,26.3795,1.3613,0.932,1,25.958,3.686,0.421,2.3628,1.921,2.921,0,1
8.9790,26.3822,1.3620,0.925,1,25.958,3.686,0.421,2.3627,1.921,2.921,0,1
8.9820,26.3849,1.3626,0.917,1,25.958,3.686,0.421,2.3625,1.921,2.921,0,1
8.9850,26.3876,1.3633,0.908,1,25.958,3.686,0.421,2.3624,1.921,2.921,0,1
8.9880,26.3902,1.3639,0.903,1,25.958,3.686,0.421,2.3622,1.921,2.921,0,1
8.9910,26.3928,1.3645,0.893,1,25.958,3.686,0.421,2.3621,1.921,2.921,0,1
8.9940,26.3954,1.3651,0.884,1,25.958,3.686,0.421,2.3619,1.921,2.921,0,1
8.9970,26.3979,1.3658,0.874,1,25.958,3.686,0.421,2.3618,1.921,2.921,0,1
9.0000,26.4005,1.3664,0.868,1,25.958,3.686,0.421,2.3617,1.921,2.921,0,1
9.0030,26.4030,1.3670,0.860,1,25.958,3.686,0.421,2.3616,1.921,2.921,0,1
9.0060,26.4055,1.3676,0.853,1,25.958,3.686,0.421,2.3615,1.921,2.921,0,1
9.0090,26.4080,1.3682,0.854,1,25.958,3.686,0.421,2.3614,1.921,2.921,0,1
9.0120,26.4104,1.3687,0.804,1,25.958,3.686,0.421,2.3613,1.921,2.921,0,1
9.0150,26.4128,1.3693,0.832,1,25.958,3.686,0.421,2.3612,1.921,2.921,0,1
9.0180,26.4152,1.3698,0.825,1,25.958,3.686,0.421,2.3611,1.921,2.921,0,1
9.0210,26.4177,1.3704,0.831,1,25.958,3.686,0.421,2.3610,1.921,2.921,0,1
9.0240,26.4201,1.3710,0.841,1,25.958,3.686,0.421,2.3610,1.921,2.921,0,1
9.0270,26.4225,1.3715,0.817,1,25.958,3.686,0.421,2.3609,1.921,2.921,0,1
9.0300,26.4249,1.3721,0.815,1,25.958,3.686,0.421,2.3607,1.921,2.921,0,1
9.0330,26.4273,1.3727,0.808,1,25.958,3.686,0.421,2.3606,1.921,2.921,0,1
9.0360,26.4296,1.3733,0.808,1,25.958,3.686,0.421,2.3605,1.921,2.921,0,1
9.0390,26.4320,1.3740,0.809,1,25.958,3.686,0.421,2.3604,1.921,2.921,0,1
9.0420,26.4343,1.3746,0.801,1,25.958,3.686,0.421,2.3602,1.921,2.921,0,1
9.0450,26.4366,1.3752,0.795,1,25.958,3.686,0.421,2.3601,1.921,2.921,0,1
9.0480,26.4389,1.3758,0.788,1,25.958,3.686,0.421,2.3599,1.921,2.921,0,1
9.0510,26.4411,1.3765,0.784,1,25.958,3.686,0.421,2.3598,1.921,2.921,0,1
9.0540,26.4434,1.3771,0.780,1,25.958,3.686,0.421,2.3596,1.921,2.921,0,1
9.0570,26.4456,1.3778,0.776,1,25.958,3.686,0.421,2.3594,1.921,2.921,0,1
9.0600,26.4479,1.3784,0.772,1,25.958,3.686,0.421,2.3593,1.921,2.921,0,1
9.0630,26.4501,1.3791,0.768,1,25.958,3.686,0.421,2.3591,1.921,2.921,0,1
9.0660,26.4523,1.3797,0.766,1,25.958,3.686,0.421,2.3589,1.921,2.921,0,1
9.0690,26.4545,1.3804,0.763,1,25.958,3.686,0.421,2.3587,1.921,2.921,0,1
9.0720,26.4567,1.3811,0.758,1,25.958,3.686,0.421,2.3585,1.921,2.921,0,1
9.0750,26.4588,1.3818,0.754,1,25.958,3.686,0.421,2.3583,1.921,2.921,0,1
9.0780,26.4610,1.3824,0.750,1,25.958,3.686,0.421,2.3581,1.921,2.921,0,1
9.0810,26.4631,1.3831,0.745,1,25.958,3.686,0.421,2.3579,1.921,2.921,0,1
9.0840,26.4652,1.3838,0.742,1,25.958,3.686,0.421,2.3577,1.921,2.921,0,1
9.0870,26.4674,1.3845,0.745,1,25.958,3.686,0.421,2.3574,1.921,2.921,0,1
9.0900,26.4695,1.3852,0.739,1,25.958,3.686,0.421,2.3572,1.921,2.921,0,1
9.0930,26.4716,1.3859,0.732,1,25.958,3.686,0.421,2.3570,1.921,2.921,0,1
9.0960,26.4736,1.3866,0.726,1,25.958,3.686,0.421,2.3568,1.921,2.921,0,1
9.0990,26.4757,1.3873,0.723,1,25.958,3.686,0.421,2.3566,1.921,2.921,0,1
9.1020,26.4777,1.3879,0.715,1,25.958,3.686,0.421,2.3564,1.921,2.921,0,1
9.1050,26.4798,1.3885,0.709,1,25.958,3.686,0.421,2.3562,1.921,2.921,0,1
9.1080,26.4818,1.3892,0.700,1,25.958,3.686,0.421,2.3561,1.921,2.921,0,1
9.1110,26.4837,1.3897,0.698,1,25.958,3.686,0.421,2.3559,1.921,2.921,0,1
9.1140,26.4858,1.3903,0.700,1,25.958,3.686,0.421,2.3558,1.921,2.921,0,1
9.1170,26.4878,1.3909,0.698,1,25.958,3.686,0.421,2.3557,1.921,2.921,0,1
9.1200,26.4897,1.3914,0.689,1,25.958,3.686,0.421,2.3557,1.921,2.921,0,1
9.1230,26.4917,1.3919,0.682,1,25.958,3.686,0.421,2.3556,1.921,2.921,0,1
9.1260,26.4937,1.3924,0.674,1,25.958,3.686,0.421,2.3556,1.921,2.921,0,1
9.1290,26.4956,1.3929,0.672,1,25.958,3.686,0.421,2.3555,1.921,2.921,0,1
9.1320,26.4975,1.3934,0.666,1,25.958,3.686,0.421,2.3555,1.921,2.921,0,1
9.1350,26.4995,1.3939,0.659,1,25.958,3.686,0.421,2.3555,1.921,2.921,0,1
9.1380,26.5013,1.3944,0.653,1,25.958,3.686,0.421,2.3554,1.921,2.921,0,1
9.1410,26.5032,1.3948,0.648,1,25.958,3.686,0.421,2.3554,1.921,2.921,0,1
9.1440,26.5051,1.3953,0.640,1,25.958,3.686,0.421,2.3554,1.921,2.921,0,1
9.1470,26.5069,1.3958,0.633,1,25.958,3.686,0.421,2.3554,1.921,2.921,0,1
9.1500,26.5087,1.3962,0.628,1,25.958,3.686,0.421,2.3553,1.921,2.921,0,1
9.1530,26.5105,1.3967,0.622,1,25.958,3.686,0.421,2.3553,1.921,2.921,0,1
9.1560,26.5123,1.3971,0.617,1,25.958,3.686,0.421,2.3553,1.921,2.921,0,1
9.1590,26.5141,1.3976,0.610,1,25.958,3.686,0.421,2.3553,1.921,2.921,0,1
9.1620,26.5159,1.3980,0.605,1,25.958,3.686,0.421,2.3553,1.921,2.921,0,1
9.1650,26.5176,1.3985,0.599,1,25.958,3.686,0.421,2.3552,1.921,2.921,0,1
9.1680,26.5193,1.3989,0.594,1,25.958,3.686,0.421,2.3552,1.921,2.921,0,1
9.1710,26.5210,1.3993,0.588,1,25.958,3.686,0.421,2.3552,1.921,2.921,0,1
9.1740,26.5227,1.3998,0.584,1,25.958,3.686,0.421,2.3552,1.921,2.921,0,1
9.1770,26.5244,1.4002,0.577,1,25.958,3.686,0.421,2.3551,1.921,2.921,0,1
9.1800,26.5260,1.4007,0.573,1,25.958,3.686,0.421,2.3551,1.921,2.921,0,1
9.1830,26.5277,1.4011,0.566,1,25.958,3.686,0.421,2.3551,1.921,2.921,0,1
9.1860,26.5293,1.4015,0.561,1,25.958,3.686,0.421,2.3551,1.921,2.921,0,1
9.1890,26.5309,1.4020,0.554,1,25.958,3.686,0.421,2.3550,1.921,2.921,0,1
9.1920,26.5325,1.4024,0.552,1,25.958,3.686,0.421,2.3550,1.921,2.921,0,1
9.1950,26.5341,1.4028,0.546,1,25.958,3.686,0.421,2.3550,1.921,2.921,0,1
9.1980,26.5356,1.4031,0.542,1,25.958,3.686,0.421,2.3551,1.921,2.921,0,1
9.2010,26.5372,1.4035,0.538,1,25.958,3.686,0.421,2.3551,1.921,2.921,0,1
9.2040,26.5387,1.4039,0.533,1,25.958,3.686,0.421,2.3551,1.921,2.921,0,1
9.2070,26.5403,1.4043,0.533,1,25.958,3.686,0.421,2.3551,1.921,2.921,0,1
9.2100,26.5418,1.4046,0.530,1,25.958,3.686,0.421,2.3551,1.921,2.921,0,1
9.2130,26.5433,1.4050,0.512,1,25.958,3.686,0.421,2.3552,1.921,2.921,0,1
9.2160,26.5448,1.4053,0.520,1,25.958,3.686,0.421,2.3552,1.921,2.921,0,1
9.2190,26.5463,1.4057,0.516,1,25.958,3.686,0.421,2.3552,1.921,2.921,0,1
9.2220,26.5478,1.4060,0.514,1,25.958,3.686,0.421,2.3553,1.921,2.921,0,1
9.2250,26.5493,1.4063,0.515,1,25.958,3.686,0.421,2.3554,1.921,2.921,0,1
9.2280,26.5508,1.4066,0.511,1,25.958,3.686,0.421,2.3555,1.921,2.921,0,1
9.2310,26.5523,1.4069,0.510,1,25.958,3.686,0.421,2.3556,1.921,2.921,0,1
9.2340,26.5538,1.4072,0.508,1,25.958,3.686,0.421,2.3557,1.921,2.921,0,1
9.2370,26.5553,1.4074,0.510,1,25.958,3.686,0.421,2.3558,1.921,2.921,0,1
9.2400,26.5568,1.4077,0.511,1,25.958,3.686,0.421,2.3560,1.921,2.921,0,1
9.2430,26.5584,1.4079,0.510,1,25.958,3.686,0.421,2.3561,1.921,2.921,0,1
9.2460,26.5599,1.4081,0.509,1,25.958,3.686,0.421,2.3563,1.921,2.921,0,1
9.2490,26.5614,1.4083,0.507,1,25.958,3.686,0.421,2.3565,1.921,2.921,0,1
9.2520,26.5629,1.4085,0.506,1,25.958,3.686,0.421,2.3567,1.921,2.921,0,1
9.2550,26.5644,1.4087,0.504,1,25.958,3.686,0.421,2.3569,1.921,2.921,0,1
9.2580,26.5659,1.4089,0.503,1,25.958,3.686,0.421,2.3571,1.921,2.921,0,1
9.2610,26.5674,1.4091,0.502,1,25.958,3.686,0.421,2.3573,1.921,2.921,0,1
9.2640,26.5689,1.4092,0.502,1,25.958,3.686,0.421,2.3576,1.921,2.921,0,1
9.2670,26.5704,1.4094,0.502,1,25.958,3.686,0.421,2.3578,1.921,2.921,0,1
9.2700,26.5720,1.4096,0.501,1,25.958,3.686,0.421,2.3580,1.921,2.921,0,1
9.2730,26.5735,1.4097,0.502,1,25.958,3.686,0.421,2.3583,1.921,2.921,0,1
9.2760,26.5750,1.4099,0.501,1,25.958,3.686,0.421,2.3585,1.921,2.921,0,1
9.2790,26.5765,1.4101,0.502,1,25.958,3.686,0.421,2.3587,1.921,2.921,0,1
9.2820,26.5780,1.4102,0.499,1,25.958,3.686,0.421,2.3590,1.921,2.921,0,1
9.2850,26.5795,1.4104,0.500,1,25.958,3.686,0.421,2.3592,1.921,2.921,0,1
9.2880,26.5810,1.4105,0.497,1,25.958,3.686,0.421,2.3595,1.921,2.921,0,1
9.2910,26.5825,1.4107,0.497,1,25.958,3.686,0.421,2.3597,1.921,2.921,0,1
9.2940,26.5840,1.4108,0.496,1,25.958,3.686,0.421,2.3600,1.921,2.921,0,1
9.2970,26.5854,1.4110,0.492,1,25.958,3.686,0.421,2.3602,1.921,2.921,0,1
9.3000,26.5869,1.4111,0.484,1,25.958,3.686,0.421,2.3604,1.921,2.921,0,1
9.3030,26.5883,1.4113,0.484,1,25.958,3.686,0.421,2.3607,1.921,2.921,0,1
9.3060,26.5898,1.4115,0.477,1,25.958,3.686,0.421,2.3609,1.921,2.921,0,1
9.3090,26.5912,1.4116,0.476,1,25.958,3.686,0.421,2.3611,1.921,2.921,0,1
9.3120,26.5926,1.4118,0.460,1,25.958,3.686,0.421,2.3614,1.921,2.921,0,1
9.3150,26.5939,1.4120,0.467,1,25.958,3.686,0.421,2.3616,1.921,2.921,0,1
9.3180,26.5953,1.4121,0.461,1,25.958,3.686,0.421,2.3618,1.921,2.921,0,1
9.3210,26.5967,1.4123,0.459,1,25.958,3.686,0.421,2.3620,1.921,2.921,0,1
9.3240,26.5981,1.4125,0.462,1,25.958,3.686,0.421,2.3621,1.921,2.921,0,1
9.3270,26.5995,1.4127,0.463,1,25.958,3.686,0.421,2.3623,1.921,2.921,0,1
9.3300,26.6008,1.4129,0.467,1,25.958,3.686,0.421,2.3625,1.921,2.921,0,1
9.3330,26.6022,1.4132,0.465,1,25.958,3.686,0.421,2.3626,1.921,2.921,0,1
9.3360,26.6036,1.4134,0.462,1,25.958,3.686,0.421,2.3627,1.921,2.921,0,1
9.3390,26.6049,1.4137,0.462,1,25.958,3.686,0.421,2.3629,1.921,2.921,0,1
9.3420,26.6063,1.4140,0.460,1,25.958,3.686,0.421,2.3630,1.921,2.921,0,1
9.3450,26.6077,1.4142,0.460,1,25.958,3.686,0.421,2.3631,1.921,2.921,0,1
9.3480,26.6090,1.4145,0.459,1,25.958,3.686,0.421,2.3632,1.921,2.921,0,1
9.3510,26.6103,1.4148,0.459,1,25.958,3.686,0.421,2.3633,1.921,2.921,0,1
9.3540,26.6117,1.4151,0.459,1,25.958,3.686,0.421,2.3634,1.921,2.921,0,1
9.3570,26.6130,1.4154,0.459,1,25.958,3.686,0.421,2.3634,1.921,2.921,0,1
9.3600,26.6144,1.4158,0.461,1,25.958,3.686,0.421,2.3635,1.921,2.921,0,1
9.3630,26.6157,1.4161,0.461,1,25.958,3.686,0.421,2.3635,1.921,2.921,0,1
9.3660,26.6170,1.4164,0.459,1,25.958,3.686,0.421,2.3636,1.921,2.921,0,1
9.3690,26.6184,1.4167,0.460,1,25.958,3.686,0.421,2.3637,1.921,2.921,0,1
9.3720,26.6197,1.4171,0.460,1,25.958,3.686,0.421,2.3637,1.921,2.921,0,1
9.3750,26.6210,1.4174,0.461,1,25.958,3.686,0.421,2.3637,1.921,2.921,0,1
9.3780,26.6223,1.4178,0.460,1,25.958,3.686,0.421,2.3638,1.921,2.921,0,1
9.3810,26.6237,1.4182,0.460,1,25.958,3.686,0.421,2.3638,1.921,2.921,0,1
9.3840,26.6250,1.4185,0.462,1,25.958,3.686,0.421,2.3638,1.921,2.921,0,1
9.3870,26.6263,1.4189,0.460,1,25.958,3.686,0.421,2.3638,1.921,2.921,0,1
9.3900,26.6276,1.4193,0.460,1,25.958,3.686,0.421,2.3638,1.921,2.921,0,1
9.3930,26.6289,1.4197,0.464,1,25.958,3.686,0.421,2.3638,1.921,2.921,0,1
9.3960,26.6302,1.4201,0.464,1,25.958,3.686,0.421,2.3637,1.921,2.921,0,1
9.3990,26.6316,1.4206,0.465,1,25.958,3.686,0.421,2.3637,1.921,2.921,0,1
9.4020,26.6329,1.4210,0.470,1,25.958,3.686,0.421,2.3636,1.921,2.921,0,1
9.4050,26.6342,1.4215,0.468,1,25.958,3.686,0.421,2.3636,1.921,2.921,0,1
9.4080,26.6356,1.4219,0.474,1,25.958,3.686,0.421,2.3635,1.921,2.921,0,1
9.4110,26.6369,1.4224,0.462,1,25.958,3.686,0.421,2.3635,1.921,2.921,0,1
9.4140,26.6382,1.4229,0.469,1,25.958,3.686,0.421,2.3634,1.921,2.921,0,1
9.4170,26.6395,1.4233,0.470,1,25.958,3.686,0.421,2.3633,1.921,2.921,0,1
9.4200,26.6409,1.4238,0.472,1,25.958,3.686,0.421,2.3633,1.921,2.921,0,1
9.4230,26.6422,1.4243,0.476,1,25.958,3.686,0.421,2.3632,1.921,2.921,0,1
9.4260,26.6436,1.4248,0.479,1,25.958,3.686,0.421,2.3631,1.921,2.921,0,1
9.4290,26.6449,1.4254,0.486,1,25.958,3.686,0.421,2.3630,1.921,2.921,0,1
9.4320,26.6463,1.4259,0.493,1,25.958,3.686,0.421,2.3629,1.921,2.921,0,1
9.4350,26.6477,1.4265,0.496,1,25.958,3.686,0.421,2.3627,1.921,2.921,0,1
9.4380,26.6491,1.4270,0.503,1,25.958,3.686,0.421,2.3626,1.921,2.921,0,1
9.4410,26.6505,1.4276,0.509,1,25.958,3.686,0.421,2.3625,1.921,2.921,0,1
9.4440,26.6519,1.4282,0.515,1,25.958,3.686,0.421,2.3623,1.921,2.921,0,1
9.4470,26.6534,1.4288,0.523,1,25.958,3.686,0.421,2.3622,1.921,2.921,0,1
9.4500,26.6549,1.4294,0.535,1,25.958,3.686,0.421,2.3621,1.921,2.921,0,1
9.4530,26.6564,1.4300,0.542,1,25.958,3.686,0.421,2.3619,1.921,2.921,0,1
9.4560,26.6579,1.4306,0.546,1,25.958,3.686,0.421,2.3618,1.921,2.921,0,1
9.4590,26.6594,1.4312,0.555,1,25.958,3.686,0.421,2.3616,1.921,2.921,0,1
9.4620,26.6610,1.4319,0.557,1,25.958,3.686,0.421,2.3615,1.921,2.921,0,1
9.4650,26.6625,1.4325,0.564,1,25.958,3.686,0.421,2.3613,1.921,2.921,0,1
9.4680,26.6641,1.4331,0.570,1,25.958,3.686,0.421,2.3612,1.921,2.921,0,1
9.4710,26.6657,1.4338,0.578,1,25.958,3.686,0.421,2.3611,1.921,2.921,0,1
9.4740,26.6674,1.4344,0.586,1,25.958,3.686,0.421,2.3610,1.921,2.921,0,1
9.4770,26.6690,1.4351,0.591,1,25.958,3.686,0.421,2.3608,1.921,2.921,0,1
9.4800,26.6707,1.4357,0.599,1,25.958,3.686,0.421,2.3607,1.921,2.921,0,1
9.4830,26.6724,1.4364,0.608,1,25.958,3.686,0.421,2.3606,1.921,2.921,0,1
9.4860,26.6741,1.4371,0.615,1,25.958,3.686,0.421,2.3605,1.921,2.921,0,1
9.4890,26.6758,1.4377,0.621,1,25.958,3.686,0.421,2.3603,1.921,2.921,0,1
9.4920,26.6775,1.4384,0.628,1,25.958,3.686,0.421,2.3602,1.921,2.921,0,1
9.4950,26.6793,1.4391,0.636,1,25.958,3.686,0.421,2.3601,1.921,2.921,0,1
9.4980,26.6811,1.4398,0.644,1,25.958,3.686,0.421,2.3599,1.921,2.921,0,1
9.5010,26.6829,1.4406,0.651,1,25.958,3.686,0.421,2.3598,1.921,2.921,0,1
9.5040,26.6847,1.4413,0.658,1,25.958,3.686,0.421,2.3597,1.921,2.921,0,1
9.5070,26.6865,1.4420,0.647,1,25.958,3.686,0.421,2.3595,1.921,2.921,0,1
9.5100,26.6883,1.4427,0.661,1,25.958,3.686,0.421,2.3594,1.921,2.921,0,1
9.5130,26.6901,1.4435,0.660,1,25.958,3.686,0.421,2.3593,1.921,2.921,0,1
9.5160,26.6920,1.4442,0.664,1,25.958,3.686,0.421,2.3591,1.921,2.921,0,1
9.5190,26.6938,1.4450,0.667,1,25.958,3.686,0.421,2.3590,1.921,2.921,0,1
9.5220,26.6957,1.4458,0.674,1,25.958,3.686,0.421,2.3588,1.921,2.921,0,1
9.5250,26.6975,1.4465,0.674,1,25.958,3.686,0.421,2.3587,1.921,2.921,0,1
9.5280,26.6994,1.4473,0.688,1,25.958,3.686,0.421,2.3585,1.921,2.921,0,1
9.5310,26.7014,1.4481,0.695,1,25.958,3.686,0.421,2.3584,1.921,2.921,0,1
9.5340,26.7033,1.4489,0.701,1,25.958,3.686,0.421,2.3582,1.921,2.921,0,1
9.5370,26.7053,1.4497,0.709,1,25.958,3.686,0.421,2.3581,1.921,2.921,0,1
9.5400,26.7073,1.4505,0.715,1,25.958,3.686,0.421,2.3580,1.921,2.921,0,1
9.5430,26.7093,1.4513,0.724,1,25.958,3.686,0.421,2.3578,1.921,2.921,0,1
9.5460,26.7113,1.4522,0.729,1,25.958,3.686,0.421,2.3577,1.921,2.921,0,1
9.5490,26.7133,1.4530,0.733,1,25.958,3.686,0.421,2.3576,1.921,2.921,0,1
9.5520,26.7154,1.4538,0.742,1,25.958,3.686,0.421,2.3575,1.921,2.921,0,1
9.5550,26.7175,1.4546,0.749,1,25.958,3.686,0.421,2.3574,1.921,2.921,0,1
9.5580,26.7196,1.4554,0.756,1,25.958,3.686,0.421,2.3573,1.921,2.921,0,1
9.5610,26.7217,1.4563,0.763,1,25.958,3.686,0.421,2.3572,1.921,2.921,0,1
9.5640,26.7239,1.4571,0.769,1,25.958,3.686,0.421,2.3571,1.921,2.921,0,1
9.5670,26.7260,1.4579,0.777,1,25.958,3.686,0.421,2.3570,1.921,2.921,0,1
9.5700,26.7282,1.4588,0.785,1,25.958,3.686,0.421,2.3569,1.921,2.921,0,1
9.5730,26.7304,1.4596,0.793,1,25.958,3.686,0.421,2.3568,1.921,2.921,0,1
9.5760,26.7327,1.4605,0.801,1,25.958,3.686,0.421,2.3568,1.921,2.921,0,1
9.5790,26.7349,1.4614,0.809,1,25.958,3.686,0.421,2.3567,1.921,2.921,0,1
9.5820,26.7372,1.4622,0.816,1,25.958,3.686,0.421,2.3566,1.921,2.921,0,1
9.5850,26.7395,1.4631,0.822,1,25.958,3.686,0.421,2.3565,1.921,2.921,0,1
9.5880,26.7418,1.4640,0.829,1,25.958,3.686,0.421,2.3564,1.921,2.921,0,1
9.5910,26.7441,1.4650,0.836,1,25.958,3.686,0.421,2.3563,1.921,2.921,0,1
9.5940,26.7464,1.4659,0.843,1,25.958,3.686,0.421,2.3562,1.921,2.921,0,1
9.5970,26.7488,1.4668,0.850,1,25.958,3.686,0.421,2.3561,1.921,2.921,0,1
9.6000,26.7512,1.4678,0.858,1,25.958,3.686,0.421,2.3561,1.921,2.921,0,1
9.6030,26.7536,1.4687,0.854,1,25.958,3.686,0.421,2.3560,1.921,2.921,0,1
9.6060,26.7560,1.4697,0.875,1,25.958,3.686,0.421,2.3559,1.921,2.921,0,1
9.6090,26.7584,1.4706,0.881,1,25.958,3.686,0.421,2.3558,1.921,2.921,0,1
9.6120,26.7609,1.4716,0.882,1,25.958,3.686,0.421,2.3557,1.921,2.921,0,1
9.6150,26.7634,1.4726,0.883,1,25.958,3.686,0.421,2.3556,1.921,2.921,0,1
9.6180,26.7658,1.4736,0.889,1,25.958,3.686,0.421,2.3556,1.921,2.921,0,1
9.6210,26.7684,1.4746,0.897,1,25.958,3.686,0.421,2.3555,1.921,2.921,0,1
9.6240,26.7709,1.4756,0.901,1,25.958,3.686,0.421,2.3554,1.921,2.921,0,1
9.6270,26.7734,1.4766,0.910,1,25.958,3.686,0.421,2.3554,1.921,2.921,0,1
9.6300,26.7760,1.4776,0.915,1,25.958,3.686,0.421,2.3553,1.921,2.921,0,1
9.6330,26.7786,1.4786,0.923,1,25.958,3.686,0.421,2.3553,1.921,2.921,0,1
9.6360,26.7812,1.4796,0.932,1,25.958,3.686,0.421,2.3553,1.921,2.921,0,1
9.6390,26.7838,1.4806,0.932,1,25.958,3.686,0.421,2.3553,1.921,2.921,0,1
9.6420,26.7865,1.4816,0.939,1,25.958,3.686,0.421,2.3553,1.921,2.921,0,1
9.6450,26.7891,1.4825,0.945,1,25.958,3.686,0.421,2.3553,1.921,2.921,0,1
9.6480,26.7918,1.4836,0.948,1,25.958,3.686,0.421,2.3553,1.921,2.921,0,1
9.6510,26.7945,1.4846,0.955,1,25.958,3.686,0.421,2.3553,1.921,2.921,0,1
9.6540,26.7972,1.4856,0.961,1,25.958,3.686,0.421,2.3553,1.921,2.921,0,1
9.6570,26.7999,1.4866,0.966,1,25.958,3.686,0.421,2.3553,1.921,2.921,0,1
9.6600,26.8026,1.4877,0.972,1,25.958,3.686,0.421,2.3553,1.921,2.921,0,1
9.6630,26.8054,1.4887,0.977,1,25.958,3.686,0.421,2.3553,1.921,2.921,0,1
9.6660,26.8082,1.4898,0.982,1,25.958,3.686,0.421,2.3553,1.921,2.921,0,1
9.6690,26.8109,1.4909,0.986,1,25.958,3.686,0.421,2.3553,1.921,2.921,0,1
9.6720,26.8137,1.4920,0.991,1,25.958,3.686,0.421,2.3553,1.921,2.921,0,1
9.6750,26.8165,1.4931,0.997,1,25.958,3.686,0.421,2.3553,1.921,2.921,0,1
9.6780,26.8193,1.4942,1.003,1,25.958,3.686,0.421,2.3552,1.921,2.921,0,1
9.6810,26.8221,1.4954,1.009,1,25.958,3.686,0.421,2.3552,1.921,2.921,0,1
9.6840,26.8249,1.4965,1.016,1,25.958,3.686,0.421,2.3551,1.921,2.921,0,1
9.6840,26.8249,1.4965,1.016,3,29.922,2.729,0.834,3.3334,2.334,3.334,0,1
9.6870,26.8278,1.4977,1.022,1,25.958,3.686,0.421,2.3551,1.921,2.921,0,1
9.6870,26.8278,1.4977,1.022,3,29.922,2.729,0.834,3.3303,2.334,3.334,0,1
9.6900,26.8306,1.4989,1.030,1,25.958,3.686,0.421,2.3550,1.921,2.921,0,1
9.6900,26.8306,1.4989,1.030,3,29.922,2.729,0.834,3.3272,2.334,3.334,0,1
9.6930,26.8335,1.5001,1.035,1,25.958,3.686,0.421,2.3550,1.921,2.921,0,1
9.6930,26.8335,1.5001,1.035,3,29.922,2.729,0.834,3.3241,2.334,3.334,0,1
9.6960,26.8364,1.5013,1.041,1,25.958,3.686,0.421,2.3549,1.921,2.921,0,1
9.6960,26.8364,1.5013,1.041,3,29.922,2.729,0.834,3.3209,2.334,3.334,0,1
9.6990,26.8393,1.5026,1.046,1,25.958,3.686,0.421,2.3549,1.921,2.921,0,1
9.6990,26.8393,1.5026,1.046,3,29.922,2.729,0.834,3.3178,2.334,3.334,0,1
9.7020,26.8422,1.5038,1.043,1,25.958,3.686,0.421,2.3548,1.921,2.921,0,1
9.7020,26.8422,1.5038,1.043,3,29.922,2.729,0.834,3.3146,2.334,3.334,0,1
9.7050,26.8452,1.5050,1.058,1,25.958,3.686,0.421,2.3548,1.921,2.921,0,1
9.7050,26.8452,1.5050,1.058,3,29.922,2.729,0.834,3.3114,2.334,3.334,0,1
9.7080,26.8481,1.5062,1.037,1,25.958,3.686,0.421,2.3548,1.921,2.921,0,1
9.7080,26.8481,1.5062,1.037,3,29.922,2.729,0.834,3.3083,2.334,3.334,0,1
9.7110,26.8510,1.5074,1.048,1,25.958,3.686,0.421,2.3548,1.921,2.921,0,1
9.7110,26.8510,1.5074,1.048,3,29.922,2.729,0.834,3.3051,2.334,3.334,0,1
9.7140,26.8539,1.5087,1.057,1,25.958,3.686,0.421,2.3547,1.921,2.921,0,1
9.7140,26.8539,1.5087,1.057,3,29.922,2.729,0.834,3.3019,2.334,3.334,0,1
9.7170,26.8569,1.5099,1.065,1,25.958,3.686,0.421,2.3547,1.921,2.921,0,1
9.7170,26.8569,1.5099,1.065,3,29.922,2.729,0.834,3.2987,2.334,3.334,0,1
9.7200,26.8599,1.5112,1.065,1,25.958,3.686,0.421,2.3547,1.921,2.921,0,1
9.7200,26.8599,1.5112,1.065,3,29.922,2.729,0.834,3.2955,2.334,3.334,0,1
9.7230,26.8628,1.5124,1.066,1,25.958,3.686,0.421,2.3547,1.921,2.921,0,1
9.7230,26.8628,1.5124,1.066,3,29.922,2.729,0.834,3.2923,2.334,3.334,0,1
9.7260,26.8658,1.5137,1.068,1,25.958,3.686,0.421,2.3547,1.921,2.921,0,1
9.7260,26.8658,1.5137,1.068,3,29.922,2.729,0.834,3.2890,2.334,3.334,0,1
9.7290,26.8688,1.5150,1.070,1,25.958,3.686,0.421,2.3546,1.921,2.921,0,1
9.7290,26.8688,1.5150,1.070,3,29.922,2.729,0.834,3.2858,2.334,3.334,0,1
9.7320,26.8718,1.5162,1.073,1,25.958,3.686,0.421,2.3546,1.921,2.921,0,1
9.7320,26.8718,1.5162,1.073,3,29.922,2.729,0.834,3.2825,2.334,3.334,0,1
9.7350,26.8748,1.5175,1.078,1,25.958,3.686,0.421,2.3546,1.921,2.921,0,1
9.7350,26.8748,1.5175,1.078,3,29.922,2.729,0.834,3.2792,2.334,3.334,0,1
9.7380,26.8778,1.5188,1.081,1,25.958,3.686,0.421,2.3546,1.921,2.921,0,1
9.7380,26.8778,1.5188,1.081,3,29.922,2.729,0.834,3.2760,2.334,3.334,0,1
9.7410,26.8809,1.5202,1.086,1,25.958,3.686,0.421,2.3546,1.921,2.921,0,1
9.7410,26.8809,1.5202,1.086,3,29.922,2.729,0.834,3.2727,2.334,3.334,0,1
9.7440,26.8839,1.5215,1.089,1,25.958,3.686,0.421,2.3545,1.921,2.921,0,1
9.7440,26.8839,1.5215,1.089,3,29.922,2.729,0.834,3.2694,2.334,3.334,0,1
9.7470,26.8869,1.5228,1.093,1,25.958,3.686,0.421,2.3545,1.921,2.921,0,1
9.7470,26.8869,1.5228,1.093,3,29.922,2.729,0.834,3.2660,2.334,3.334,0,1
9.7500,26.8900,1.5242,1.095,1,25.958,3.686,0.421,2.3544,1.921,2.921,0,1
9.7500,26.8900,1.5242,1.095,3,29.922,2.729,0.834,3.2627,2.334,3.334,0,1
9.7530,26.8930,1.5256,1.099,1,25.958,3.686,0.421,2.3544,1.921,2.921,0,1
9.7530,26.8930,1.5256,1.099,3,29.922,2.729,0.834,3.2593,2.334,3.334,0,1
9.7560,26.8961,1.5270,1.105,1,25.958,3.686,0.421,2.3543,1.921,2.921,0,1
9.7560,26.8961,1.5270,1.105,3,29.922,2.729,0.834,3.2560,2.334,3.334,0,1
9.7590,26.8992,1.5284,1.111,1,25.958,3.686,0.421,2.3543,1.921,2.921,0,1
9.7590,26.8992,1.5284,1.111,3,29.922,2.729,0.834,3.2526,2.334,3.334,0,1
9.7620,26.9023,1.5298,1.119,1,25.958,3.686,0.421,2.3543,1.921,2.921,0,1
9.7620,26.9023,1.5298,1.119,3,29.922,2.729,0.834,3.2492,2.334,3.334,0,1
9.7650,26.9054,1.5312,1.122,1,25.958,3.686,0.421,2.3542,1.921,2.921,0,1
9.7650,26.9054,1.5312,1.122,3,29.922,2.729,0.834,3.2458,2.334,3.334,0,1
9.7680,26.9086,1.5326,1.126,1,25.958,3.686,0.421,2.3542,1.921,2.921,0,1
9.7680,26.9086,1.5326,1.126,3,29.922,2.729,0.834,3.2423,2.334,3.334,0,1
9.7710,26.9117,1.5340,1.130,1,25.958,3.686,0.421,2.3542,1.921,2.921,0,1
9.7710,26.9117,1.5340,1.130,3,29.922,2.729,0.834,3.2389,2.334,3.334,0,1
9.7740,26.9148,1.5354,1.134,1,25.958,3.686,0.421,2.3542,1.921,2.921,0,1
9.7740,26.9148,1.5354,1.134,3,29.922,2.729,0.834,3.2355,2.334,3.334,0,1
9.7770,26.9180,1.5368,1.140,1,25.958,3.686,0.421,2.3542,1.921,2.921,0,1
9.7770,26.9180,1.5368,1.140,3,29.922,2.729,0.834,3.2320,2.334,3.334,0,1
9.7800,26.9212,1.5382,1.143,1,25.958,3.686,0.421,2.3542,1.921,2.921,0,1
9.7800,26.9212,1.5382,1.143,3,29.922,2.729,0.834,3.2285,2.334,3.334,0,1
9.7830,26.9244,1.5396,1.147,1,25.958,3.686,0.421,2.3542,1.921,2.921,0,1
9.7830,26.9244,1.5396,1.147,3,29.922,2.729,0.834,3.2250,2.334,3.334,0,1
9.7860,26.9276,1.5410,1.150,1,25.958,3.686,0.421,2.3543,1.921,2.921,0,1
9.7860,26.9276,1.5410,1.150,3,29.922,2.729,0.834,3.2215,2.334,3.334,0,1
9.7890,26.9308,1.5423,1.157,1,25.958,3.686,0.421,2.3544,1.921,2.921,0,1
9.7890,26.9308,1.5423,1.157,3,29.922,2.729,0.834,3.2180,2.334,3.334,0,1
9.7920,26.9341,1.5437,1.160,1,25.958,3.686,0.421,2.3545,1.921,2.921,0,1
9.7920,26.9341,1.5437,1.160,3,29.922,2.729,0.834,3.2145,2.334,3.334,0,1
9.7950,26.9373,1.5451,1.166,1,25.958,3.686,0.421,2.3546,1.921,2.921,0,1
9.7950,26.9373,1.5451,1.166,3,29.922,2.729,0.834,3.2110,2.334,3.334,0,1
9.7980,26.9406,1.5465,1.169,1,25.958,3.686,0.421,2.3547,1.921,2.921,0,1
9.7980,26.9406,1.5465,1.169,3,29.922,2.729,0.834,3.2074,2.334,3.334,0,1
9.8010,26.9439,1.5478,1.166,1,25.958,3.686,0.421,2.3548,1.921,2.921,0,1
9.8010,26.9439,1.5478,1.166,3,29.922,2.729,0.834,3.2039,2.334,3.334,0,1
9.8040,26.9471,1.5492,1.169,1,25.958,3.686,0.421,2.3549,1.921,2.921,0,1
9.8040,26.9471,1.5492,1.169,3,29.922,2.729,0.834,3.2003,2.334,3.334,0,1
9.8070,26.9505,1.5506,1.188,1,25.958,3.686,0.421,2.3551,1.921,2.921,0,1
9.8070,26.9505,1.5506,1.188,3,29.922,2.729,0.834,3.1967,2.334,3.334,0,1
9.8100,26.9538,1.5520,1.174,1,25.958,3.686,0.421,2.3552,1.921,2.921,0,1
9.8100,26.9538,1.5520,1.174,3,29.922,2.729,0.834,3.1932,2.334,3.334,0,1
9.8130,26.9571,1.5534,1.174,1,25.958,3.686,0.421,2.3554,1.921,2.921,0,1
9.8130,26.9571,1.5534,1.174,3,29.922,2.729,0.834,3.1896,2.334,3.334,0,1
9.8160,26.9604,1.5547,1.177,1,25.958,3.686,0.421,2.3555,1.921,2.921,0,1
9.8160,26.9604,1.5547,1.177,3,29.922,2.729,0.834,3.1860,2.334,3.334,0,1
9.8190,26.9637,1.5561,1.176,1,25.958,3.686,0.421,2.3557,1.921,2.921,0,1
9.8190,26.9637,1.5561,1.176,3,29.922,2.729,0.834,3.1824,2.334,3.334,0,1
9.8220,26.9670,1.5574,1.174,1,25.958,3.686,0.421,2.3559,1.921,2.921,0,1
9.8220,26.9670,1.5574,1.174,3,29.922,2.729,0.834,3.1789,2.334,3.334,0,1
9.8250,26.9703,1.5588,1.166,1,25.958,3.686,0.421,2.3561,1.921,2.921,0,1
9.8250,26.9703,1.5588,1.166,3,29.922,2.729,0.834,3.1753,2.334,3.334,0,1
9.8280,26.9736,1.5601,1.166,1,25.958,3.686,0.421,2.3563,1.921,2.921,0,1
9.8280,26.9736,1.5601,1.166,3,29.922,2.729,0.834,3.1717,2.334,3.334,0,1
9.8310,26.9769,1.5615,1.163,1,25.958,3.686,0.421,2.3565,1.921,2.921,0,1
9.8310,26.9769,1.5615,1.163,3,29.922,2.729,0.834,3.1682,2.334,3.334,0,1
9.8340,26.9801,1.5628,1.160,1,25.958,3.686,0.421,2.3567,1.921,2.921,0,1
9.8340,26.9801,1.5628,1.160,3,29.922,2.729,0.834,3.1647,2.334,3.334,0,1
9.8370,26.9834,1.5641,1.160,1,25.958,3.686,0.421,2.3570,1.921,2.921,0,1
9.8370,26.9834,1.5641,1.160,3,29.922,2.729,0.834,3.1611,2.334,3.334,0,1
9.8400,26.9867,1.5654,1.156,1,25.958,3.686,0.421,2.3572,1.921,2.921,0,1
9.8400,26.9867,1.5654,1.156,3,29.922,2.729,0.834,3.1576,2.334,3.334,0,1
9.8430,26.9899,1.5667,1.150,1,25.958,3.686,0.421,2.3575,1.921,2.921,0,1
9.8430,26.9899,1.5667,1.150,3,29.922,2.729,0.834,3.1541,2.334,3.334,0,1
9.8460,26.9932,1.5680,1.147,1,25.958,3.686,0.421,2.3577,1.921,2.921,0,1
9.8460,26.9932,1.5680,1.147,3,29.922,2.729,0.834,3.1506,2.334,3.334,0,1
9.8490,26.9964,1.5694,1.146,1,25.958,3.686,0.421,2.3579,1.921,2.921,0,1
9.8490,26.9964,1.5694,1.146,3,29.922,2.729,0.834,3.1471,2.334,3.334,0,1
9.8520,26.9997,1.5707,1.137,1,25.958,3.686,0.421,2.3582,1.921,2.921,0,1
9.8520,26.9997,1.5707,1.137,3,29.922,2.729,0.834,3.1436,2.334,3.334,0,1
9.8550,27.0029,1.5720,1.132,1,25.958,3.686,0.421,2.3585,1.921,2.921,0,1
9.8550,27.0029,1.5720,1.132,3,29.922,2.729,0.834,3.1402,2.334,3.334,0,1
9.8580,27.0061,1.5733,1.133,1,25.958,3.686,0.421,2.3587,1.921,2.921,0,1
9.8580,27.0061,1.5733,1.133,3,29.922,2.729,0.834,3.1367,2.334,3.334,0,1
9.8610,27.0093,1.5745,1.123,1,25.958,3.686,0.421,2.3590,1.921,2.921,0,1
9.8610,27.0093,1.5745,1.123,3,29.922,2.729,0.834,3.1333,2.334,3.334,0,1
9.8640,27.0124,1.5758,1.119,1,25.958,3.686,0.421,2.3593,1.921,2.921,0,1
9.8640,27.0124,1.5758,1.119,3,29.922,2.729,0.834,3.1298,2.334,3.334,0,1
9.8670,27.0156,1.5771,1.107,1,25.958,3.686,0.421,2.3596,1.921,2.921,0,1
9.8670,27.0156,1.5771,1.107,3,29.922,2.729,0.834,3.1265,2.334,3.334,0,1
9.8700,27.0186,1.5783,1.076,1,25.958,3.686,0.421,2.3598,1.921,2.921,0,1
9.8700,27.0186,1.5783,1.076,3,29.922,2.729,0.834,3.1232,2.334,3.334,0,1
9.8730,27.0217,1.5795,1.087,1,25.958,3.686,0.421,2.3601,1.921,2.921,0,1
9.8730,27.0217,1.5795,1.087,3,29.922,2.729,0.834,3.1198,2.334,3.334,0,1
9.8760,27.0248,1.5808,1.079,1,25.958,3.686,0.421,2.3604,1.921,2.921,0,1
9.8760,27.0248,1.5808,1.079,3,29.922,2.729,0.834,3.1165,2.334,3.334,0,1
9.8790,27.0278,1.5820,1.067,1,25.958,3.686,0.421,2.3607,1.921,2.921,0,1
9.8790,27.0278,1.5820,1.067,3,29.922,2.729,0.834,3.1132,2.334,3.334,0,1
9.8820,27.0308,1.5832,1.059,1,25.958,3.686,0.421,2.3610,1.921,2.921,0,1
9.8820,27.0308,1.5832,1.059,3,29.922,2.729,0.834,3.1100,2.334,3.334,0,1
9.8850,27.0338,1.5844,1.051,1,25.958,3.686,0.421,2.3613,1.921,2.921,0,1
9.8850,27.0338,1.5844,1.051,3,29.922,2.729,0.834,3.1068,2.334,3.334,0,1
9.8880,27.0368,1.5856,1.042,1,25.958,3.686,0.421,2.3616,1.921,2.921,0,1
9.8880,27.0368,1.5856,1.042,3,29.922,2.729,0.834,3.1036,2.334,3.334,0,1
9.8910,27.0398,1.5868,1.040,1,25.958,3.686,0.421,2.3618,1.921,2.921,0,1
9.8910,27.0398,1.5868,1.040,3,29.922,2.729,0.834,3.1004,2.334,3.334,0,1
9.8940,27.0427,1.5880,1.032,1,25.958,3.686,0.421,2.3621,1.921,2.921,0,1
9.8940,27.0427,1.5880,1.032,3,29.922,2.729,0.834,3.0972,2.334,3.334,0,1
9.8970,27.0456,1.5892,1.024,1,25.958,3.686,0.421,2.3624,1.921,2.921,0,1
9.8970,27.0456,1.5892,1.024,3,29.922,2.729,0.834,3.0941,2.334,3.334,0,1
9.9000,27.0485,1.5904,1.014,1,25.958,3.686,0.421,2.3627,1.921,2.921,0,1
9.9000,27.0485,1.5904,1.014,3,29.922,2.729,0.834,3.0910,2.334,3.334,0,1
9.9030,27.0514,1.5916,1.011,1,25.958,3.686,0.421,2.3629,1.921,2.921,0,1
9.9030,27.0514,1.5916,1.011,3,29.922,2.729,0.834,3.0878,2.334,3.334,0,1
9.9060,27.0542,1.5928,1.004,1,25.958,3.686,0.421,2.3632,1.921,2.921,0,1
9.9060,27.0542,1.5928,1.004,3,29.922,2.729,0.834,3.0848,2.334,3.334,0,1
9.9090,27.0570,1.5940,0.997,1,25.958,3.686,0.421,2.3635,1.921,2.921,0,1
9.9090,27.0570,1.5940,0.997,3,29.922,2.729,0.834,3.0817,2.334,3.334,0,1
9.9120,27.0598,1.5951,0.989,1,25.958,3.686,0.421,2.3637,1.921,2.921,0,1
9.9120,27.0598,1.5951,0.989,3,29.922,2.729,0.834,3.0787,2.334,3.334,0,1
9.9150,27.0626,1.5963,0.985,1,25.958,3.686,0.421,2.3640,1.921,2.921,0,1
9.9150,27.0626,1.5963,0.985,3,29.922,2.729,0.834,3.0756,2.334,3.334,0,1
9.9180,27.0654,1.5975,0.978,1,25.958,3.686,0.421,2.3643,1.921,2.921,0,1
9.9180,27.0654,1.5975,0.978,3,29.922,2.729,0.834,3.0726,2.334,3.334,0,1
9.9210,27.0681,1.5986,0.972,1,25.958,3.686,0.421,2.3645,1.921,2.921,0,1
9.9210,27.0681,1.5986,0.972,3,29.922,2.729,0.834,3.0697,2.334,3.334,0,1
9.9240,27.0708,1.5998,0.964,1,25.958,3.686,0.421,2.3648,1.921,2.921,0,1
9.9240,27.0708,1.5998,0.964,3,29.922,2.729,0.834,3.0667,2.334,3.334,0,1
9.9270,27.0735,1.6009,0.958,1,25.958,3.686,0.421,2.3650,1.921,2.921,0,1
9.9270,27.0735,1.6009,0.958,3,29.922,2.729,0.834,3.0638,2.334,3.334,0,1
9.9300,27.0762,1.6021,0.952,1,25.958,3.686,0.421,2.3653,1.921,2.921,0,1
9.9300,27.0762,1.6021,0.952,3,29.922,2.729,0.834,3.0609,2.334,3.334,0,1
9.9330,27.0789,1.6032,0.945,1,25.958,3.686,0.421,2.3656,1.921,2.921,0,1
9.9330,27.0789,1.6032,0.945,3,29.922,2.729,0.834,3.0580,2.334,3.334,0,1
9.9360,27.0815,1.6043,0.936,1,25.958,3.686,0.421,2.3658,1.921,2.921,0,1
9.9360,27.0815,1.6043,0.936,3,29.922,2.729,0.834,3.0551,2.334,3.334,0,1
9.9390,27.0841,1.6055,0.930,1,25.958,3.686,0.421,2.3661,1.921,2.921,0,1
9.9390,27.0841,1.6055,0.930,3,29.922,2.729,0.834,3.0523,2.334,3.334,0,1
9.9420,27.0867,1.6066,0.923,1,25.958,3.686,0.421,2.3663,1.921,2.921,0,1
9.9420,27.0867,1.6066,0.923,3,29.922,2.729,0.834,3.0495,2.334,3.334,0,1
9.9450,27.0893,1.6076,0.916,1,25.958,3.686,0.421,2.3666,1.921,2.921,0,1
9.9450,27.0893,1.6076,0.916,3,29.922,2.729,0.834,3.0467,2.334,3.334,0,1
9.9480,27.0918,1.6087,0.909,1,25.958,3.686,0.421,2.3669,1.921,2.921,0,1
9.9480,27.0918,1.6087,0.909,3,29.922,2.729,0.834,3.0439,2.334,3.334,0,1
9.9510,27.0944,1.6098,0.902,1,25.958,3.686,0.421,2.3672,1.921,2.921,0,1
9.9510,27.0944,1.6098,0.902,3,29.922,2.729,0.834,3.0412,2.334,3.334,0,1
9.9540,27.0969,1.6109,0.896,1,25.958,3.686,0.421,2.3674,1.921,2.921,0,1
9.9540,27.0969,1.6109,0.896,3,29.922,2.729,0.834,3.0384,2.334,3.334,0,1
9.9570,27.0994,1.6119,0.889,1,25.958,3.686,0.421,2.3677,1.921,2.921,0,1
9.9570,27.0994,1.6119,0.889,3,29.922,2.729,0.834,3.0357,2.334,3.334,0,1
9.9600,27.1018,1.6130,0.881,1,25.958,3.686,0.421,2.3680,1.921,2.921,0,1
9.9600,27.1018,1.6130,0.881,3,29.922,2.729,0.834,3.0331,2.334,3.334,0,1
9.9630,27.1043,1.6140,0.876,1,25.958,3.686,0.421,2.3683,1.921,2.921,0,1
9.9630,27.1043,1.6140,0.876,3,29.922,2.729,0.834,3.0304,2.334,3.334,0,1
9.9660,27.1067,1.6150,0.869,1,25.958,3.686,0.421,2.3685,1.921,2.921,0,1
9.9660,27.1067,1.6150,0.869,3,29.922,2.729,0.834,3.0278,2.334,3.334,0,1
9.9690,27.1091,1.6161,0.861,1,25.958,3.686,0.421,2.3688,1.921,2.921,0,1
9.9690,27.1091,1.6161,0.861,3,29.922,2.729,0.834,3.0251,2.334,3.334,0,1
9.9720,27.1115,1.6171,0.855,1,25.958,3.686,0.421,2.3691,1.921,2.921,0,1
9.9720,27.1115,1.6171,0.855,3,29.922,2.729,0.834,3.0225,2.334,3.334,0,1
9.9750,27.1139,1.6181,0.848,1,25.958,3.686,0.421,2.3693,1.921,2.921,0,1
9.9750,27.1139,1.6181,0.848,3,29.922,2.729,0.834,3.0200,2.334,3.334,0,1
9.9780,27.1162,1.6191,0.841,1,25.958,3.686,0.421,2.3696,1.921,2.921,0,1
9.9780,27.1162,1.6191,0.841,3,29.922,2.729,0.834,3.0174,2.334,3.334,0,1
9.9810,27.1185,1.6201,0.835,1,25.958,3.686,0.421,2.3699,1.921,2.921,0,1
9.9810,27.1185,1.6201,0.835,3,29.922,2.729,0.834,3.0149,2.334,3.334,0,1
9.9840,27.1208,1.6211,0.829,1,25.958,3.686,0.421,2.3702,1.921,2.921,0,1
9.9840,27.1208,1.6211,0.829,3,29.922,2.729,0.834,3.0124,2.334,3.334,0,1
9.9870,27.1231,1.6220,0.822,1,25.958,3.686,0.421,2.3704,1.921,2.921,0,1
9.9870,27.1231,1.6220,0.822,3,29.922,2.729,0.834,3.0099,2.334,3.334,0,1
9.9900,27.1254,1.6230,0.814,1,25.958,3.686,0.421,2.3707,1.921,2.921,0,1
9.9900,27.1254,1.6230,0.814,3,29.922,2.729,0.834,3.0074,2.334,3.334,0,1
9.9930,27.1276,1.6240,0.806,1,25.958,3.686,0.421,2.3710,1.921,2.921,0,1
9.9930,27.1276,1.6240,0.806,3,29.922,2.729,0.834,3.0050,2.334,3.334,0,1
9.9960,27.1299,1.6249,0.799,1,25.958,3.686,0.421,2.3713,1.921,2.921,0,1
9.9960,27.1299,1.6249,0.799,3,29.922,2.729,0.834,3.0026,2.334,3.334,0,1
9.9990,27.1321,1.6259,0.793,1,25.958,3.686,0.421,2.3715,1.921,2.921,0,1
9.9990,27.1321,1.6259,0.793,3,29.922,2.729,0.834,3.0002,2.334,3.334,0,1
