t,terrain,n_true,throttle_cmd,steer_cmd,u,v,omega,ax,ay,wheel_omega_fl,wheel_omega_fr,wheel_omega_rl,wheel_omega_rr,steering_angle
0.0000,clay,0.566,0.350,0.0672,0.0131,-0.0155,0.0022,-0.7053,-0.0031,-0.0170,-0.0170,-0.0170,-0.0170,0.0000
0.0120,clay,0.566,0.350,0.0733,-0.0118,-0.0004,-0.0148,-0.3422,-0.2696,-0.0288,-0.0288,-0.0288,-0.0288,0.0210
0.0240,clay,0.566,0.350,0.0792,-0.0254,0.0119,-0.0119,-0.2606,-0.0400,-0.0068,-0.0068,-0.0068,-0.0068,0.0448
0.0360,clay,0.566,0.350,0.0852,-0.0296,-0.0280,-0.0047,-0.2224,-0.0270,0.0149,0.0148,0.0148,0.0148,0.0434
0.0480,clay,0.566,0.350,0.0911,-0.0433,0.0705,0.0004,0.2370,0.0771,0.0215,0.0215,0.0215,0.0215,0.0380
0.0600,clay,0.566,0.350,0.0969,0.0742,-0.0222,-0.0035,0.7336,0.0883,-0.0161,-0.0161,-0.0162,-0.0161,0.0448
0.0720,clay,0.566,0.350,0.1026,0.0116,-0.0169,-0.0028,-0.0227,-0.0604,-0.0171,-0.0171,-0.0171,-0.0171,0.0519
0.0840,clay,0.566,0.350,0.1083,-0.0718,0.0107,0.0011,-0.0222,-0.0382,-0.0065,-0.0065,-0.0065,-0.0065,0.0528
0.0960,clay,0.566,0.350,0.1140,0.0205,-0.0128,-0.0016,-0.1126,0.1490,-0.0025,-0.0026,-0.0026,-0.0026,0.0550
0.1080,clay,0.566,0.350,0.1195,0.0498,0.0217,-0.0009,-0.0066,-0.0298,-0.0029,-0.0029,-0.0029,-0.0029,0.0586
0.1200,clay,0.566,0.350,0.1250,0.0819,-0.0061,-0.0024,0.0143,-0.0337,-0.0046,-0.0046,-0.0046,-0.0046,0.0615
0.1320,clay,0.566,0.350,0.1304,0.0201,0.0280,-0.0010,-0.0220,-0.0240,-0.0081,-0.0081,-0.0081,-0.0081,0.0642
0.1440,clay,0.566,0.350,0.1357,-0.0487,-0.0044,-0.0016,0.0086,-0.0100,-0.0118,-0.0119,-0.0119,-0.0118,0.0667
0.1560,clay,0.566,0.350,0.1410,-0.0386,0.0506,0.0004,-0.0123,0.0069,-0.0162,-0.0163,-0.0163,-0.0163,0.0694
0.1680,clay,0.566,0.350,0.1461,-0.0213,-0.0134,-0.0002,-0.0128,-0.0642,-0.0224,-0.0225,-0.0225,-0.0225,0.0728
0.1800,clay,0.566,0.350,0.1511,-0.0395,0.0003,-0.0014,0.0846,0.0147,-0.0286,-0.0286,-0.0286,-0.0286,0.0751
0.1920,clay,0.566,0.350,0.1561,0.0322,0.0753,0.0008,-0.0602,0.0412,-0.0378,-0.0378,-0.0378,-0.0378,0.0768
0.2040,clay,0.566,0.350,0.1610,-0.0635,0.0647,0.0015,0.0390,0.1011,-0.0451,-0.0451,-0.0451,-0.0451,0.0794
0.2160,clay,0.566,0.350,0.1657,-0.0176,0.0736,-0.0009,-0.0185,0.0146,-0.0564,-0.0564,-0.0564,-0.0564,0.0830
0.2280,clay,0.566,0.350,0.1704,0.0057,-0.0425,-0.0015,0.0014,0.0020,-0.0659,-0.0659,-0.0659,-0.0659,0.0860
0.2400,clay,0.566,0.350,0.1749,0.0505,0.0511,-0.0009,0.0541,-0.0298,-0.0781,-0.0781,-0.0781,-0.0781,0.0885
0.2520,clay,0.566,0.350,0.1793,0.0028,-0.0024,-0.0003,0.0239,0.0218,-0.0917,-0.0917,-0.0917,-0.0917,0.0905
0.2640,clay,0.566,0.350,0.1837,0.0195,-0.0519,-0.0008,0.0956,-0.0372,-0.1103,-0.1103,-0.1103,-0.1103,0.0935
0.2760,clay,0.566,0.350,0.1879,0.0018,-0.0344,-0.0004,-0.0472,0.0733,-0.1227,-0.1227,-0.1227,-0.1227,0.0957
0.2880,clay,0.566,0.350,0.1920,0.0223,-0.0816,0.0001,-0.0043,0.0399,-0.1411,-0.1411,-0.1411,-0.1411,0.0973
0.3000,clay,0.566,0.350,0.1959,0.0162,0.1450,0.0001,-0.0212,-0.0062,-0.1597,-0.1597,-0.1597,-0.1597,0.0990
0.3120,clay,0.566,0.350,0.1998,0.0181,0.0366,0.0005,0.0230,-0.0476,-0.1796,-0.1796,-0.1796,-0.1796,0.1014
0.3240,clay,0.566,0.350,0.2035,-0.0061,0.0375,-0.0010,-0.0208,0.0291,-0.2041,-0.2041,-0.2041,-0.2041,0.1035
0.3360,clay,0.566,0.350,0.2071,-0.0223,0.0980,-0.0007,-0.0081,0.0761,-0.2260,-0.2260,-0.2260,-0.2260,0.1051
0.3480,clay,0.566,0.350,0.2105,-0.0257,0.0549,-0.0022,-0.0017,0.0340,-0.2530,-0.2531,-0.2531,-0.2530,0.1076
0.3600,clay,0.566,0.350,0.2138,0.0140,-0.1123,-0.0024,0.0056,0.0155,-0.2787,-0.2787,-0.2787,-0.2787,0.1100
0.3720,clay,0.566,0.350,0.2170,-0.1048,0.1195,0.0003,0.0104,0.0278,-0.3077,-0.3077,-0.3077,-0.3077,0.1114
0.3840,clay,0.566,0.350,0.2201,-0.0170,0.0478,-0.0004,-0.0361,0.1106,-0.3398,-0.3398,-0.3398,-0.3398,0.1126
0.3960,clay,0.566,0.350,0.2230,0.0280,0.0390,-0.0015,-0.0397,0.0608,-0.3712,-0.3712,-0.3712,-0.3712,0.1140
0.4080,clay,0.566,0.350,0.2258,-0.0940,-0.0282,-0.0005,0.0020,0.0626,-0.4044,-0.4044,-0.4044,-0.4044,0.1155
0.4200,clay,0.566,0.350,0.2284,0.0058,0.0452,0.0008,0.0116,0.0946,-0.4406,-0.4406,-0.4406,-0.4406,0.1170
0.4320,clay,0.566,0.350,0.2309,0.0178,-0.0394,0.0006,0.8091,-1.4347,-0.3882,-0.3491,-0.3611,-0.3509,0.1190
0.4440,clay,0.566,0.350,0.2332,0.0565,-0.0584,0.0024,4.0736,-1.2872,-0.3063,0.4013,-0.5345,-0.5170,0.1187
0.4560,clay,0.566,0.350,0.2354,0.1149,0.0953,0.0054,1.1489,2.3153,-0.4026,0.5063,-0.4683,-0.5342,0.1177
0.4680,clay,0.566,0.350,0.2374,0.0267,0.0694,0.0016,1.5478,-0.5880,-0.0883,-0.6323,-0.3349,-0.4075,0.1129
0.4800,clay,0.566,0.350,0.2393,0.0802,-0.0934,0.0056,1.9143,-0.1736,-0.0813,-0.3003,-0.2619,-0.4842,0.1132
0.4920,clay,0.566,0.350,0.2411,0.1610,0.0096,0.0035,2.2041,-0.2469,-0.1067,-0.1453,-0.2094,-0.3869,0.1171
0.5040,clay,0.566,0.350,0.2427,0.1659,-0.0394,0.0053,1.7146,-0.2306,-0.3696,0.1353,-0.1089,-0.3637,0.1165
0.5160,clay,0.566,0.350,0.2441,0.1290,-0.1004,0.0053,0.6032,0.6880,-0.9390,0.5635,0.3659,-0.6543,0.1144
0.5280,clay,0.566,0.350,0.2454,0.0814,-0.0337,-0.0133,-0.7108,0.2836,-1.4613,0.8038,-0.0324,-0.2194,0.1162
0.5400,clay,0.566,0.350,0.2465,0.1491,-0.0348,-0.0088,-3.6354,-0.1002,-1.5888,1.0044,0.3298,-0.1924,0.1163
0.5520,clay,0.566,0.350,0.2475,0.1728,-0.0178,-0.0086,-2.5798,0.0324,-0.8244,0.7112,0.0396,-0.0015,0.1144
0.5640,clay,0.566,0.350,0.2483,-0.0659,0.0148,-0.0021,-4.6124,-0.9004,0.0769,0.0057,0.2011,0.0163,0.1129
0.5760,clay,0.566,0.350,0.2489,0.0168,-0.0233,-0.0041,-3.2934,-0.0368,0.3998,-0.0337,0.1217,0.1534,0.1169
0.5880,clay,0.566,0.350,0.2494,-0.0055,-0.0564,0.0014,-1.8930,-0.0096,0.0079,0.4670,0.1046,0.1148,0.1192
0.6000,clay,0.566,0.350,0.2498,0.0350,0.0120,0.0016,-1.3557,0.1042,0.1695,0.3037,0.1682,0.0259,0.1185
0.6120,clay,0.566,0.350,0.2500,0.0673,0.0426,0.0011,-0.9609,-0.3014,0.4906,-0.1048,0.0825,0.0242,0.1209
0.6240,clay,0.566,0.350,0.2500,-0.0219,0.0379,0.0011,-0.3406,0.1030,0.3975,-0.2433,-0.1333,0.0312,0.1238
0.6360,clay,0.566,0.350,0.2499,-0.0021,-0.1373,0.0033,-0.2342,-0.0558,0.1280,-0.0936,-0.2054,-0.1437,0.1225
0.6480,clay,0.566,0.350,0.2496,-0.0508,0.0708,-0.0000,-0.0386,0.2734,-0.3533,0.1351,-0.2735,-0.2739,0.1222
0.6600,clay,0.566,0.350,0.2491,-0.0633,-0.0210,0.0017,0.5904,-0.3277,-0.6989,0.1239,-0.2859,-0.3718,0.1239
0.6720,clay,0.566,0.350,0.2485,0.0171,-0.0030,0.0061,-0.0158,-0.0343,-0.8053,0.0175,-0.3050,-0.5035,0.1241
0.6840,clay,0.566,0.350,0.2478,0.0335,0.0215,0.0022,-0.0229,0.5297,-0.9177,-0.0949,-0.3361,-0.6405,0.1232
0.6960,clay,0.566,0.350,0.2468,0.0043,-0.0050,0.0010,-0.0477,0.1289,-1.0206,-0.1977,-0.4389,-0.7432,0.1231
0.7080,clay,0.566,0.350,0.2458,0.0158,-0.0202,-0.0012,-0.1152,0.0560,-1.1164,-0.2936,-0.5347,-0.8391,0.1232
0.7200,clay,0.566,0.350,0.2445,-0.0842,-0.0141,-0.0026,-0.1341,0.0528,-1.2173,-0.3944,-0.6195,-0.9447,0.1230
0.7320,clay,0.566,0.350,0.2432,0.0572,0.0565,0.0004,-0.1184,0.0486,-1.3253,-0.5024,-0.6253,-1.0829,0.1225
0.7440,clay,0.566,0.350,0.2416,-0.0848,-0.0197,0.0018,-0.0927,-0.1498,-1.4635,-0.6406,-0.1921,-1.4888,0.1220
0.7560,clay,0.566,0.350,0.2399,0.1099,-0.0584,-0.0002,0.0790,-0.0633,-1.6348,-0.8119,0.2523,-2.0616,0.1215
0.7680,clay,0.566,0.350,0.2381,-0.0015,-0.0069,0.0064,-0.0119,-0.2442,-1.8114,-0.9885,0.4681,-2.3956,0.1206
0.7800,clay,0.566,0.350,0.2361,0.0145,-0.0072,0.0079,0.4218,0.4207,-2.0766,-1.2537,-0.0670,-0.9693,0.1199
0.7920,clay,0.566,0.350,0.2340,0.0158,-0.0069,0.0069,0.4523,0.7349,-2.4883,-1.6654,-0.1293,-0.0608,0.1194
0.8040,clay,0.566,0.350,0.2317,-0.0172,0.0513,0.0083,0.1544,-0.3271,-2.8995,-2.0766,-0.0906,-0.0256,0.1187
0.8160,clay,0.566,0.350,0.2292,0.0740,-0.1126,0.0089,0.1842,0.1039,-3.1579,-2.4940,-0.0186,0.1254,0.1178
0.8280,clay,0.566,0.350,0.2267,0.0425,0.0496,0.0008,0.0995,0.2900,-3.3173,-2.9241,0.0236,0.0442,0.1170
0.8400,clay,0.566,0.350,0.2239,0.0604,-0.0713,0.0012,0.2898,-0.1254,-3.4556,-3.3786,0.0935,0.1214,0.1161
0.8520,clay,0.566,0.350,0.2211,0.1093,-0.0117,-0.0017,0.4997,-0.1747,-3.6014,-3.7289,0.1105,0.0358,0.1153
0.8640,clay,0.566,0.350,0.2181,-0.0509,-0.0395,0.0043,0.4661,-0.1822,-3.7721,-3.8667,0.1104,0.0952,0.1144
0.8760,clay,0.566,0.350,0.2149,-0.0135,0.1364,-0.0015,0.7819,0.2764,-3.9554,-4.0105,0.1424,-0.0656,0.1136
0.8880,clay,0.566,0.350,0.2116,0.0584,-0.0220,-0.0000,1.3716,1.0585,-4.4142,-3.3748,0.2669,-0.1578,0.1127
0.9000,clay,0.566,0.350,0.2082,0.1474,0.0429,0.0065,2.2911,0.7181,-5.1138,-1.7729,0.0340,-0.1576,0.1118
0.9120,clay,0.566,0.350,0.2047,0.1865,-0.0282,0.0137,2.6984,1.5456,-4.3223,-0.1708,-0.0760,-0.2708,0.1084
0.9240,clay,0.566,0.350,0.2010,0.2048,0.0387,0.0106,2.2559,1.0414,-2.9145,-0.7985,-0.2838,-0.2563,0.1026
0.9360,clay,0.566,0.350,0.1972,0.1091,0.0660,0.0050,1.0925,0.3812,-2.9392,-0.7449,-0.1901,-0.3935,0.0997
0.9480,clay,0.566,0.350,0.1933,0.1809,0.1171,0.0127,1.6989,-0.2977,-1.6440,-0.9844,-0.1249,-0.5174,0.0987
0.9600,clay,0.566,0.350,0.1892,0.2183,-0.0169,0.0156,2.2853,-1.6219,-0.4461,-0.9502,-0.4905,-0.3262,0.0940
0.9720,clay,0.566,0.350,0.1851,0.2050,-0.0793,0.0027,0.0679,-0.8322,-0.5542,-0.4837,-0.4132,-0.5318,0.0917
0.9840,clay,0.566,0.350,0.1808,0.2644,0.1067,0.0127,-0.1052,-0.0283,-0.3742,-0.4792,-0.3728,-0.5133,0.0913
0.9960,clay,0.566,0.350,0.1764,0.1997,0.0482,0.0064,-0.6520,-0.1162,-0.4965,-0.3834,-0.2437,-0.5651,0.0904
1.0080,clay,0.566,0.350,0.1719,0.2451,0.0880,0.0147,-0.7034,-0.2106,-0.4540,-0.2483,-0.1076,-0.7474,0.0882
1.0200,clay,0.566,0.350,0.1673,0.1856,0.0030,0.0153,-0.4976,-0.3445,-0.3707,-0.1908,-0.1579,-0.6737,0.0854
1.0320,clay,0.566,0.350,0.1626,0.2602,0.0611,0.0203,-1.3154,0.1328,-0.5518,-0.4663,-0.3593,-0.5104,0.0836
1.0440,clay,0.566,0.350,0.1577,0.2070,0.0811,0.0168,0.0176,0.5197,-0.5796,-0.3085,-0.4449,-0.5562,0.0812
1.0560,clay,0.566,0.350,0.1528,0.1601,0.0298,0.0210,1.6615,0.6367,-0.3937,-0.5107,-0.1136,-0.6659,0.0789
1.0680,clay,0.566,0.350,0.1478,0.0272,0.0386,0.0192,0.1356,0.7729,-0.4652,-0.5256,-0.1534,-0.5827,0.0771
1.0800,clay,0.566,0.350,0.1427,0.1814,0.0467,0.0236,-0.0272,0.2231,-0.4979,-0.5559,-0.2418,-0.5766,0.0743
1.0920,clay,0.566,0.350,0.1375,0.2178,0.1064,0.0298,0.3054,0.4908,-0.6087,-0.7984,0.0139,-0.6582,0.0720
1.1040,clay,0.566,0.350,0.1322,0.0894,0.0694,0.0299,0.2973,0.2386,-0.5560,-0.7647,-0.1245,-0.6897,0.0690
1.1160,clay,0.566,0.350,0.1268,0.1786,0.0461,0.0350,0.4231,0.1278,-0.4805,-1.0323,-0.4627,-0.4795,0.0672
1.1280,clay,0.566,0.350,0.1214,0.0766,0.0075,0.0409,0.5473,0.1370,-0.6259,-1.0898,-0.5469,-0.4977,0.0657
1.1400,clay,0.566,0.350,0.1158,0.1468,-0.0112,0.0436,1.0408,0.2752,-0.6059,-1.4949,-0.6038,-0.3527,0.0622
1.1520,clay,0.566,0.350,0.1102,0.1868,0.0331,0.0439,0.6012,0.4866,-0.7555,-1.5548,-0.5774,-0.4586,0.0588
1.1640,clay,0.566,0.350,0.1045,0.2403,0.0839,0.0473,0.6850,0.1041,-0.6627,-1.7819,-0.6156,-0.5324,0.0549
1.1760,clay,0.566,0.350,0.0988,0.3105,0.1273,0.0479,0.8932,-0.0147,-0.6600,-2.0543,-0.5536,-0.6899,0.0520
1.1880,clay,0.566,0.350,0.0930,0.1830,0.1501,0.0442,1.1008,0.3668,-0.8045,-2.2081,-0.6760,-0.6238,0.0488
1.2000,clay,0.566,0.350,0.0871,0.2464,-0.0223,0.0447,1.6610,-0.4294,-0.6500,-2.3632,-0.7171,-0.6222,0.0454
1.2120,clay,0.566,0.350,0.0812,0.2742,0.0723,0.0390,2.1893,0.5067,-0.7014,-2.3764,-0.5987,-0.6544,0.0425
1.2240,clay,0.566,0.350,0.0753,0.2591,0.1209,0.0378,0.8117,-0.0889,-0.7403,-2.4068,-0.7219,-0.7131,0.0400
1.2360,clay,0.566,0.350,0.0692,0.3052,0.0993,0.0328,1.2059,-0.2724,-0.8776,-2.2895,-0.6704,-0.8498,0.0375
1.2480,clay,0.566,0.350,0.0632,0.3126,0.0756,0.0281,0.5928,-0.3955,-0.7983,-2.3244,-0.6622,-0.9609,0.0345
1.2600,clay,0.566,0.350,0.0571,0.3087,0.0554,0.0295,1.0740,0.3442,-0.7922,-2.5318,-0.6162,-0.9015,0.0316
1.2720,clay,0.566,0.350,0.0510,0.3183,0.0578,0.0301,-0.0741,-0.1306,-0.8241,-3.1468,-0.7525,-0.9025,0.0290
1.2840,clay,0.566,0.350,0.0448,0.3307,0.0618,0.0290,-0.1626,-0.2387,-0.8697,-3.5788,-0.8471,-1.0481,0.0262
1.2960,clay,0.566,0.350,0.0386,0.4251,0.0614,0.0307,1.5560,-0.1229,-0.9539,-3.5290,-0.4969,-1.1238,0.0234
1.3080,clay,0.566,0.350,0.0324,0.4724,0.0563,0.0270,0.9584,0.4432,-0.9788,-3.3804,-0.7051,-1.1585,0.0204
1.3200,clay,0.566,0.350,0.0261,0.4289,0.1316,0.0289,1.1081,-0.5700,-0.9144,-3.4933,-1.0286,-0.8920,0.0164
1.3320,clay,0.566,0.350,0.0199,0.4198,-0.0161,0.0264,2.0958,-0.6347,-1.0187,-3.4917,-0.8295,-1.0540,0.0129
1.3440,clay,0.566,0.350,0.0136,0.3739,0.0885,0.0222,0.7925,-0.4889,-1.0345,-3.4792,-0.8530,-1.2303,0.0098
1.3560,clay,0.566,0.350,0.0073,0.3265,0.0895,0.0233,0.6187,-1.1881,-1.0948,-3.5905,-0.8399,-1.3354,0.0068
1.3680,clay,0.566,0.350,0.0010,0.4381,0.0534,0.0182,0.5656,0.3777,-1.0814,-3.7584,-0.9982,-1.3077,0.0045
1.3800,clay,0.566,0.350,-0.0052,0.5103,0.0718,0.0133,0.7752,-0.2872,-1.0939,-4.5170,-1.2008,-1.0704,0.0021
1.3920,clay,0.566,0.350,-0.0115,0.4434,0.0955,0.0158,1.3606,-0.6291,-1.1925,-4.6871,-1.2011,-1.1751,-0.0010
1.4040,clay,0.566,0.350,-0.0178,0.5722,-0.0567,0.0201,0.4386,-0.6167,-1.2201,-5.0868,-0.9526,-1.2277,-0.0046
1.4160,clay,0.566,0.350,-0.0240,0.5243,0.0768,0.0183,0.6179,-0.1187,-1.3217,-5.3828,-1.0293,-1.2367,-0.0073
1.4280,clay,0.566,0.350,-0.0303,0.4984,-0.0074,0.0137,1.9303,-0.2570,-1.2930,-5.6371,-0.9688,-1.3728,-0.0104
1.4400,clay,0.566,0.350,-0.0365,0.5677,-0.0537,0.0177,1.0222,0.0063,-1.3657,-5.5918,-1.0703,-1.3434,-0.0134
1.4520,clay,0.566,0.350,-0.0427,0.5596,-0.0587,0.0184,0.6272,-0.3593,-1.3840,-5.7900,-1.1383,-1.5129,-0.0166
1.4640,clay,0.566,0.350,-0.0489,0.6120,0.0152,0.0164,2.1062,-0.2039,-1.5433,-5.6783,-1.1813,-1.4836,-0.0202
1.4760,clay,0.566,0.350,-0.0550,0.6118,0.0741,0.0183,1.2084,0.3685,-1.5539,-5.7356,-1.2647,-1.4732,-0.0234
1.4880,clay,0.566,0.350,-0.0612,0.6368,0.1360,0.0142,1.6022,0.2451,-1.5434,-5.8328,-1.4266,-1.3545,-0.0265
1.5000,clay,0.566,0.350,-0.0672,0.6840,-0.0179,0.0082,1.7644,0.5128,-1.7457,-5.7425,-1.3328,-1.5331,-0.0291
1.5120,clay,0.566,0.350,-0.0733,0.6238,-0.0278,0.0128,1.7743,-0.2053,-1.8603,-5.6536,-1.6063,-1.4133,-0.0316
1.5240,clay,0.566,0.350,-0.0792,0.6554,0.0358,0.0081,1.8550,-0.1363,-1.9597,-5.7728,-1.3970,-1.8390,-0.0353
1.5360,clay,0.566,0.350,-0.0852,0.7609,0.0347,0.0134,0.8723,-0.5623,-1.9499,-6.0544,-1.5845,-1.7759,-0.0385
1.5480,clay,0.566,0.350,-0.0911,0.6634,0.0100,0.0105,2.1453,-0.1607,-1.9927,-6.2203,-1.5312,-1.7673,-0.0408
1.5600,clay,0.566,0.350,-0.0969,0.7499,0.0636,0.0125,1.4881,0.1401,-2.2711,-6.1887,-1.5689,-1.9252,-0.0439
1.5720,clay,0.566,0.350,-0.1026,0.7494,0.1025,0.0146,0.9772,0.0510,-2.3774,-6.1956,-1.6359,-1.9408,-0.0467
1.5840,clay,0.566,0.350,-0.1083,0.7552,0.0091,0.0159,2.4534,0.2461,-2.2952,-6.2272,-1.7164,-1.8788,-0.0500
1.5960,clay,0.566,0.350,-0.1140,0.7185,0.0436,0.0088,1.7365,-0.1512,-2.0704,-6.8100,-1.8054,-2.0442,-0.0535
1.6080,clay,0.566,0.350,-0.1195,0.8035,0.0670,0.0055,1.4824,0.2309,-2.0970,-7.0207,-1.7780,-2.1478,-0.0562
1.6200,clay,0.566,0.350,-0.1250,0.7642,0.0262,0.0035,1.8936,-0.0159,-2.0364,-7.1441,-1.8491,-2.1296,-0.0578
1.6320,clay,0.566,0.350,-0.1304,0.8199,-0.0647,0.0031,1.5883,-0.0353,-2.0771,-7.3063,-1.8730,-2.2550,-0.0606
1.6440,clay,0.566,0.350,-0.1357,0.8022,-0.0371,-0.0006,1.4987,-0.2513,-2.0917,-7.5926,-2.0051,-2.2589,-0.0643
1.6560,clay,0.566,0.350,-0.1410,0.7919,-0.0600,-0.0042,1.6536,-0.2899,-2.3319,-7.6164,-1.9583,-2.3295,-0.0667
1.6680,clay,0.566,0.350,-0.1461,0.9078,0.0366,-0.0013,1.8273,-0.0843,-2.5443,-7.5147,-1.9549,-2.3774,-0.0683
1.6800,clay,0.566,0.350,-0.1511,0.9903,-0.0202,-0.0015,2.2247,-0.7335,-2.4946,-7.5055,-2.1329,-2.2639,-0.0711
1.6920,clay,0.566,0.350,-0.1561,0.8702,0.0500,-0.0047,2.1642,-0.4433,-2.6245,-7.8359,-2.0922,-2.4785,-0.0742
1.7040,clay,0.566,0.350,-0.1610,1.0252,0.0106,-0.0007,1.3197,-0.0399,-2.9413,-7.7915,-2.1673,-2.6877,-0.0765
1.7160,clay,0.566,0.350,-0.1657,0.9480,-0.0322,-0.0018,1.6313,0.1015,-2.9132,-7.7874,-2.2613,-2.6865,-0.0781
1.7280,clay,0.566,0.350,-0.1704,1.0078,-0.0179,-0.0043,1.6079,-0.3225,-2.8071,-8.0151,-2.3283,-2.8969,-0.0805
1.7400,clay,0.566,0.350,-0.1749,0.9494,0.0724,-0.0055,1.4547,-0.0996,-2.9069,-8.2314,-2.4664,-2.8469,-0.0835
1.7520,clay,0.566,0.350,-0.1793,1.0453,0.0923,-0.0064,1.9445,-0.0657,-3.0342,-8.3023,-2.4041,-2.6851,-0.0858
1.7640,clay,0.566,0.350,-0.1837,1.0468,-0.0251,-0.0077,1.9272,-0.5104,-3.2128,-8.1966,-2.3962,-2.7111,-0.0879
1.7760,clay,0.566,0.350,-0.1879,1.0809,0.0394,-0.0040,1.9056,-0.7625,-3.3402,-8.3735,-2.4692,-2.7606,-0.0901
1.7880,clay,0.566,0.350,-0.1920,1.0957,-0.0259,-0.0028,1.8194,0.0073,-3.4196,-8.3415,-2.5204,-2.8830,-0.0922
1.8000,clay,0.566,0.350,-0.1959,1.0011,0.0050,-0.0029,1.9219,-0.4055,-3.4182,-8.3644,-2.6032,-3.0384,-0.0942
1.8120,clay,0.566,0.350,-0.1998,1.2298,0.0251,-0.0047,1.8579,-0.1634,-3.4183,-8.5424,-2.7592,-3.1109,-0.0967
1.8240,clay,0.566,0.350,-0.2035,1.2105,0.0695,-0.0068,1.8362,0.1238,-3.3721,-8.7636,-2.9128,-2.9563,-0.0988
1.8360,clay,0.566,0.350,-0.2071,1.1521,-0.0173,-0.0125,1.9376,-0.4327,-3.5232,-8.9836,-2.8217,-2.9296,-0.1003
1.8480,clay,0.566,0.350,-0.2105,1.2282,0.0043,-0.0087,1.6085,-0.1730,-3.6164,-9.0961,-2.7498,-2.9473,-0.1018
1.8600,clay,0.566,0.350,-0.2138,1.1952,-0.0480,-0.0097,1.5400,-0.2289,-3.7556,-9.0854,-2.7970,-3.0919,-0.1036
1.8720,clay,0.566,0.350,-0.2170,1.2775,-0.0580,-0.0100,1.4460,-0.3403,-3.8217,-9.0600,-2.8690,-3.3436,-0.1057
1.8840,clay,0.566,0.350,-0.2201,1.2072,0.0122,-0.0124,1.6815,-0.1506,-3.6995,-9.1413,-3.0909,-3.3019,-0.1076
1.8960,clay,0.566,0.350,-0.2230,1.2856,-0.0705,-0.0140,2.2143,-0.3362,-3.7587,-9.2095,-3.1815,-3.2100,-0.1090
1.9080,clay,0.566,0.350,-0.2258,1.3229,-0.0386,-0.0175,1.8484,0.0965,-3.9493,-9.3964,-3.0937,-3.2019,-0.1098
1.9200,clay,0.566,0.350,-0.2284,1.3153,0.0218,-0.0163,1.7274,-0.2614,-4.0570,-9.3850,-2.9962,-3.3519,-0.1111
1.9320,clay,0.566,0.350,-0.2309,1.3763,-0.0417,-0.0154,1.4453,0.1229,-4.1930,-9.3403,-3.1384,-3.5361,-0.1128
1.9440,clay,0.566,0.350,-0.2332,1.3433,0.0085,-0.0173,1.7813,-0.3110,-4.0320,-9.3859,-3.3675,-3.5145,-0.1145
1.9560,clay,0.566,0.350,-0.2354,1.4650,-0.0434,-0.0212,1.9468,-0.4255,-3.9993,-9.4458,-3.4025,-3.5119,-0.1159
1.9680,clay,0.566,0.350,-0.2374,1.5034,-0.0547,-0.0258,2.1480,0.2804,-4.1030,-9.5728,-3.4124,-3.3808,-0.1162
1.9800,clay,0.566,0.350,-0.2393,1.5254,-0.0190,-0.0244,1.6437,-0.3166,-4.2721,-9.5486,-3.3299,-3.6756,-0.1168
1.9920,clay,0.566,0.350,-0.2411,1.4229,-0.0856,-0.0214,1.9280,-0.3721,-4.2258,-9.5421,-3.3442,-3.8161,-0.1182
2.0040,clay,0.566,0.350,-0.2427,1.4428,-0.0787,-0.0239,1.9094,-0.1858,-4.1063,-9.4801,-3.6127,-3.8159,-0.1195
2.0160,clay,0.566,0.350,-0.2441,1.5044,0.0323,-0.0281,1.8740,-0.2522,-4.0950,-9.4823,-3.7420,-3.7136,-0.1201
2.0280,clay,0.566,0.350,-0.2454,1.4693,-0.0303,-0.0304,1.7309,0.0210,-4.1951,-9.6419,-3.6224,-3.7231,-0.1204
2.0400,clay,0.566,0.350,-0.2465,1.5979,-0.0443,-0.0270,1.6234,-0.5971,-4.4274,-9.4707,-3.6089,-3.9311,-0.1208
2.0520,clay,0.566,0.350,-0.2475,1.5997,0.0449,-0.0298,1.5242,-0.1177,-4.3946,-9.3612,-3.7741,-4.0327,-0.1215
2.0640,clay,0.566,0.350,-0.2483,1.5672,-0.0271,-0.0340,2.8321,-0.6071,-4.2913,-9.3169,-3.9267,-4.0311,-0.1224
2.0760,clay,0.566,0.350,-0.2489,1.5995,-0.0786,-0.0358,1.6347,0.1409,-4.4290,-9.4474,-3.8949,-3.9020,-0.1227
2.0880,clay,0.566,0.350,-0.2494,1.6092,-0.1823,-0.0334,1.5016,-0.3009,-4.5101,-9.4748,-3.7938,-4.0561,-0.1227
2.1000,clay,0.566,0.350,-0.2498,1.6147,-0.0542,-0.0347,1.7232,0.0556,-4.4857,-9.4102,-3.9791,-4.2460,-0.1229
2.1120,clay,0.566,0.350,-0.2500,1.6757,-0.0711,-0.0372,1.4983,0.1352,-4.5516,-9.1401,-4.0910,-4.2822,-0.1228
2.1240,clay,0.566,0.350,-0.2500,1.5746,-0.1069,-0.0380,1.8073,-0.2451,-4.5501,-9.2569,-4.0555,-4.1516,-0.1228
2.1360,clay,0.566,0.350,-0.2499,1.6348,-0.0736,-0.0403,1.5716,-0.2697,-4.6066,-9.4451,-3.9582,-4.3040,-0.1231
2.1480,clay,0.566,0.350,-0.2496,1.6872,-0.1295,-0.0422,1.4130,0.0285,-4.6045,-9.4213,-4.1787,-4.3898,-0.1232
2.1600,clay,0.566,0.350,-0.2491,1.7061,-0.0693,-0.0422,1.5061,0.1344,-4.6255,-9.3723,-4.2955,-4.3974,-0.1226
2.1720,clay,0.566,0.350,-0.2485,1.8578,-0.0413,-0.0427,2.1090,-0.4158,-4.6162,-9.5605,-4.1838,-4.2810,-0.1218
2.1840,clay,0.566,0.350,-0.2478,1.7727,0.0154,-0.0420,1.4404,-0.4846,-4.7291,-9.6807,-4.1688,-4.4416,-0.1218
2.1960,clay,0.566,0.350,-0.2468,1.8469,-0.0306,-0.0426,1.3250,-0.4674,-4.6246,-9.7516,-4.3501,-4.5733,-0.1217
2.2080,clay,0.566,0.350,-0.2458,1.9336,-0.1675,-0.0472,1.6879,-0.0278,-4.6628,-9.7435,-4.3354,-4.5810,-0.1210
2.2200,clay,0.566,0.350,-0.2445,1.9295,-0.1290,-0.0464,1.5622,0.0819,-4.8915,-9.8587,-4.2566,-4.4711,-0.1196
2.2320,clay,0.566,0.350,-0.2432,1.8937,-0.0967,-0.0417,1.5716,-0.4992,-4.9682,-9.7636,-4.4009,-4.5748,-0.1185
2.2440,clay,0.566,0.350,-0.2416,1.8852,-0.0571,-0.0452,1.3630,-0.5239,-4.8713,-9.7369,-4.5330,-4.6812,-0.1182
2.2560,clay,0.566,0.350,-0.2399,1.8522,-0.0628,-0.0458,1.4352,-0.0123,-5.0432,-9.7192,-4.4367,-4.6900,-0.1181
2.2680,clay,0.566,0.350,-0.2381,1.9236,-0.0708,-0.0457,1.7627,-0.3040,-5.0597,-9.7697,-4.4508,-4.6645,-0.1174
2.2800,clay,0.566,0.350,-0.2361,2.0519,-0.1345,-0.0441,1.6617,-0.2125,-5.0685,-9.6511,-4.7223,-4.8262,-0.1162
2.2920,clay,0.566,0.350,-0.2340,1.9940,-0.0653,-0.0483,1.5713,-0.4759,-5.0620,-9.5843,-4.6874,-4.9100,-0.1150
2.3040,clay,0.566,0.350,-0.2317,2.0728,-0.0491,-0.0490,1.4783,-0.0791,-5.1356,-9.5622,-4.6537,-4.8201,-0.1137
2.3160,clay,0.566,0.350,-0.2292,2.0039,-0.2181,-0.0462,1.3303,0.1581,-5.1515,-9.4715,-4.8362,-4.9317,-0.1128
2.3280,clay,0.566,0.350,-0.2267,1.9852,-0.0280,-0.0479,1.4240,-0.2497,-5.1397,-9.3631,-4.8791,-5.0679,-0.1119
2.3400,clay,0.566,0.350,-0.2239,2.0834,-0.0192,-0.0497,1.6971,-0.3825,-5.1886,-9.3797,-4.7738,-5.0713,-0.1102
2.3520,clay,0.566,0.350,-0.2211,2.0930,-0.0630,-0.0482,1.3428,0.0386,-5.3918,-9.2118,-4.9757,-4.9982,-0.1083
2.3640,clay,0.566,0.350,-0.2181,2.0666,-0.1964,-0.0486,1.3697,-0.1724,-5.4193,-9.1857,-5.0946,-5.1133,-0.1076
2.3760,clay,0.566,0.350,-0.2149,2.0701,-0.0662,-0.0481,1.5169,-0.2969,-5.4899,-9.1408,-4.9355,-5.1940,-0.1064
2.3880,clay,0.566,0.350,-0.2116,2.0865,-0.0774,-0.0485,1.6149,0.0740,-5.5404,-9.0491,-5.0779,-5.0970,-0.1044
2.4000,clay,0.566,0.350,-0.2082,2.1782,-0.1165,-0.0542,1.4023,-0.5818,-5.6206,-9.0688,-5.2783,-5.1996,-0.1028
2.4120,clay,0.566,0.350,-0.2047,2.2610,-0.1665,-0.0488,1.5421,-0.2554,-5.7832,-8.9949,-5.0717,-5.3040,-0.1009
2.4240,clay,0.566,0.350,-0.2010,2.2038,-0.1306,-0.0470,1.6604,0.0002,-5.9791,-8.8902,-5.1372,-5.1566,-0.0991
2.4360,clay,0.566,0.350,-0.1972,2.1400,-0.0772,-0.0505,1.5403,0.1837,-6.0491,-8.8664,-5.3418,-5.3064,-0.0979
2.4480,clay,0.566,0.350,-0.1933,2.1996,-0.1510,-0.0472,1.6124,-0.1807,-6.1776,-8.7711,-5.1707,-5.4505,-0.0960
2.4600,clay,0.566,0.350,-0.1892,2.2911,-0.1802,-0.0470,1.9013,0.3829,-6.2851,-8.7384,-5.3257,-5.3024,-0.0936
2.4720,clay,0.566,0.350,-0.1851,2.3499,-0.1398,-0.0515,1.5158,-0.2411,-6.2844,-8.6846,-5.4502,-5.4369,-0.0917
2.4840,clay,0.566,0.350,-0.1808,2.3863,-0.1456,-0.0543,1.8408,-0.4324,-6.2543,-8.6856,-5.3427,-5.6140,-0.0901
2.4960,clay,0.566,0.350,-0.1764,2.3419,-0.2039,-0.0511,1.6341,0.1203,-6.3646,-8.6428,-5.4692,-5.5113,-0.0880
2.5080,clay,0.566,0.350,-0.1719,2.3120,-0.1736,-0.0545,1.5168,-0.7732,-6.3742,-8.6159,-5.5787,-5.6287,-0.0858
2.5200,clay,0.566,0.350,-0.1673,2.2729,-0.0188,-0.0512,1.6239,-0.2143,-6.3440,-8.6343,-5.4930,-5.7861,-0.0831
2.5320,clay,0.566,0.350,-0.1626,2.3047,-0.0881,-0.0540,1.6300,0.3811,-6.3273,-8.6256,-5.7015,-5.5957,-0.0809
2.5440,clay,0.566,0.350,-0.1577,2.4631,-0.0800,-0.0562,1.7321,-0.0160,-6.3248,-8.4917,-5.7824,-5.7916,-0.0789
2.5560,clay,0.566,0.350,-0.1528,2.3534,-0.0717,-0.0533,1.7576,-0.2139,-6.3611,-8.3503,-5.6785,-5.9242,-0.0764
2.5680,clay,0.566,0.350,-0.1478,2.4024,-0.0170,-0.0554,1.7082,0.0573,-6.4037,-8.2852,-5.8696,-5.7890,-0.0739
2.5800,clay,0.566,0.350,-0.1427,2.4171,-0.1047,-0.0503,1.6459,-0.3416,-6.4596,-8.0701,-5.8275,-6.0210,-0.0713
2.5920,clay,0.566,0.350,-0.1375,2.4724,-0.0285,-0.0486,1.4962,-0.1119,-6.4946,-8.1348,-5.7702,-6.1019,-0.0687
2.6040,clay,0.566,0.350,-0.1322,2.5747,-0.1168,-0.0541,1.9936,0.1710,-6.4053,-8.2653,-6.0087,-5.9335,-0.0669
2.6160,clay,0.566,0.350,-0.1268,2.5267,-0.0373,-0.0533,1.3222,-0.3247,-6.4157,-8.2528,-5.8874,-6.2159,-0.0646
2.6280,clay,0.566,0.350,-0.1214,2.5415,-0.0916,-0.0537,1.7042,-0.1351,-6.4979,-8.3365,-5.8859,-6.1837,-0.0611
2.6400,clay,0.566,0.350,-0.1158,2.5093,-0.0437,-0.0519,1.6423,-0.4827,-6.4780,-8.4382,-5.9279,-6.1678,-0.0579
2.6520,clay,0.566,0.350,-0.1102,2.5714,-0.0328,-0.0496,1.3509,0.2676,-6.5742,-8.4586,-5.8751,-6.3393,-0.0551
2.6640,clay,0.566,0.350,-0.1045,2.6109,-0.1199,-0.0479,1.6377,0.0911,-6.6692,-8.4704,-6.0636,-6.1436,-0.0523
2.6760,clay,0.566,0.350,-0.0988,2.6383,-0.0750,-0.0487,1.5109,-0.3637,-6.6493,-8.4446,-6.0545,-6.3120,-0.0497
2.6880,clay,0.566,0.350,-0.0930,2.6476,-0.0257,-0.0413,1.4302,0.3054,-6.7828,-8.3737,-6.1111,-6.3737,-0.0464
2.7000,clay,0.566,0.350,-0.0871,2.5796,-0.0228,-0.0450,1.4372,0.1307,-6.7244,-8.3392,-6.2824,-6.2515,-0.0436
2.7120,clay,0.566,0.350,-0.0812,2.7461,-0.0196,-0.0419,1.4145,-0.1004,-6.7890,-8.3054,-6.2472,-6.4497,-0.0411
2.7240,clay,0.566,0.350,-0.0753,2.7270,-0.1334,-0.0389,1.3765,0.2737,-6.8355,-8.1497,-6.3426,-6.4872,-0.0385
2.7360,clay,0.566,0.350,-0.0692,2.7579,-0.1642,-0.0390,1.5433,0.1246,-6.7890,-8.1004,-6.3953,-6.5670,-0.0358
2.7480,clay,0.566,0.350,-0.0632,2.7953,-0.0547,-0.0366,1.7570,0.3432,-6.8157,-8.0555,-6.4009,-6.6805,-0.0320
2.7600,clay,0.566,0.350,-0.0571,2.7443,-0.0432,-0.0366,1.8872,-0.0300,-6.7315,-8.0020,-6.5654,-6.6695,-0.0294
2.7720,clay,0.566,0.350,-0.0510,2.8501,-0.1171,-0.0359,1.2501,-0.1224,-6.8134,-7.9707,-6.5737,-6.8043,-0.0268
2.7840,clay,0.566,0.350,-0.0448,2.7287,0.0423,-0.0342,1.6038,0.4927,-6.8901,-7.8583,-6.6744,-6.7741,-0.0230
2.7960,clay,0.566,0.350,-0.0386,2.7616,-0.0237,-0.0352,1.4794,0.1778,-6.9623,-7.8536,-6.7303,-6.7497,-0.0196
2.8080,clay,0.566,0.350,-0.0324,2.7527,-0.1292,-0.0306,1.7216,0.3661,-7.0018,-7.7895,-6.7394,-6.8306,-0.0166
2.8200,clay,0.566,0.350,-0.0261,2.7981,-0.0449,-0.0325,1.3243,-0.2031,-7.0816,-7.7678,-6.8406,-6.7943,-0.0140
2.8320,clay,0.566,0.350,-0.0199,2.7504,-0.0006,-0.0275,1.4299,-0.0661,-7.1922,-7.7555,-6.8120,-6.9044,-0.0106
2.8440,clay,0.566,0.350,-0.0136,2.8283,-0.0599,-0.0294,1.6735,0.4969,-7.2824,-7.6786,-6.9323,-6.8142,-0.0080
2.8560,clay,0.566,0.350,-0.0073,2.8990,-0.1204,-0.0268,1.3518,-0.0802,-7.4136,-7.6705,-6.9248,-6.9263,-0.0054
2.8680,clay,0.566,0.350,-0.0010,2.8691,-0.0578,-0.0242,1.5970,0.2874,-7.5464,-7.5764,-6.9873,-6.8832,-0.0015
2.8800,clay,0.566,0.350,0.0052,2.9534,-0.0787,-0.0246,1.4542,0.2792,-7.6663,-7.6307,-7.1312,-6.8396,0.0017
2.8920,clay,0.566,0.350,0.0115,2.9662,-0.1016,-0.0209,1.5475,0.2206,-7.8155,-7.5412,-7.1557,-6.9220,0.0046
2.9040,clay,0.566,0.350,0.0178,3.0679,-0.0561,-0.0221,1.4784,0.2872,-7.8269,-7.5608,-7.2884,-6.8210,0.0075
2.9160,clay,0.566,0.350,0.0240,3.0284,-0.0687,-0.0229,1.2576,0.1309,-7.8130,-7.6147,-7.1777,-7.0095,0.0104
2.9280,clay,0.566,0.350,0.0303,2.9549,-0.1134,-0.0217,1.4778,0.3945,-7.8434,-7.6056,-7.2059,-6.9910,0.0133
2.9400,clay,0.566,0.350,0.0365,2.9795,0.0312,-0.0211,1.3813,0.2377,-7.7380,-7.6743,-7.3069,-7.0753,0.0168
2.9520,clay,0.566,0.350,0.0427,3.0366,-0.0867,-0.0207,1.4871,0.1854,-7.7411,-7.6901,-7.4377,-7.1110,0.0199
2.9640,clay,0.566,0.350,0.0489,3.1111,-0.0398,-0.0227,2.1111,-0.0609,-7.5475,-7.7952,-7.4214,-7.0569,0.0230
2.9760,clay,0.566,0.350,0.0550,3.0261,-0.0974,-0.0238,1.7641,0.4137,-7.6020,-7.8486,-7.4340,-7.1507,0.0269
2.9880,clay,0.566,0.350,0.0612,3.0459,-0.0839,-0.0210,1.8103,0.3806,-7.4141,-7.9366,-7.6364,-7.2672,0.0297
3.0000,clay,0.566,0.350,0.0672,3.1118,-0.0624,-0.0170,1.4254,0.5598,-7.3696,-7.8440,-8.0074,-7.4574,0.0326
3.0120,clay,0.566,0.350,0.0733,3.0751,-0.1054,-0.0142,1.0600,0.1449,-7.2138,-7.7130,-8.3069,-7.7296,0.0358
3.0240,clay,0.566,0.350,0.0792,3.1112,0.0097,-0.0120,0.9320,0.1898,-7.1203,-7.6315,-8.5522,-8.0792,0.0391
3.0360,clay,0.566,0.350,0.0852,3.0730,0.0107,-0.0092,0.3677,0.7124,-7.0063,-7.4209,-8.9637,-8.3338,0.0423
3.0480,clay,0.566,0.350,0.0911,3.1446,0.0351,-0.0026,0.2204,0.0379,-6.9342,-7.3814,-9.1763,-8.4462,0.0455
3.0600,clay,0.566,0.350,0.0969,3.1215,-0.0341,0.0024,0.2510,0.1004,-6.8792,-7.3120,-9.0343,-8.8316,0.0481
3.0720,clay,0.566,0.350,0.1026,3.0464,-0.0462,0.0086,0.2031,0.2186,-6.8600,-7.3508,-8.4285,-9.4512,0.0508
3.0840,clay,0.566,0.350,0.1083,3.1801,-0.1390,0.0110,0.2783,-0.0684,-6.8815,-7.4229,-7.5154,-10.2257,0.0541
3.0960,clay,0.566,0.350,0.1140,3.0493,-0.0449,0.0133,0.2872,-0.0278,-6.9121,-7.5697,-6.7485,-10.8454,0.0567
3.1080,clay,0.566,0.350,0.1195,3.0947,0.0054,0.0636,-0.2370,-0.5969,-6.9530,-7.7843,-6.1357,-11.0564,0.0591
3.1200,clay,0.566,0.350,0.1250,3.1854,0.0786,0.0436,1.8660,4.6131,-7.2805,-8.2914,-7.1160,-6.7894,0.0626
3.1320,clay,0.566,0.350,0.1304,3.0573,0.0303,0.0394,0.1041,-0.9756,-7.8509,-8.8364,-6.7204,-6.6432,0.0661
3.1440,clay,0.566,0.350,0.1357,3.1337,-0.0406,0.0475,0.4735,-0.2767,-8.1576,-9.1583,-6.7461,-6.5781,0.0681
3.1560,clay,0.566,0.350,0.1410,3.2654,-0.0031,0.0529,-0.3059,-0.2065,-8.4010,-9.2761,-6.6180,-6.7204,0.0698
3.1680,clay,0.566,0.350,0.1461,3.1665,-0.0704,0.0544,0.1004,1.4667,-8.3992,-9.3283,-6.7367,-6.7526,0.0719
3.1800,clay,0.566,0.350,0.1511,3.1325,0.0634,0.0479,0.5650,1.4274,-8.4900,-9.3560,-6.6852,-6.7959,0.0750
3.1920,clay,0.566,0.350,0.1561,3.1327,-0.0416,0.0433,0.7991,0.4524,-8.2940,-9.4340,-6.6946,-6.7330,0.0771
3.2040,clay,0.566,0.350,0.1610,3.0087,-0.0443,0.0413,0.7752,0.9568,-8.4347,-9.2793,-6.6787,-6.7832,0.0789
3.2160,clay,0.566,0.350,0.1657,3.2277,0.0606,0.0433,1.0091,0.5726,-8.2639,-9.2571,-6.7476,-6.8836,0.0809
3.2280,clay,0.566,0.350,0.1704,3.2178,0.0040,0.0445,1.3041,0.5717,-8.2181,-9.0860,-6.8123,-6.9900,0.0833
3.2400,clay,0.566,0.350,0.1749,3.2219,-0.0075,0.0436,1.1885,0.3118,-8.0688,-8.9299,-6.9324,-6.9925,0.0860
3.2520,clay,0.566,0.350,0.1793,3.2771,0.0347,0.0457,1.6703,0.9324,-7.9919,-8.6660,-6.9042,-7.2077,0.0882
3.2640,clay,0.566,0.350,0.1837,3.2096,0.0959,0.0487,1.3605,0.5924,-7.8093,-8.5402,-7.1936,-7.2633,0.0900
3.2760,clay,0.566,0.350,0.1879,3.2472,0.0270,0.0504,1.3812,0.8241,-7.7499,-8.3234,-7.4928,-7.2779,0.0922
3.2880,clay,0.566,0.350,0.1920,3.2186,0.0073,0.0563,1.4813,0.5564,-7.6743,-8.1878,-7.2946,-7.6896,0.0945
3.3000,clay,0.566,0.350,0.1959,3.2861,0.0351,0.0564,1.2426,0.6604,-7.5237,-8.0999,-7.4787,-7.9185,0.0963
3.3120,clay,0.566,0.350,0.1998,3.3194,0.0030,0.0596,1.0754,0.2854,-7.4313,-8.0538,-7.6133,-8.1956,0.0981
3.3240,clay,0.566,0.350,0.2035,3.3398,0.1127,0.0607,0.6870,0.5654,-7.3972,-8.0902,-7.6211,-8.3297,0.1002
3.3360,clay,0.566,0.350,0.2071,3.3272,-0.0349,0.0607,0.9033,0.7588,-7.4028,-8.1562,-7.7398,-8.4164,0.1025
3.3480,clay,0.566,0.350,0.2105,3.3418,0.0794,0.0672,0.9873,0.6810,-7.3604,-8.3336,-7.5527,-8.6037,0.1041
3.3600,clay,0.566,0.350,0.2138,3.3181,0.1084,0.0693,1.0420,0.2718,-7.4621,-8.3864,-7.5471,-8.5730,0.1056
3.3720,clay,0.566,0.350,0.2170,3.4576,0.0469,0.0683,0.8230,0.4447,-7.4179,-8.6126,-7.5045,-8.6835,0.1074
3.3840,clay,0.566,0.350,0.2201,3.4535,0.0258,0.0700,0.9855,0.6475,-7.5458,-8.6513,-7.5903,-8.6033,0.1094
3.3960,clay,0.566,0.350,0.2230,3.4208,0.1018,0.0751,1.0288,0.2336,-7.5675,-8.7494,-7.5968,-8.6060,0.1111
3.4080,clay,0.566,0.350,0.2258,3.3336,0.1737,0.0756,1.0068,0.2404,-7.6170,-8.8419,-7.6371,-8.6614,0.1126
3.4200,clay,0.566,0.350,0.2284,3.4627,0.0419,0.0791,0.9611,0.4333,-7.7220,-8.8687,-7.6602,-8.6288,0.1136
3.4320,clay,0.566,0.350,0.2309,3.3454,0.1458,0.0806,0.9051,0.4531,-7.7588,-8.8909,-7.6659,-8.6299,0.1152
3.4440,clay,0.566,0.350,0.2332,3.4172,0.0333,0.0833,1.3154,0.1099,-7.8414,-8.9492,-7.6166,-8.5728,0.1167
3.4560,clay,0.566,0.350,0.2354,3.4898,0.1522,0.0863,0.9421,0.2637,-7.8617,-9.0661,-7.5912,-8.4302,0.1179
3.4680,clay,0.566,0.350,0.2374,3.4245,-0.0077,0.0888,1.1820,0.1051,-8.0946,-9.0201,-7.6598,-8.3431,0.1192
3.4800,clay,0.566,0.350,0.2393,3.5287,0.0782,0.0901,1.1829,-0.0966,-8.1232,-9.0990,-7.6257,-8.2346,0.1203
3.4920,clay,0.566,0.350,0.2411,3.5737,0.0672,0.0921,1.4396,0.5497,-8.3548,-9.0214,-7.4829,-8.1584,0.1207
3.5040,clay,0.566,0.350,0.2427,3.4914,0.1165,0.0929,1.2464,0.5450,-8.4713,-9.0355,-7.5658,-8.1162,0.1214
3.5160,clay,0.566,0.350,0.2441,3.5465,0.0906,0.0930,1.3246,0.2878,-8.6509,-8.9901,-7.5561,-7.8958,0.1219
3.5280,clay,0.566,0.350,0.2454,3.5747,0.1066,0.0921,1.1032,1.1458,-8.7836,-8.9213,-7.6103,-7.9656,0.1228
3.5400,clay,0.566,0.350,0.2465,3.5263,0.0161,0.0915,1.3032,0.4272,-8.8808,-8.8911,-7.6152,-7.9491,0.1233
3.5520,clay,0.566,0.350,0.2475,3.6152,0.1199,0.0911,1.1380,1.2542,-8.9581,-8.8109,-7.6780,-7.9660,0.1235
3.5640,clay,0.566,0.350,0.2483,3.6590,0.1083,0.0898,1.1943,0.3481,-8.8954,-8.7831,-7.6620,-8.0293,0.1233
3.5760,clay,0.566,0.350,0.2489,3.5867,0.0370,0.0899,1.0403,0.7002,-8.9325,-8.7322,-7.6290,-8.1783,0.1230
3.5880,clay,0.566,0.350,0.2494,3.5931,0.0714,0.0937,1.1679,0.8037,-8.8446,-8.7324,-7.6374,-8.1807,0.1233
3.6000,clay,0.566,0.350,0.2498,3.6374,0.1597,0.0895,1.2900,0.4927,-8.7818,-8.8037,-7.7843,-8.0056,0.1234
3.6120,clay,0.566,0.350,0.2500,3.5951,0.1154,0.0848,0.9219,0.6836,-8.6609,-8.8636,-7.8239,-8.1226,0.1233
3.6240,clay,0.566,0.350,0.2500,3.6941,0.1332,0.0866,1.7110,0.7741,-8.6622,-8.8110,-7.8613,-8.1186,0.1234
3.6360,clay,0.566,0.350,0.2499,3.6580,0.2102,0.0835,0.8635,0.8110,-8.7044,-8.8317,-7.8357,-8.2051,0.1236
3.6480,clay,0.566,0.350,0.2496,3.6793,0.1532,0.0837,1.4361,0.5148,-8.6888,-8.8936,-7.9166,-8.1233,0.1235
3.6600,clay,0.566,0.350,0.2491,3.6955,0.2555,0.0826,0.7375,0.7408,-8.6839,-8.9192,-7.9801,-8.2147,0.1233
3.6720,clay,0.566,0.350,0.2485,3.7200,0.1452,0.0828,1.1145,0.2460,-8.5651,-8.9705,-7.9669,-8.2585,0.1231
3.6840,clay,0.566,0.350,0.2478,3.7205,0.1374,0.0849,0.9449,0.6400,-8.6415,-8.9549,-8.0135,-8.2998,0.1231
3.6960,clay,0.566,0.350,0.2468,3.7182,0.1722,0.0864,1.3831,0.2437,-8.5610,-9.0012,-8.0487,-8.3263,0.1231
3.7080,clay,0.566,0.350,0.2458,3.6663,0.2840,0.0868,1.2554,-0.0089,-8.5189,-9.0504,-8.0510,-8.3676,0.1230
3.7200,clay,0.566,0.350,0.2445,3.7709,0.1429,0.0910,0.8464,0.5553,-8.4032,-9.0803,-8.0824,-8.3868,0.1225
3.7320,clay,0.566,0.350,0.2432,3.7186,0.1104,0.0892,0.9019,0.3529,-8.4872,-9.0807,-8.0847,-8.3774,0.1221
3.7440,clay,0.566,0.350,0.2416,3.8017,0.1319,0.0937,0.9318,0.5399,-8.5457,-9.0483,-8.1196,-8.4477,0.1217
3.7560,clay,0.566,0.350,0.2399,3.7633,0.1402,0.0950,0.8283,0.4423,-8.5963,-9.0627,-8.0383,-8.5389,0.1208
3.7680,clay,0.566,0.350,0.2381,3.8643,0.0743,0.1036,0.7108,0.4484,-8.7123,-9.0403,-8.1092,-8.4851,0.1197
3.7800,clay,0.566,0.350,0.2361,3.7838,0.1129,0.1043,0.7650,-0.0683,-8.7523,-9.0301,-8.1188,-8.5619,0.1188
3.7920,clay,0.566,0.350,0.2340,3.8554,0.1667,0.1059,0.5794,0.2909,-8.8329,-9.0717,-8.1790,-8.4821,0.1178
3.8040,clay,0.566,0.350,0.2317,3.8563,0.2253,0.1071,0.7818,0.3815,-8.8441,-9.0782,-8.1056,-8.6464,0.1167
3.8160,clay,0.566,0.350,0.2292,3.8506,0.0885,0.1069,0.8171,0.2263,-8.9025,-9.0892,-8.1693,-8.6229,0.1152
3.8280,clay,0.566,0.350,0.2267,3.7409,0.1602,0.1066,0.8625,0.3967,-8.8312,-9.1099,-8.2017,-8.5933,0.1139
3.8400,clay,0.566,0.350,0.2239,3.8795,0.1844,0.1100,0.6530,0.2500,-8.8058,-9.1429,-8.1804,-8.6310,0.1127
3.8520,clay,0.566,0.350,0.2211,3.8473,0.2043,0.1093,0.8668,0.6814,-8.8199,-9.1800,-8.2474,-8.6148,0.1114
3.8640,clay,0.566,0.350,0.2181,3.8573,0.2003,0.1120,0.5368,0.3972,-8.8267,-9.2179,-8.1972,-8.6938,0.1098
3.8760,clay,0.566,0.350,0.2149,3.9177,0.2142,0.1099,0.7404,0.6295,-8.8689,-9.2536,-8.2313,-8.7936,0.1080
3.8880,clay,0.566,0.350,0.2116,3.9171,0.1731,0.1115,0.6226,0.1190,-8.8043,-9.2885,-8.3084,-8.7174,0.1064
3.9000,clay,0.566,0.350,0.2082,3.9602,0.1993,0.1127,0.5957,0.1111,-8.7975,-9.3591,-8.2961,-8.7733,0.1051
3.9120,clay,0.566,0.350,0.2047,4.0130,0.1186,0.1129,0.9208,0.5472,-8.6714,-9.4465,-8.3936,-8.7496,0.1035
3.9240,clay,0.566,0.350,0.2010,3.9134,0.1706,0.1097,0.5292,0.0470,-8.7509,-9.4472,-8.3136,-8.8118,0.1018
3.9360,clay,0.566,0.350,0.1972,3.9510,0.2456,0.1105,0.7029,0.5278,-8.8900,-9.4194,-8.4285,-8.8323,0.1003
3.9480,clay,0.566,0.350,0.1933,3.9646,0.0925,0.1139,0.6739,0.2287,-9.0156,-9.3695,-8.3503,-8.8473,0.0985
3.9600,clay,0.566,0.350,0.1892,3.9733,0.1888,0.1124,0.4361,1.0194,-9.1212,-9.3643,-8.4599,-8.7399,0.0966
3.9720,clay,0.566,0.350,0.1851,3.8883,0.1600,0.1111,0.8554,0.5947,-9.1745,-9.3868,-8.4111,-8.8005,0.0944
3.9840,clay,0.566,0.350,0.1808,3.9891,0.0909,0.1011,0.4987,0.9746,-9.2349,-9.3308,-8.5123,-8.8105,0.0921
3.9960,clay,0.566,0.350,0.1764,3.9442,0.1129,0.1007,0.7411,0.0222,-9.1362,-9.3628,-8.5626,-8.7808,0.0897
4.0080,clay,0.566,0.400,-0.5103,3.9051,0.1592,0.0988,0.6177,0.2476,-9.0763,-9.3517,-8.5357,-8.9157,0.0874
4.0200,clay,0.566,0.400,-0.4911,4.0266,0.1430,0.1158,-1.8067,1.0900,-9.1775,-9.2900,-8.6220,-9.0796,0.0642
4.0320,clay,0.566,0.400,-0.4714,4.0284,0.2352,0.1270,0.0876,0.7672,-9.6882,-9.1590,-8.6251,-9.0666,0.0092
4.0440,clay,0.566,0.400,-0.4512,3.9512,0.1930,0.1389,1.2152,0.4597,-10.1005,-8.6416,-8.6281,-8.9835,-0.0650
4.0560,clay,0.566,0.400,-0.4304,4.0261,0.2561,0.1430,0.9310,0.5190,-10.4723,-8.3163,-8.5813,-9.0228,-0.1515
4.0680,clay,0.566,0.400,-0.4091,3.9985,0.1199,0.1112,0.8536,0.7486,-10.6110,-8.1246,-8.6314,-8.9267,-0.2255
4.0800,clay,0.566,0.400,-0.3873,4.0298,0.1484,0.0651,-0.5902,-0.3710,-10.3167,-8.5204,-8.7213,-9.0073,-0.2396
4.0920,clay,0.566,0.400,-0.3651,4.0222,0.1052,0.0317,0.8178,-0.6327,-9.6941,-9.1543,-8.7204,-8.9317,-0.2100
4.1040,clay,0.566,0.400,-0.3424,4.0500,0.0694,0.0262,0.4884,-1.4349,-9.1495,-9.5613,-8.6165,-9.0833,-0.1869
4.1160,clay,0.566,0.400,-0.3193,4.0003,0.0627,0.0132,0.8976,-1.0896,-8.8147,-9.9157,-8.7127,-9.1750,-0.1643
4.1280,clay,0.566,0.400,-0.2959,3.9812,0.1159,0.0072,0.5376,-0.3791,-8.5796,-10.1383,-8.7676,-9.2352,-0.1499
4.1400,clay,0.566,0.400,-0.2721,4.0428,0.0281,0.0049,0.2270,-1.0792,-8.5689,-10.1797,-8.8347,-9.2135,-0.1421
4.1520,clay,0.566,0.400,-0.2480,3.9697,0.0764,-0.0040,0.5000,-0.5555,-8.5351,-10.2985,-8.8280,-9.1061,-0.1325
4.1640,clay,0.566,0.400,-0.2236,4.0336,0.1024,-0.0102,0.9263,-1.7356,-8.5156,-10.3647,-8.7757,-9.1040,-0.1188
4.1760,clay,0.566,0.400,-0.1989,4.1645,-0.0707,-0.0119,0.3847,-0.6459,-8.5754,-10.4492,-8.8563,-9.0421,-0.1036
4.1880,clay,0.566,0.400,-0.1740,4.1255,0.1059,-0.0027,0.8556,-1.3347,-8.6294,-10.5247,-8.8638,-8.9430,-0.0920
4.2000,clay,0.566,0.400,-0.1489,4.0391,0.0054,-0.0015,0.2449,-1.1022,-8.7416,-10.5074,-8.8371,-9.0218,-0.0832
4.2120,clay,0.566,0.400,-0.1237,4.0916,-0.0867,-0.0023,0.6218,-1.1646,-8.7456,-10.5408,-8.9048,-8.9778,-0.0685
4.2240,clay,0.566,0.400,-0.0982,4.0577,-0.0576,-0.0044,0.6930,-1.4602,-8.6791,-10.6415,-8.8972,-8.9814,-0.0540
4.2360,clay,0.566,0.400,-0.0727,4.1460,-0.0610,-0.0013,0.4430,-0.4885,-8.8055,-10.5802,-8.9921,-9.0189,-0.0425
4.2480,clay,0.566,0.400,-0.0471,4.1177,-0.0355,-0.0029,0.7695,-1.0268,-8.7866,-10.6095,-8.9030,-9.0084,-0.0311
4.2600,clay,0.566,0.400,-0.0214,4.0230,-0.0764,-0.0028,0.9247,-0.3144,-8.8659,-10.4623,-8.9927,-9.0882,-0.0178
4.2720,clay,0.566,0.400,0.0043,4.2222,-0.0541,-0.0021,0.6891,-0.1855,-8.9143,-10.2341,-8.9982,-9.1002,-0.0026
4.2840,clay,0.566,0.400,0.0300,4.2167,-0.0104,-0.0011,0.7662,-0.3225,-8.8763,-10.1856,-9.0975,-9.0703,0.0074
4.2960,clay,0.566,0.400,0.0556,4.1084,-0.0284,-0.0003,0.2842,0.5962,-8.9710,-10.0904,-9.1263,-9.1793,0.0193
4.3080,clay,0.566,0.400,0.0812,4.1376,-0.0881,-0.0017,0.8610,-0.1840,-8.9153,-10.1895,-9.1129,-9.0988,0.0332
4.3200,clay,0.566,0.400,0.1067,4.1318,-0.0895,0.0017,0.6688,0.1667,-9.0173,-10.2125,-9.1813,-9.1431,0.0471
4.3320,clay,0.566,0.400,0.1321,4.1552,0.0014,0.0026,0.7960,0.2201,-9.0521,-10.2508,-9.1707,-9.1318,0.0587
4.3440,clay,0.566,0.400,0.1573,4.1239,-0.0870,0.0044,0.7281,0.2601,-9.1282,-10.2111,-9.1683,-9.1018,0.0702
4.3560,clay,0.566,0.400,0.1824,4.2543,0.0153,0.0035,0.4673,0.7622,-9.1835,-10.2244,-9.1690,-9.0899,0.0828
4.3680,clay,0.566,0.400,0.2072,4.1959,-0.0014,0.0064,0.6738,0.6295,-9.2005,-10.2017,-9.1806,-9.1067,0.0959
4.3800,clay,0.566,0.400,0.2318,4.2603,-0.0702,0.0096,0.5991,0.2994,-9.2798,-10.1086,-9.1447,-9.2043,0.1084
4.3920,clay,0.566,0.400,0.2561,4.2241,0.0055,0.0143,0.5328,-0.0405,-9.2716,-10.0601,-9.2418,-9.1853,0.1190
4.4040,clay,0.566,0.400,0.2801,4.2000,-0.0226,0.0148,0.6808,0.4350,-9.3230,-10.0067,-9.1917,-9.2459,0.1323
4.4160,clay,0.566,0.400,0.3037,4.2470,0.0491,0.0206,0.3815,0.6023,-9.3801,-9.9933,-9.1595,-9.2853,0.1443
4.4280,clay,0.566,0.400,0.3271,4.1771,-0.0198,0.0317,0.5589,0.4260,-9.4044,-9.9237,-9.1893,-9.3455,0.1548
4.4400,clay,0.566,0.400,0.3500,4.2578,-0.0350,0.0360,0.1817,0.6071,-9.4743,-9.8916,-9.2251,-9.3466,0.1641
4.4520,clay,0.566,0.400,0.3725,4.3071,-0.0145,0.0417,0.4156,1.4242,-9.5184,-9.8580,-9.2417,-9.3352,0.1773
4.4640,clay,0.566,0.400,0.3946,4.2271,-0.0130,0.0450,0.8935,1.1864,-9.5649,-9.7957,-9.1804,-9.3947,0.1888
4.4760,clay,0.566,0.400,0.4162,4.3769,-0.0796,0.0524,-0.2268,1.5689,-9.5375,-9.8271,-9.2617,-9.3433,0.2008
4.4880,clay,0.566,0.400,0.4374,4.3927,-0.0190,0.0630,0.3117,1.3601,-9.5803,-9.8035,-9.2445,-9.3998,0.2084
4.5000,clay,0.566,0.400,0.4580,4.3114,0.0913,0.0652,0.5455,0.8347,-9.6518,-9.7790,-9.1971,-9.4217,0.2177
4.5120,clay,0.566,0.400,0.4781,4.2921,0.0175,0.0638,-0.0213,0.5395,-9.5724,-9.8501,-9.2830,-9.4356,0.2266
4.5240,clay,0.566,0.400,0.4976,4.3213,0.0429,0.0692,0.5046,0.1014,-9.4985,-9.9305,-9.2468,-9.4407,0.2386
4.5360,clay,0.566,0.400,0.5165,4.3023,0.1168,0.0713,0.3836,0.9900,-9.4888,-9.9188,-9.2354,-9.4486,0.2486
4.5480,clay,0.566,0.400,0.5349,4.2957,0.0502,0.0810,0.0434,0.9458,-9.4865,-9.8864,-9.1867,-9.5612,0.2570
4.5600,clay,0.566,0.400,0.5526,4.3303,0.0996,0.0882,0.3154,0.7158,-9.4881,-9.8930,-9.1905,-9.4904,0.2649
4.5720,clay,0.566,0.400,0.5696,4.3305,0.0918,0.0927,0.3730,0.6037,-9.5189,-9.8530,-9.1600,-9.5416,0.2728
4.5840,clay,0.566,0.400,0.5860,4.2563,0.1671,0.0982,0.2925,1.1673,-9.5342,-9.9037,-9.1757,-9.5566,0.2819
4.5960,clay,0.566,0.400,0.6017,4.2507,0.1177,0.1048,0.4690,0.8805,-9.5350,-9.8466,-9.1495,-9.6140,0.2922
4.6080,clay,0.566,0.400,0.6167,4.3728,0.0489,0.1170,0.1783,1.0265,-9.5876,-9.8150,-9.2313,-9.5920,0.2982
4.6200,clay,0.566,0.400,0.6309,4.3032,0.1395,0.1225,0.5248,1.4381,-9.6305,-9.7276,-9.2183,-9.7123,0.3026
4.6320,clay,0.566,0.400,0.6445,4.2388,0.1228,0.1269,0.2686,1.2082,-9.6287,-9.7479,-9.2984,-9.6227,0.3084
4.6440,clay,0.566,0.400,0.6572,4.3124,0.0531,0.1309,0.0703,0.9873,-9.6246,-9.7185,-9.3404,-9.6275,0.3159
4.6560,clay,0.566,0.400,0.6692,4.3110,0.1728,0.1358,0.0529,0.8063,-9.6162,-9.7625,-9.2629,-9.6247,0.3222
4.6680,clay,0.566,0.400,0.6804,4.4048,0.1974,0.1464,0.1538,1.1281,-9.5805,-9.7519,-9.2444,-9.6627,0.3271
4.6800,clay,0.566,0.400,0.6908,4.3648,0.2032,0.1459,0.2913,1.6680,-9.5536,-9.7729,-9.3035,-9.6338,0.3319
4.6920,clay,0.566,0.400,0.7004,4.2323,0.0774,0.1452,-0.0177,1.7021,-9.5654,-9.7752,-9.3494,-9.6812,0.3370
4.7040,clay,0.566,0.400,0.7092,4.2838,0.1217,0.1470,0.2125,0.8674,-9.5395,-9.7339,-9.4196,-9.6515,0.3419
4.7160,clay,0.566,0.400,0.7172,4.2693,0.2386,0.1534,0.0834,1.7666,-9.5307,-9.7095,-9.4727,-9.6733,0.3458
4.7280,clay,0.566,0.400,0.7243,4.2738,0.2869,0.1649,0.3493,1.7912,-9.5574,-9.7330,-9.2992,-9.6965,0.3489
4.7400,clay,0.566,0.400,0.7305,4.2913,0.2675,0.1673,0.1315,1.2538,-9.5267,-9.7692,-9.3427,-9.7512,0.3518
4.7520,clay,0.566,0.400,0.7359,4.3455,0.2823,0.1762,0.2849,1.7099,-9.5472,-9.7221,-9.3057,-9.7280,0.3541
4.7640,clay,0.566,0.400,0.7404,4.3531,0.2719,0.1785,0.0139,0.8174,-9.5218,-9.8007,-9.1860,-9.8743,0.3565
4.7760,clay,0.566,0.400,0.7441,4.2821,0.2051,0.1862,0.5297,1.4571,-9.4953,-9.8320,-9.2893,-9.8124,0.3591
4.7880,clay,0.566,0.400,0.7469,4.3812,0.2305,0.1921,0.2989,0.9379,-9.4616,-9.8869,-9.2197,-9.8751,0.3616
4.8000,clay,0.566,0.400,0.7488,4.3405,0.2155,0.2002,0.5859,1.4333,-9.4728,-9.8631,-9.1863,-9.8529,0.3627
4.8120,clay,0.566,0.400,0.7498,4.3843,0.3333,0.2023,-0.1053,1.8243,-9.5018,-9.9082,-9.2294,-9.8363,0.3627
4.8240,clay,0.566,0.400,0.7500,4.3566,0.2584,0.2038,0.1989,0.7729,-9.5310,-9.8777,-9.1511,-9.8601,0.3626
4.8360,clay,0.566,0.400,0.7492,4.2514,0.2807,0.2046,-0.0015,1.2623,-9.5050,-9.9504,-9.1372,-9.8058,0.3627
4.8480,clay,0.566,0.400,0.7476,4.3278,0.2552,0.2135,-0.1292,1.5021,-9.5027,-9.9523,-9.0663,-9.9767,0.3627
4.8600,clay,0.566,0.400,0.7451,4.3717,0.3267,0.2149,-0.1071,1.0973,-9.4560,-9.9978,-9.0887,-10.0137,0.3620
4.8720,clay,0.566,0.400,0.7417,4.2457,0.3564,0.2200,0.1410,1.7999,-9.5257,-9.9624,-9.1850,-9.7866,0.3608
4.8840,clay,0.566,0.400,0.7375,4.4350,0.2712,0.2194,0.2273,1.9135,-9.5510,-9.9430,-9.1662,-9.9517,0.3589
4.8960,clay,0.566,0.400,0.7324,4.3371,0.3006,0.2171,0.2080,1.9395,-9.5765,-9.9176,-9.2412,-9.8781,0.3567
4.9080,clay,0.566,0.400,0.7264,4.3863,0.2782,0.2132,0.0833,1.4972,-9.5912,-9.9523,-9.1338,-9.9274,0.3541
4.9200,clay,0.566,0.400,0.7196,4.3435,0.2983,0.2149,0.0375,1.5977,-9.6076,-9.9433,-9.1292,-9.9062,0.3511
4.9320,clay,0.566,0.400,0.7120,4.2787,0.3469,0.2183,0.1761,1.3573,-9.5913,-9.9667,-9.1691,-9.8688,0.3479
4.9440,clay,0.566,0.400,0.7035,4.3693,0.3460,0.2257,0.0670,1.4340,-9.6262,-9.9694,-9.1128,-9.9002,0.3443
4.9560,clay,0.566,0.400,0.6941,4.3407,0.3196,0.2292,-0.0201,1.3865,-9.5998,-9.9706,-9.1084,-9.9154,0.3405
4.9680,clay,0.566,0.400,0.6840,4.3666,0.3309,0.2372,0.0028,1.2015,-9.6312,-9.9570,-9.1291,-9.9436,0.3361
4.9800,clay,0.566,0.400,0.6730,4.3047,0.2712,0.2421,-0.2511,1.1262,-9.6324,-10.0016,-9.0594,-9.9516,0.3313
4.9920,clay,0.566,0.400,0.6613,4.4100,0.3963,0.2405,-0.0707,1.0968,-9.6307,-10.0334,-8.9786,-10.0381,0.3262
5.0040,clay,0.566,0.400,0.6488,4.4316,0.3140,0.2521,-0.0161,1.0628,-9.5893,-10.0352,-9.0421,-10.0161,0.3204
5.0160,clay,0.566,0.400,0.6355,4.4028,0.2792,0.2557,-0.1585,0.7464,-9.5415,-10.0511,-9.0255,-9.9991,0.3142
5.0280,clay,0.566,0.400,0.6215,4.4495,0.3237,0.2543,-0.3469,1.6189,-9.6246,-10.0579,-9.0164,-10.0259,0.3083
5.0400,clay,0.566,0.400,0.6068,4.3314,0.3893,0.2553,-0.0380,1.9151,-9.6280,-10.1292,-8.9882,-10.0280,0.3007
5.0520,clay,0.566,0.400,0.5913,4.3923,0.3488,0.2544,0.1869,1.7174,-9.6265,-10.1020,-9.0579,-10.0036,0.2937
5.0640,clay,0.566,0.400,0.5751,4.4086,0.3885,0.2576,0.0734,1.0405,-9.6038,-10.1464,-9.1029,-10.0319,0.2873
5.0760,clay,0.566,0.400,0.5583,4.3721,0.4735,0.2631,-0.0269,0.8639,-9.6098,-10.0937,-9.0603,-10.0186,0.2797
5.0880,clay,0.566,0.400,0.5408,4.3893,0.4031,0.2722,0.2458,0.6725,-9.6017,-10.1182,-9.0891,-10.0006,0.2717
5.1000,clay,0.566,0.400,0.5227,4.4278,0.3495,0.2740,0.2115,0.9324,-9.6039,-10.1177,-9.0708,-10.0924,0.2613
5.1120,clay,0.566,0.400,0.5040,4.3755,0.3288,0.2826,0.0819,1.1402,-9.6231,-10.0359,-8.9826,-10.1198,0.2527
5.1240,clay,0.566,0.400,0.4846,4.3741,0.3257,0.2812,0.0763,1.5999,-9.5647,-10.0927,-9.0185,-10.1024,0.2457
5.1360,clay,0.566,0.400,0.4647,4.4571,0.2578,0.2889,0.1608,0.9579,-9.6442,-10.0505,-8.9703,-10.1022,0.2327
5.1480,clay,0.566,0.400,0.4443,4.3025,0.2458,0.2811,0.0348,1.3040,-9.6035,-10.1408,-9.0671,-10.1061,0.2247
5.1600,clay,0.566,0.400,0.4233,4.4257,0.3510,0.2779,0.0979,0.9991,-9.5300,-10.1485,-9.1504,-10.0663,0.2164
5.1720,clay,0.566,0.400,0.4019,4.3888,0.2565,0.2783,0.1595,1.0984,-9.6088,-10.0880,-9.1365,-10.1087,0.2068
5.1840,clay,0.566,0.400,0.3799,4.4823,0.2635,0.2785,-0.1419,0.5753,-9.6594,-10.0575,-9.2046,-10.1226,0.1950
5.1960,clay,0.566,0.400,0.3576,4.4668,0.3392,0.2779,0.3734,0.7000,-9.7029,-9.9967,-9.1310,-10.1383,0.1825
5.2080,clay,0.566,0.400,0.3348,4.3577,0.2738,0.2711,0.1959,0.4349,-9.6898,-9.9988,-9.1665,-10.1618,0.1715
5.2200,clay,0.566,0.400,0.3116,4.4360,0.2607,0.2683,-0.1059,0.6212,-9.7623,-9.9698,-9.1814,-10.2084,0.1608
5.2320,clay,0.566,0.400,0.2880,4.4991,0.3387,0.2619,0.3396,0.7468,-9.7376,-10.0176,-9.0980,-10.1486,0.1506
5.2440,clay,0.566,0.400,0.2641,4.5225,0.3541,0.2543,0.3094,1.4626,-9.7914,-9.9860,-9.1269,-10.1113,0.1397
5.2560,clay,0.566,0.400,0.2399,4.4345,0.2887,0.2499,0.1590,0.2576,-9.8297,-9.9536,-9.1008,-10.1225,0.1270
5.2680,clay,0.566,0.400,0.2154,4.4284,0.2823,0.2394,0.3541,0.3592,-9.8694,-9.9279,-9.1633,-10.1020,0.1142
5.2800,clay,0.566,0.400,0.1907,4.4815,0.2525,0.2317,0.6634,0.1747,-9.8796,-9.9463,-9.2179,-10.0664,0.1018
5.2920,clay,0.566,0.400,0.1657,4.4201,0.2271,0.2287,0.1287,0.0477,-9.8579,-9.9781,-9.2390,-10.0804,0.0895
5.3040,clay,0.566,0.400,0.1405,4.4243,0.2525,0.2224,0.4559,0.3147,-9.8355,-9.9492,-9.2972,-10.0453,0.0793
5.3160,clay,0.566,0.400,0.1152,4.3313,0.1951,0.2193,0.2788,-0.2751,-9.7980,-9.9236,-9.2548,-10.1252,0.0663
5.3280,clay,0.566,0.400,0.0897,4.5182,0.3283,0.2074,0.0984,0.0881,-9.8404,-9.9615,-9.2406,-10.0807,0.0519
5.3400,clay,0.566,0.400,0.0642,4.4599,0.2259,0.1954,0.1932,0.4326,-9.8658,-9.9912,-9.2412,-10.0744,0.0386
5.3520,clay,0.566,0.400,0.0385,4.4927,0.1898,0.1888,-0.4011,0.2820,-9.8427,-10.0371,-9.2205,-10.0735,0.0241
5.3640,clay,0.566,0.400,0.0129,4.5491,0.2232,0.1826,0.5078,0.0098,-9.8061,-10.0130,-9.2919,-10.0662,0.0151
5.3760,clay,0.566,0.400,-0.0129,4.4061,0.1732,0.1768,0.0728,-0.3567,-9.7579,-10.0755,-9.3778,-10.0071,0.0053
5.3880,clay,0.566,0.400,-0.0385,4.4352,0.2366,0.1655,0.0639,-0.1677,-9.8125,-10.0625,-9.3606,-10.0035,-0.0092
5.4000,clay,0.566,0.400,-0.0642,4.5326,0.1779,0.1604,0.2533,-0.2715,-9.8325,-10.0453,-9.4421,-9.9888,-0.0229
5.4120,clay,0.566,0.400,-0.0897,4.4179,0.2010,0.1503,0.3235,-0.0741,-9.8229,-10.0201,-9.3464,-9.9845,-0.0355
5.4240,clay,0.566,0.400,-0.1152,4.4430,0.2001,0.1464,0.1012,-0.4314,-9.7334,-9.9940,-9.2767,-10.0046,-0.0485
5.4360,clay,0.566,0.400,-0.1405,4.4540,0.1255,0.1354,0.4477,-0.3513,-9.7661,-10.0476,-9.4062,-10.0064,-0.0604
5.4480,clay,0.566,0.400,-0.1657,4.5112,0.1191,0.1187,-0.1347,-0.2460,-9.8098,-10.0609,-9.4383,-9.9993,-0.0714
5.4600,clay,0.566,0.400,-0.1907,4.4727,0.0554,0.1136,0.1764,-0.5939,-9.7764,-10.0308,-9.4550,-9.9424,-0.0850
5.4720,clay,0.566,0.400,-0.2154,4.4073,0.0968,0.1094,0.0289,-0.1109,-9.8438,-9.9687,-9.5068,-9.9306,-0.0978
5.4840,clay,0.566,0.400,-0.2399,4.5875,0.1415,0.0919,-0.9063,-1.3302,-9.6356,-10.0432,-9.5021,-9.9179,-0.1032
5.4960,clay,0.566,0.400,-0.2641,4.5324,0.0802,0.0940,-0.4989,-0.9602,-9.7477,-10.0211,-9.4531,-9.8870,-0.1195
5.5080,clay,0.566,0.400,-0.2880,4.5379,0.1711,0.0789,-0.1412,0.0477,-9.8622,-9.9787,-9.4758,-9.9446,-0.1362
5.5200,clay,0.566,0.400,-0.3116,4.5620,0.0178,0.0683,-0.2145,-1.0016,-9.8379,-9.9355,-9.4665,-9.9804,-0.1469
5.5320,clay,0.566,0.400,-0.3348,4.4398,0.0819,0.0592,0.1867,-0.5296,-9.7439,-9.9686,-9.5370,-9.8943,-0.1570
5.5440,clay,0.566,0.400,-0.3576,4.4391,0.0129,0.0581,0.2374,-0.5609,-9.7222,-9.9560,-9.6243,-9.8640,-0.1685
5.5560,clay,0.566,0.400,-0.3799,4.4955,0.0260,0.0441,0.1095,-0.7699,-9.7466,-9.9186,-9.6134,-9.8488,-0.1792
5.5680,clay,0.566,0.400,-0.4019,4.4191,0.0460,0.0303,0.1214,-0.5393,-9.7554,-9.9815,-9.6108,-9.7591,-0.1900
5.5800,clay,0.566,0.400,-0.4233,4.4266,-0.0407,0.0280,-0.3205,-0.8399,-9.8210,-9.9373,-9.5299,-9.8464,-0.2030
5.5920,clay,0.566,0.400,-0.4443,4.4636,0.0826,0.0170,-0.2431,-0.2300,-9.8109,-9.9525,-9.5590,-9.9135,-0.2133
5.6040,clay,0.566,0.400,-0.4647,4.4322,-0.0296,0.0090,-0.0313,-1.0197,-9.7110,-10.0141,-9.6440,-9.8452,-0.2209
5.6160,clay,0.566,0.400,-0.4846,4.5422,-0.0253,0.0065,-0.2800,-0.5372,-9.7142,-9.8303,-9.6755,-9.8129,-0.2318
5.6280,clay,0.566,0.400,-0.5040,4.4677,-0.0799,-0.0144,0.0950,-0.5117,-9.6108,-9.9242,-9.7011,-9.8016,-0.2378
5.6400,clay,0.566,0.400,-0.5227,4.5754,0.0417,-0.0176,-0.0638,-0.5656,-9.6390,-9.9778,-9.6848,-9.8000,-0.2479
5.6520,clay,0.566,0.400,-0.5408,4.5213,-0.0495,-0.0240,-0.1432,-0.7733,-9.7655,-9.8975,-9.6252,-9.8027,-0.2594
5.6640,clay,0.566,0.400,-0.5583,4.4161,-0.0214,-0.0283,-0.4918,-0.4859,-9.7593,-9.9113,-9.6732,-9.8356,-0.2694
5.6760,clay,0.566,0.400,-0.5751,4.4680,-0.1027,-0.0356,0.0159,-1.3009,-9.6807,-9.9492,-9.7947,-9.7765,-0.2765
5.6880,clay,0.566,0.400,-0.5913,4.5028,-0.1058,-0.0529,-0.1967,-0.9167,-9.7211,-9.9217,-9.7959,-9.8459,-0.2826
5.7000,clay,0.566,0.400,-0.6068,4.5782,-0.0607,-0.0577,0.0303,-1.0582,-9.6122,-9.8555,-9.7509,-9.8094,-0.2900
5.7120,clay,0.566,0.400,-0.6215,4.4996,-0.1178,-0.0660,-0.2577,-1.1344,-9.6342,-9.8578,-9.7391,-9.8873,-0.2984
5.7240,clay,0.566,0.400,-0.6355,4.4815,-0.1217,-0.0734,-0.4312,-0.7268,-9.6793,-9.8568,-9.6980,-9.8411,-0.3051
5.7360,clay,0.566,0.400,-0.6488,4.4660,-0.1143,-0.0780,0.1070,-1.5278,-9.7141,-9.8795,-9.8168,-9.7675,-0.3115
5.7480,clay,0.566,0.400,-0.6613,4.5314,-0.1904,-0.0913,-0.0946,-0.7941,-9.7057,-9.8342,-9.9269,-9.7235,-0.3176
5.7600,clay,0.566,0.400,-0.6730,4.5336,-0.1801,-0.1008,0.0212,-0.9231,-9.7245,-9.8529,-9.8765,-9.7529,-0.3233
5.7720,clay,0.566,0.400,-0.6840,4.5587,-0.1980,-0.1032,-0.1160,-0.8589,-9.7228,-9.8496,-9.8079,-9.8132,-0.3291
5.7840,clay,0.566,0.400,-0.6941,4.5281,-0.1879,-0.1096,-0.0703,-1.1955,-9.7346,-9.7930,-9.8431,-9.7071,-0.3347
5.7960,clay,0.566,0.400,-0.7035,4.4706,-0.1188,-0.1152,0.0532,-1.2497,-9.6855,-9.7790,-9.8538,-9.7470,-0.3402
5.8080,clay,0.566,0.400,-0.7120,4.4622,-0.0509,-0.1250,-0.2001,-1.3207,-9.6443,-9.7783,-9.8988,-9.6989,-0.3441
5.8200,clay,0.566,0.400,-0.7196,4.4482,-0.1443,-0.1326,-0.0887,-0.9022,-9.6584,-9.8021,-9.9166,-9.7436,-0.3471
5.8320,clay,0.566,0.400,-0.7264,4.4525,-0.2091,-0.1360,-0.2441,-1.0059,-9.6740,-9.8109,-9.8799,-9.7857,-0.3509
5.8440,clay,0.566,0.400,-0.7324,4.4975,-0.0834,-0.1431,0.3337,-0.6525,-9.7235,-9.7874,-9.8779,-9.6139,-0.3540
5.8560,clay,0.566,0.400,-0.7375,4.4352,-0.2139,-0.1458,-0.0340,-1.6010,-9.7119,-9.8026,-9.9269,-9.5748,-0.3566
5.8680,clay,0.566,0.400,-0.7417,4.5984,-0.1473,-0.1538,-0.1622,-1.2147,-9.7028,-9.8902,-9.9455,-9.5822,-0.3590
5.8800,clay,0.566,0.400,-0.7451,4.5465,-0.1450,-0.1572,-0.2941,-1.6580,-9.7450,-9.8648,-9.9623,-9.6976,-0.3607
5.8920,clay,0.566,0.400,-0.7476,4.5070,-0.2382,-0.1611,-0.1985,-0.9569,-9.6888,-9.8428,-9.9470,-9.7962,-0.3620
5.9040,clay,0.566,0.400,-0.7492,4.4838,-0.3346,-0.1663,-0.0483,-0.9953,-9.6907,-9.7846,-10.0050,-9.6646,-0.3632
5.9160,clay,0.566,0.400,-0.7500,4.4988,-0.1981,-0.1720,0.0922,-1.1892,-9.6403,-9.7405,-9.9302,-9.6368,-0.3637
5.9280,clay,0.566,0.400,-0.7498,4.4780,-0.2020,-0.1801,-0.2638,-1.4646,-9.6167,-9.7868,-10.0592,-9.5231,-0.3638
5.9400,clay,0.566,0.400,-0.7488,4.5280,-0.2802,-0.1863,-0.2768,-1.5810,-9.6283,-9.8084,-10.0587,-9.6705,-0.3634
5.9520,clay,0.566,0.400,-0.7469,4.4937,-0.2496,-0.1862,-0.2343,-1.7809,-9.6542,-9.8153,-10.0652,-9.7049,-0.3624
5.9640,clay,0.566,0.400,-0.7441,4.5121,-0.1666,-0.1943,-0.1193,-0.9055,-9.6971,-9.8026,-10.1005,-9.6605,-0.3614
5.9760,clay,0.566,0.400,-0.7404,4.4186,-0.1810,-0.2008,0.2012,-1.5176,-9.6830,-9.8026,-10.0425,-9.7052,-0.3604
5.9880,clay,0.566,0.400,-0.7359,4.4799,-0.3052,-0.2057,-0.0730,-1.1295,-9.7391,-9.7733,-10.0401,-9.6105,-0.3590
6.0000,clay,0.566,0.400,-0.7305,4.4687,-0.2948,-0.2134,-0.0717,-1.5318,-9.7674,-9.8235,-10.0518,-9.5409,-0.3566
6.0120,clay,0.566,0.400,-0.7243,4.4550,-0.2171,-0.2145,-0.0170,-1.2798,-9.7734,-9.8042,-10.0944,-9.5814,-0.3539
6.0240,clay,0.566,0.400,-0.7172,4.4753,-0.2960,-0.2169,-0.1611,-1.6726,-9.7806,-9.7940,-10.1671,-9.5876,-0.3512
6.0360,clay,0.566,0.400,-0.7092,4.3910,-0.2476,-0.2207,0.1862,-1.1284,-9.7949,-9.8137,-10.1330,-9.6735,-0.3477
6.0480,clay,0.566,0.400,-0.7004,4.3650,-0.1814,-0.2287,0.2608,-0.9093,-9.7659,-9.7953,-10.1679,-9.6678,-0.3439
6.0600,clay,0.566,0.400,-0.6908,4.4923,-0.2480,-0.2306,0.1653,-1.6801,-9.7601,-9.7836,-10.1434,-9.6020,-0.3396
6.0720,clay,0.566,0.400,-0.6804,4.4340,-0.2368,-0.2350,-0.0452,-1.8128,-9.7656,-9.8158,-10.1382,-9.4638,-0.3348
6.0840,clay,0.566,0.400,-0.6692,4.4556,-0.3333,-0.2360,-0.0633,-1.1382,-9.8049,-9.8028,-10.1751,-9.4300,-0.3298
6.0960,clay,0.566,0.400,-0.6572,4.5738,-0.2926,-0.2372,-0.0796,-1.9614,-9.7634,-9.8079,-10.2241,-9.5070,-0.3244
6.1080,clay,0.566,0.400,-0.6445,4.4264,-0.2483,-0.2389,0.0996,-1.5631,-9.7511,-9.7834,-10.2298,-9.5028,-0.3192
6.1200,clay,0.566,0.400,-0.6309,4.4761,-0.2805,-0.2440,0.1470,-1.5627,-9.6932,-9.7955,-10.1925,-9.4896,-0.3116
6.1320,clay,0.566,0.400,-0.6167,4.4124,-0.3664,-0.2416,0.1166,-1.6816,-9.6446,-9.8196,-10.1695,-9.5040,-0.3047
6.1440,clay,0.566,0.400,-0.6017,4.4695,-0.3274,-0.2402,-0.1220,-1.7362,-9.6931,-9.8506,-10.1648,-9.4113,-0.2984
6.1560,clay,0.566,0.400,-0.5860,4.4955,-0.2957,-0.2379,-0.0208,-1.3952,-9.7510,-9.8178,-10.2007,-9.3879,-0.2916
6.1680,clay,0.566,0.400,-0.5696,4.4844,-0.3969,-0.2396,0.0894,-0.8687,-9.7908,-9.8763,-10.2079,-9.3001,-0.2833
6.1800,clay,0.566,0.400,-0.5526,4.4782,-0.2510,-0.2358,0.1147,-1.9095,-9.8101,-9.9167,-10.2263,-9.2851,-0.2753
6.1920,clay,0.566,0.400,-0.5349,4.4800,-0.3102,-0.2348,0.0965,-1.3993,-9.8635,-9.9041,-10.1762,-9.3408,-0.2675
6.2040,clay,0.566,0.400,-0.5165,4.4400,-0.2531,-0.2346,-0.2538,-1.9040,-9.8987,-9.9434,-10.1325,-9.3336,-0.2591
6.2160,clay,0.566,0.400,-0.4976,4.4552,-0.3402,-0.2344,-0.1427,-1.5671,-9.8543,-10.0045,-10.1740,-9.3363,-0.2490
6.2280,clay,0.566,0.400,-0.4781,4.4000,-0.2554,-0.2305,0.0761,-1.5242,-9.8531,-10.0166,-10.1085,-9.2664,-0.2402
6.2400,clay,0.566,0.400,-0.4580,4.4950,-0.3272,-0.2323,0.2985,-0.5220,-9.9114,-10.0220,-10.0931,-9.2714,-0.2318
6.2520,clay,0.566,0.400,-0.4374,4.4503,-0.3238,-0.2322,0.1753,-1.3183,-9.8960,-10.0531,-10.1490,-9.2609,-0.2226
6.2640,clay,0.566,0.400,-0.4162,4.4889,-0.2996,-0.2330,-0.0383,-1.4273,-9.8406,-10.0702,-10.0957,-9.2734,-0.2110
6.2760,clay,0.566,0.400,-0.3946,4.6031,-0.3534,-0.2272,-0.0842,-1.5467,-9.8430,-10.1067,-10.1035,-9.3436,-0.1996
6.2880,clay,0.566,0.400,-0.3725,4.5600,-0.2865,-0.2270,0.4140,-0.1580,-9.8913,-10.0650,-10.1466,-9.3388,-0.1900
6.3000,clay,0.566,0.400,-0.3500,4.4921,-0.2683,-0.2216,0.1569,-1.3301,-9.8502,-10.1016,-10.1422,-9.2737,-0.1805
6.3120,clay,0.566,0.400,-0.3271,4.5050,-0.2615,-0.2264,0.6246,-0.4435,-9.9649,-10.0695,-10.0952,-9.2974,-0.1712
6.3240,clay,0.566,0.400,-0.3037,4.4318,-0.2862,-0.2292,0.0028,-1.2649,-9.8759,-10.1457,-10.1138,-9.3573,-0.1563
6.3360,clay,0.566,0.400,-0.2801,4.4182,-0.3050,-0.2248,-0.0548,-0.7362,-9.8006,-10.2086,-10.1454,-9.3393,-0.1436
6.3480,clay,0.566,0.400,-0.2561,4.4409,-0.2416,-0.2148,0.3264,-1.0028,-9.8766,-10.2176,-10.0303,-9.3964,-0.1334
6.3600,clay,0.566,0.400,-0.2318,4.4396,-0.3761,-0.2074,0.2715,-0.5289,-9.9024,-10.2126,-10.1250,-9.3252,-0.1228
6.3720,clay,0.566,0.400,-0.2072,4.4325,-0.1724,-0.2071,0.1836,-0.6195,-9.8189,-10.2098,-10.1803,-9.3145,-0.1105
6.3840,clay,0.566,0.400,-0.1824,4.4851,-0.1840,-0.2045,0.2255,-0.6167,-9.7774,-10.2098,-10.0819,-9.3871,-0.0946
6.3960,clay,0.566,0.400,-0.1573,4.5768,-0.2867,-0.1969,0.1217,-0.5712,-9.8598,-10.1797,-10.1106,-9.3885,-0.0826
6.4080,clay,0.566,0.400,-0.1321,4.4578,-0.2765,-0.1833,-0.0098,0.1858,-9.8581,-10.1054,-10.1669,-9.3934,-0.0719
6.4200,clay,0.566,0.400,-0.1067,4.5103,-0.3201,-0.1810,0.5963,-0.1686,-9.9168,-10.0373,-9.9534,-9.4801,-0.0615
6.4320,clay,0.566,0.400,-0.0812,4.5010,-0.3248,-0.1761,0.3335,0.1736,-9.9009,-10.0762,-10.0551,-9.5082,-0.0488
6.4440,clay,0.566,0.400,-0.0556,4.5404,-0.3254,-0.1718,0.2041,-0.4607,-9.8622,-10.1127,-10.1113,-9.4959,-0.0342
6.4560,clay,0.566,0.400,-0.0300,4.5548,-0.1969,-0.1651,0.2584,0.8450,-9.8073,-10.1081,-9.9999,-9.5073,-0.0217
6.4680,clay,0.566,0.400,-0.0043,4.5348,-0.1869,-0.1495,0.2548,0.0679,-9.8427,-10.1274,-10.0448,-9.4411,-0.0101
6.4800,clay,0.566,0.400,0.0214,4.5467,-0.2174,-0.1450,0.1016,0.3544,-9.8515,-10.0992,-10.0948,-9.4967,0.0023
6.4920,clay,0.566,0.400,0.0471,4.5130,-0.1964,-0.1390,-0.0887,-0.6828,-9.7833,-10.1551,-10.0009,-9.5017,0.0152
6.5040,clay,0.566,0.400,0.0727,4.6150,-0.2221,-0.1302,-0.1752,-0.1862,-9.8442,-10.1074,-10.0266,-9.5182,0.0282
6.5160,clay,0.566,0.400,0.0982,4.5370,-0.1147,-0.1173,0.2012,-0.6413,-9.7805,-10.1759,-10.0892,-9.5483,0.0423
6.5280,clay,0.566,0.400,0.1237,4.5416,-0.1154,-0.1065,0.0225,0.1201,-9.7457,-10.1197,-9.9538,-9.5801,0.0558
6.5400,clay,0.566,0.400,0.1489,4.5328,-0.1369,-0.1037,0.0233,1.0887,-9.8345,-10.1329,-9.9753,-9.5922,0.0669
6.5520,clay,0.566,0.400,0.1740,4.5668,-0.1956,-0.0978,0.3221,0.5898,-9.8430,-10.1151,-9.9837,-9.6308,0.0777
6.5640,clay,0.566,0.400,0.1989,4.6137,-0.0878,-0.0925,0.3848,0.3951,-9.8661,-10.0879,-9.9429,-9.5918,0.0895
6.5760,clay,0.566,0.400,0.2236,4.4681,-0.1115,-0.0884,0.1252,0.4679,-9.8825,-10.0698,-9.9573,-9.6069,0.1029
6.5880,clay,0.566,0.400,0.2480,4.6441,-0.0723,-0.0742,0.4109,0.4783,-9.8131,-10.0790,-9.9198,-9.6393,0.1165
6.6000,clay,0.566,0.400,0.2721,4.6493,-0.0939,-0.0679,0.5350,0.2147,-9.8350,-10.0756,-9.9444,-9.7094,0.1298
6.6120,clay,0.566,0.400,0.2959,4.5473,-0.0722,-0.0552,-0.0507,0.5809,-9.8125,-10.0024,-9.8993,-9.6549,0.1394
6.6240,clay,0.566,0.400,0.3193,4.5353,-0.1164,-0.0486,-0.1303,0.4381,-9.8139,-9.9855,-9.9154,-9.6870,0.1505
6.6360,clay,0.566,0.400,0.3424,4.5074,-0.0610,-0.0402,0.5652,0.3069,-9.7908,-10.0400,-9.8998,-9.7176,0.1643
6.6480,clay,0.566,0.400,0.3651,4.5963,-0.0540,-0.0212,-0.1059,0.0411,-9.7778,-10.0157,-9.8520,-9.7057,0.1747
6.6600,clay,0.566,0.400,0.3873,4.4609,-0.0591,-0.0165,-0.2387,1.0023,-9.8346,-9.9464,-9.8454,-9.7592,0.1828
6.6720,clay,0.566,0.400,0.4091,4.4497,-0.0908,-0.0121,0.1967,1.1834,-9.8128,-9.9346,-9.8331,-9.7860,0.1951
6.6840,clay,0.566,0.400,0.4304,4.6205,-0.0989,-0.0061,-0.1171,1.0118,-9.8311,-9.9281,-9.8820,-9.7341,0.2066
6.6960,clay,0.566,0.400,0.4512,4.4989,-0.0003,-0.0003,0.0807,1.4298,-9.8213,-9.8849,-9.9303,-9.7419,0.2165
6.7080,clay,0.566,0.400,0.4714,4.5687,0.0184,0.0162,-0.0242,0.8980,-9.8621,-9.8468,-9.8691,-9.8314,0.2256
6.7200,clay,0.566,0.400,0.4911,4.5675,0.0376,0.0184,0.0282,0.9825,-9.8279,-9.8380,-9.8712,-9.7457,0.2351
6.7320,clay,0.566,0.400,0.5103,4.4666,0.0785,0.0249,-0.5501,1.0187,-9.7517,-9.9146,-9.8745,-9.7932,0.2461
6.7440,clay,0.566,0.400,0.5288,4.4620,0.0792,0.0286,-0.2030,1.3237,-9.7608,-9.9165,-9.8073,-9.8571,0.2540
6.7560,clay,0.566,0.400,0.5467,4.5246,0.1285,0.0378,0.0285,1.4745,-9.7396,-9.9059,-9.7687,-9.9001,0.2609
6.7680,clay,0.566,0.400,0.5640,4.5814,-0.0020,0.0491,0.3546,1.6224,-9.6679,-9.9007,-9.7922,-9.8610,0.2698
6.7800,clay,0.566,0.400,0.5806,4.5636,0.1393,0.0569,0.0445,0.9548,-9.6466,-9.9126,-9.7373,-9.8981,0.2789
6.7920,clay,0.566,0.400,0.5965,4.6225,0.0541,0.0636,-0.1036,0.7529,-9.6129,-9.9901,-9.6982,-9.8735,0.2883
6.8040,clay,0.566,0.400,0.6118,4.5077,0.1086,0.0728,-0.1655,1.3462,-9.6348,-9.9467,-9.7370,-9.8235,0.2951
6.8160,clay,0.566,0.400,0.6263,4.4698,-0.0042,0.0775,-0.0969,1.1926,-9.6633,-9.9441,-9.6758,-9.8990,0.3012
6.8280,clay,0.566,0.400,0.6400,4.4874,0.1381,0.0922,-0.0548,0.7562,-9.6777,-9.9305,-9.6447,-9.9276,0.3077
6.8400,clay,0.566,0.400,0.6531,4.4961,0.0948,0.0982,-0.2820,1.4422,-9.6585,-9.9714,-9.6873,-9.8740,0.3151
6.8520,clay,0.566,0.400,0.6653,4.5359,0.1241,0.1044,-0.0770,0.9428,-9.6560,-9.9729,-9.5850,-9.9907,0.3207
6.8640,clay,0.566,0.400,0.6768,4.5387,0.1047,0.1109,0.1287,1.4152,-9.7090,-9.9377,-9.5938,-10.0080,0.3258
6.8760,clay,0.566,0.400,0.6875,4.5602,0.1659,0.1157,-0.3243,1.4472,-9.7311,-9.9473,-9.6251,-9.9394,0.3308
6.8880,clay,0.566,0.400,0.6973,4.4842,0.1627,0.1216,-0.0365,1.2039,-9.7061,-9.9670,-9.6292,-9.9454,0.3356
6.9000,clay,0.566,0.400,0.7064,4.4725,0.2526,0.1226,-0.2641,0.8711,-9.6793,-9.9712,-9.6158,-10.0248,0.3406
6.9120,clay,0.566,0.400,0.7146,4.4364,0.1793,0.1336,-0.1093,1.4042,-9.6958,-9.9170,-9.6617,-9.9806,0.3447
6.9240,clay,0.566,0.400,0.7220,4.5444,0.1076,0.1382,0.1731,0.5394,-9.6663,-9.9508,-9.5824,-10.0126,0.3483
6.9360,clay,0.566,0.400,0.7285,4.4980,0.0471,0.1415,-0.2221,1.8099,-9.6617,-9.9061,-9.5627,-10.0506,0.3514
6.9480,clay,0.566,0.400,0.7342,4.5640,0.1990,0.1560,-0.0705,1.8038,-9.7112,-9.9206,-9.5996,-10.0352,0.3540
6.9600,clay,0.566,0.400,0.7390,4.6007,0.1175,0.1584,-0.1707,0.8482,-9.6694,-9.9114,-9.5626,-10.0265,0.3565
6.9720,clay,0.566,0.400,0.7430,4.5860,0.1767,0.1671,-0.1289,0.9759,-9.6680,-9.9457,-9.5250,-10.0817,0.3590
6.9840,clay,0.566,0.400,0.7460,4.6114,0.1943,0.1757,-0.0814,1.2731,-9.6698,-9.9228,-9.5176,-10.1500,0.3608
6.9960,clay,0.566,0.400,0.7482,4.4039,0.2184,0.1777,0.1130,1.0527,-9.6508,-9.9235,-9.5010,-10.0952,0.3619
7.0080,clay,0.566,0.400,0.7496,4.5452,0.2186,0.1902,-0.1381,1.6363,-9.6170,-9.9325,-9.5372,-10.0932,0.3625
7.0200,clay,0.566,0.400,0.7500,4.4775,0.1105,0.1945,-0.3201,1.1996,-9.6504,-9.8973,-9.5129,-10.1820,0.3629
7.0320,clay,0.566,0.400,0.7496,4.5439,0.2004,0.1986,-0.4057,1.4173,-9.6211,-9.9406,-9.5400,-10.1515,0.3629
7.0440,clay,0.566,0.400,0.7482,4.4293,0.2849,0.2044,-0.2832,1.3102,-9.6022,-9.9599,-9.4648,-10.1805,0.3626
7.0560,clay,0.566,0.400,0.7460,4.5082,0.3145,0.2091,-0.0924,1.7143,-9.6561,-9.9492,-9.5107,-10.2173,0.3619
7.0680,clay,0.566,0.400,0.7430,4.5333,0.1840,0.2120,0.0037,1.7235,-9.6337,-9.9546,-9.5783,-10.2209,0.3609
7.0800,clay,0.566,0.400,0.7390,4.4850,0.2883,0.2175,-0.2573,1.4429,-9.6310,-9.9264,-9.6312,-10.2065,0.3591
7.0920,clay,0.566,0.400,0.7342,4.5570,0.2566,0.2190,0.1076,1.1855,-9.6197,-9.9141,-9.5933,-10.2423,0.3571
7.1040,clay,0.566,0.400,0.7285,4.5192,0.2559,0.2251,-0.1734,1.7027,-9.6159,-9.9259,-9.6441,-10.2301,0.3550
7.1160,clay,0.566,0.400,0.7220,4.5439,0.1501,0.2306,-0.1017,1.3645,-9.5939,-9.9714,-9.6195,-10.2953,0.3521
7.1280,clay,0.566,0.400,0.7146,4.5458,0.2538,0.2370,-0.0115,0.9323,-9.6063,-9.9430,-9.5818,-10.2382,0.3490
7.1400,clay,0.566,0.400,0.7064,4.6381,0.3497,0.2412,0.0910,2.0211,-9.6165,-9.9487,-9.5617,-10.2904,0.3452
7.1520,clay,0.566,0.400,0.6973,4.5431,0.2376,0.2414,-0.1378,1.6084,-9.6264,-9.9609,-9.5253,-10.2948,0.3415
7.1640,clay,0.566,0.400,0.6875,4.4654,0.2470,0.2444,-0.0713,0.9789,-9.6531,-10.0021,-9.4644,-10.3367,0.3377
7.1760,clay,0.566,0.400,0.6768,4.5542,0.2565,0.2467,-0.0265,1.6868,-9.6777,-9.9767,-9.4859,-10.3118,0.3328
7.1880,clay,0.566,0.400,0.6653,4.5025,0.3050,0.2502,0.0693,2.0024,-9.6632,-10.0145,-9.4312,-10.2760,0.3270
7.2000,clay,0.566,0.400,0.6531,4.4813,0.3328,0.2540,-0.1622,1.6420,-9.7195,-9.9672,-9.3989,-10.3635,0.3216
7.2120,clay,0.566,0.400,0.6400,4.5356,0.3079,0.2492,0.0232,1.5115,-9.7051,-10.0674,-9.5487,-10.2556,0.3169
7.2240,clay,0.566,0.400,0.6263,4.4881,0.3116,0.2492,-0.0544,1.5980,-9.7299,-10.0023,-9.4925,-10.2824,0.3108
7.2360,clay,0.566,0.400,0.6118,4.5724,0.3117,0.2474,0.1139,1.2848,-9.7541,-10.0172,-9.4717,-10.3207,0.3034
7.2480,clay,0.566,0.400,0.5965,4.5079,0.4493,0.2506,0.2683,1.3926,-9.7545,-9.9807,-9.4796,-10.2694,0.2955
7.2600,clay,0.566,0.400,0.5806,4.4569,0.3087,0.2523,0.2391,1.8776,-9.7674,-10.0269,-9.4346,-10.2656,0.2891
7.2720,clay,0.566,0.400,0.5640,4.4139,0.3514,0.2521,-0.0633,1.4037,-9.7669,-10.0679,-9.2614,-10.3974,0.2823
7.2840,clay,0.566,0.400,0.5467,4.4747,0.3175,0.2554,-0.1312,1.8390,-9.8015,-10.0565,-9.2732,-10.2830,0.2737
7.2960,clay,0.566,0.400,0.5288,4.4477,0.2398,0.2538,0.3523,0.5733,-9.7993,-10.1096,-9.2071,-10.2700,0.2650
7.3080,clay,0.566,0.400,0.5103,4.4511,0.2708,0.2525,-0.0689,1.3408,-9.8793,-10.0476,-9.2515,-10.3003,0.2551
7.3200,clay,0.566,0.400,0.4911,4.4645,0.2965,0.2505,-0.1453,1.7065,-9.8605,-10.1346,-9.3491,-10.2634,0.2467
7.3320,clay,0.566,0.400,0.4714,4.4962,0.2637,0.2518,-0.4155,1.4257,-9.9151,-10.0205,-9.3008,-10.2391,0.2389
7.3440,clay,0.566,0.400,0.4512,4.4923,0.3020,0.2528,-1.9622,1.0597,-9.7650,-10.0891,-9.4039,-10.2093,0.2338
7.3560,clay,0.566,0.400,0.4304,4.5120,0.2751,0.2559,0.1313,0.6643,-9.8931,-10.0111,-9.4294,-10.2353,0.2174
7.3680,clay,0.566,0.400,0.4091,4.4899,0.3393,0.2542,0.0514,0.8312,-9.9112,-10.0084,-9.4058,-10.2751,0.2045
7.3800,clay,0.566,0.400,0.3873,4.5140,0.2681,0.2483,-0.3602,0.8810,-9.7853,-10.0793,-9.3359,-10.2498,0.1968
7.3920,clay,0.566,0.400,0.3651,4.5407,0.3668,0.2506,-1.1161,1.0617,-9.7756,-10.1127,-9.3130,-10.3417,0.1876
7.4040,clay,0.566,0.400,0.3424,4.5310,0.4013,0.2459,-0.0780,1.4881,-9.8115,-10.1115,-9.3147,-10.2385,0.1769
7.4160,clay,0.566,0.400,0.3193,4.5227,0.3377,0.2413,0.1043,1.0352,-9.8667,-10.0798,-9.3438,-10.2481,0.1659
7.4280,clay,0.566,0.400,0.2959,4.4567,0.3251,0.2367,0.1688,1.0810,-9.8850,-10.0501,-9.3278,-10.2628,0.1540
7.4400,clay,0.566,0.400,0.2721,4.5412,0.2389,0.2311,0.2383,1.1720,-9.9065,-10.0247,-9.3928,-10.2337,0.1423
7.4520,clay,0.566,0.400,0.2480,4.5880,0.2612,0.2307,0.2191,0.9291,-9.9253,-10.0161,-9.4128,-10.2109,0.1301
7.4640,clay,0.566,0.400,0.2236,4.4003,0.2554,0.2271,0.0262,0.8023,-9.9595,-10.0100,-9.3515,-10.2321,0.1180
7.4760,clay,0.566,0.400,0.1989,4.4894,0.3258,0.2180,0.5714,0.3247,-9.9202,-10.0642,-9.3470,-10.2190,0.1083
7.4880,clay,0.566,0.400,0.1740,4.6466,0.2932,0.2089,-0.2887,0.2361,-9.9493,-9.9687,-9.3273,-10.1658,0.0947
7.5000,clay,0.566,0.400,0.1489,4.5017,0.3671,0.2015,-0.0035,0.0767,-9.9300,-10.0294,-9.3525,-10.1877,0.0837
7.5120,clay,0.566,0.400,0.1237,4.5655,0.2532,0.2014,-0.3056,0.2989,-9.9864,-10.0107,-9.4187,-10.2024,0.0692
7.5240,clay,0.566,0.400,0.0982,4.4750,0.2945,0.1950,0.3412,0.3586,-9.9766,-10.0250,-9.4283,-10.1662,0.0540
7.5360,clay,0.566,0.400,0.0727,4.5723,0.2716,0.1916,0.1580,0.0004,-9.9409,-10.0334,-9.5148,-10.1776,0.0420
7.5480,clay,0.566,0.400,0.0471,4.5597,0.2565,0.1734,-0.1367,0.1971,-9.8683,-10.1220,-9.4192,-10.2333,0.0325
7.5600,clay,0.566,0.400,0.0214,4.5138,0.2569,0.1705,0.1458,-0.0131,-9.8808,-10.1234,-9.3970,-10.1109,0.0210
7.5720,clay,0.566,0.400,-0.0043,4.5640,0.2185,0.1644,-1.3765,-0.7025,-10.0248,-10.0577,-9.4842,-10.1277,0.0042
7.5840,clay,0.566,0.400,-0.0300,4.5286,0.3011,0.1582,0.0000,0.4309,-9.9152,-10.0625,-9.4816,-10.1279,-0.0092
7.5960,clay,0.566,0.400,-0.0556,4.5519,0.2017,0.1471,0.3258,-0.1570,-9.8793,-10.0789,-9.4919,-10.0736,-0.0196
7.6080,clay,0.566,0.400,-0.0812,4.5802,0.1150,0.1369,0.1172,-0.1117,-9.8967,-10.1002,-9.5841,-10.0774,-0.0306
7.6200,clay,0.566,0.400,-0.1067,4.6295,0.1999,0.1335,0.1840,-0.8523,-9.8610,-10.1105,-9.4846,-10.0917,-0.0434
7.6320,clay,0.566,0.400,-0.1321,4.5405,0.1940,0.1246,0.2299,-0.2659,-9.9079,-10.0510,-9.4649,-10.0525,-0.0575
7.6440,clay,0.566,0.400,-0.1573,4.5674,0.1471,0.1192,-0.2099,-0.2098,-9.8561,-10.0489,-9.5930,-10.0576,-0.0699
7.6560,clay,0.566,0.400,-0.1824,4.5816,0.1931,0.1129,0.6061,-0.9349,-9.8336,-10.0442,-9.6195,-10.0738,-0.0835
7.6680,clay,0.566,0.400,-0.2072,4.6689,0.1645,0.0948,-0.1900,-0.7654,-9.8503,-10.0280,-9.6128,-10.0313,-0.0941
7.6800,clay,0.566,0.400,-0.2318,4.5713,0.0799,0.0914,0.1217,-0.6033,-9.8758,-10.0221,-9.6521,-10.0070,-0.1064
7.6920,clay,0.566,0.400,-0.2561,4.5053,0.0164,0.0850,0.0413,-0.2719,-9.8413,-10.0235,-9.5641,-10.0602,-0.1184
7.7040,clay,0.566,0.400,-0.2801,4.5299,0.1129,0.0776,-0.1711,-0.4429,-9.7475,-10.0331,-9.5533,-10.0329,-0.1296
7.7160,clay,0.566,0.400,-0.3037,4.4638,0.0731,0.0734,0.0324,-0.9874,-9.7978,-10.0460,-9.6362,-9.9710,-0.1409
7.7280,clay,0.566,0.400,-0.3271,4.5356,0.1688,0.0574,0.0264,-0.4559,-9.8318,-10.0177,-9.6564,-9.9829,-0.1552
7.7400,clay,0.566,0.400,-0.3500,4.5021,0.1121,0.0518,-0.3168,-0.3266,-9.8435,-10.0176,-9.7401,-9.9218,-0.1659
7.7520,clay,0.566,0.400,-0.3725,4.5229,0.0683,0.0421,-0.1206,-0.5123,-9.8061,-10.0638,-9.7726,-9.8876,-0.1755
7.7640,clay,0.566,0.400,-0.3946,4.4277,0.0866,0.0343,0.1745,-0.7560,-9.6958,-9.9908,-9.6598,-9.9907,-0.1859
7.7760,clay,0.566,0.400,-0.4162,4.5315,0.0535,0.0283,0.2056,-1.3517,-9.7290,-9.9980,-9.6702,-9.9843,-0.1975
7.7880,clay,0.566,0.400,-0.4374,4.6247,0.0172,0.0169,-0.1266,-0.6554,-9.7881,-9.9956,-9.7254,-9.9433,-0.2082
7.8000,clay,0.566,0.400,-0.4580,4.5181,0.0287,0.0045,-0.1128,-1.1009,-9.7603,-9.9668,-9.7717,-9.9387,-0.2171
7.8120,clay,0.566,0.400,-0.4781,4.5705,0.0408,0.0001,0.0974,-1.0918,-9.7347,-9.9983,-9.8334,-9.8721,-0.2255
7.8240,clay,0.566,0.400,-0.4976,4.5135,0.0096,-0.0006,-0.0956,-0.3553,-9.8086,-9.8850,-9.7177,-10.0053,-0.2397
7.8360,clay,0.566,0.400,-0.5165,4.5654,-0.0377,-0.0096,0.2359,-1.1285,-9.7064,-9.8688,-9.6945,-9.9180,-0.2501
7.8480,clay,0.566,0.400,-0.5349,4.5723,-0.0977,-0.0299,-0.0568,-1.3622,-9.6662,-9.9793,-9.7686,-9.9221,-0.2558
7.8600,clay,0.566,0.400,-0.5526,4.5353,-0.0176,-0.0318,-0.2234,-0.5883,-9.7403,-9.9090,-9.8638,-9.8767,-0.2629
7.8720,clay,0.566,0.400,-0.5696,4.5577,-0.0485,-0.0367,-0.1307,-0.1031,-9.7062,-9.8888,-9.8553,-9.8957,-0.2721
7.8840,clay,0.566,0.400,-0.5860,4.5892,-0.0358,-0.0451,-0.0826,-0.9337,-9.6950,-9.9195,-9.8741,-9.8400,-0.2814
7.8960,clay,0.566,0.400,-0.6017,4.4700,-0.0486,-0.0571,0.0838,-0.9524,-9.7531,-9.8507,-9.8051,-9.8847,-0.2883
7.9080,clay,0.566,0.400,-0.6167,4.5898,-0.1173,-0.0665,-0.2789,-0.9373,-9.7106,-9.7740,-9.8337,-9.9220,-0.2974
7.9200,clay,0.566,0.400,-0.6309,4.5477,-0.1061,-0.0698,-0.2545,-1.1309,-9.6676,-9.8329,-9.8895,-9.8617,-0.3038
7.9320,clay,0.566,0.400,-0.6445,4.5164,-0.0282,-0.0776,-0.2582,-0.8561,-9.7376,-9.7904,-9.9649,-9.8755,-0.3101
7.9440,clay,0.566,0.400,-0.6572,4.5413,-0.0873,-0.0885,0.0679,-1.2898,-9.7144,-9.8241,-9.9121,-9.8055,-0.3161
7.9560,clay,0.566,0.400,-0.6692,4.5480,-0.0998,-0.0932,-0.0494,-1.6245,-9.7424,-9.8064,-9.9136,-9.8542,-0.3220
7.9680,clay,0.566,0.400,-0.6804,4.4572,-0.1763,-0.1013,-0.1421,-1.1342,-9.7633,-9.8430,-9.8982,-9.7619,-0.3281
7.9800,clay,0.566,0.400,-0.6908,4.5047,-0.0449,-0.1049,-0.4501,-1.0750,-9.8090,-9.8590,-9.9569,-9.7334,-0.3338
7.9920,clay,0.566,0.400,-0.7004,4.4618,-0.1051,-0.1108,-0.1408,-0.8785,-9.7823,-9.7431,-10.0049,-9.6948,-0.3382
8.0040,clay,0.566,0.400,-0.7092,4.4162,-0.1331,-0.1171,-0.2418,-1.1529,-9.6899,-9.8346,-9.9828,-9.7268,-0.3419
8.0160,clay,0.566,0.400,-0.7172,4.5311,-0.1184,-0.1271,-0.1638,-1.0092,-9.7060,-9.8902,-9.9820,-9.7366,-0.3456
8.0280,clay,0.566,0.400,-0.7243,4.5905,-0.1589,-0.1344,-0.4915,-1.8412,-9.7380,-9.8343,-9.9737,-9.6688,-0.3496
8.0400,clay,0.566,0.400,-0.7305,4.4023,-0.1855,-0.1376,-0.3148,-1.0896,-9.8030,-9.8145,-9.9737,-9.7120,-0.3531
8.0520,clay,0.566,0.400,-0.7359,4.5533,-0.1458,-0.1416,-0.2644,-1.2122,-9.7763,-9.8463,-10.0006,-9.7118,-0.3554
8.0640,clay,0.566,0.400,-0.7404,4.4323,-0.2082,-0.1460,-0.0269,-1.0425,-9.7640,-9.8449,-10.0133,-9.6819,-0.3579
8.0760,clay,0.566,0.400,-0.7441,4.5691,-0.1272,-0.1509,-0.1105,-1.1570,-9.7942,-9.8842,-10.0399,-9.6062,-0.3603
8.0880,clay,0.566,0.400,-0.7469,4.5018,-0.1111,-0.1593,-0.2579,-1.4326,-9.7989,-9.8435,-9.9802,-9.5473,-0.3621
8.1000,clay,0.566,0.400,-0.7488,4.5791,-0.1888,-0.1661,-0.4085,-1.4678,-9.7545,-9.7771,-10.0692,-9.6384,-0.3628
8.1120,clay,0.566,0.400,-0.7498,4.4603,-0.1947,-0.1706,-0.3622,-1.4243,-9.6587,-9.8198,-10.0872,-9.7394,-0.3633
8.1240,clay,0.566,0.400,-0.7500,4.4581,-0.2577,-0.1748,0.1480,-1.2877,-9.6186,-9.8508,-10.1350,-9.6541,-0.3635
8.1360,clay,0.566,0.400,-0.7492,4.4558,-0.2246,-0.1823,-0.2059,-1.1706,-9.6977,-9.8166,-10.1155,-9.7015,-0.3634
8.1480,clay,0.566,0.400,-0.7476,4.4832,-0.2544,-0.1868,-0.0968,-0.9823,-9.7200,-9.8526,-10.1201,-9.6092,-0.3631
8.1600,clay,0.566,0.400,-0.7451,4.4374,-0.3123,-0.1892,-0.1396,-1.5510,-9.7705,-9.8442,-10.0925,-9.5700,-0.3623
8.1720,clay,0.566,0.400,-0.7417,4.4834,-0.2425,-0.1955,-0.0931,-1.0582,-9.8044,-9.8389,-10.0965,-9.5905,-0.3611
8.1840,clay,0.566,0.400,-0.7375,4.5199,-0.2426,-0.1975,-0.1830,-0.9395,-9.7750,-9.8908,-10.1869,-9.6129,-0.3597
8.1960,clay,0.566,0.400,-0.7324,4.5482,-0.2085,-0.2023,-0.1664,-1.0198,-9.7941,-9.8603,-10.1994,-9.6988,-0.3577
8.2080,clay,0.566,0.400,-0.7264,4.4713,-0.1792,-0.2115,-0.1236,-1.4008,-9.8094,-9.8126,-10.1293,-9.7785,-0.3549
8.2200,clay,0.566,0.400,-0.7196,4.4919,-0.1614,-0.2199,-0.0611,-1.0591,-9.7876,-9.8376,-10.1595,-9.6399,-0.3518
8.2320,clay,0.566,0.400,-0.7120,4.4182,-0.2718,-0.2224,-0.0654,-1.9924,-9.7889,-9.7935,-10.1485,-9.5618,-0.3487
8.2440,clay,0.566,0.400,-0.7035,4.5273,-0.3319,-0.2233,0.1944,-1.3728,-9.7585,-9.7680,-10.1799,-9.5672,-0.3446
8.2560,clay,0.566,0.400,-0.6941,4.5188,-0.3165,-0.2264,-0.4332,-1.3425,-9.6992,-9.7992,-10.2160,-9.6838,-0.3402
8.2680,clay,0.566,0.400,-0.6840,4.4713,-0.2907,-0.2323,-0.0217,-0.7671,-9.6748,-9.7429,-10.2840,-9.7448,-0.3360
8.2800,clay,0.566,0.400,-0.6730,4.4409,-0.2953,-0.2353,0.0535,-1.3557,-9.7014,-9.7358,-10.2230,-9.6944,-0.3311
8.2920,clay,0.566,0.400,-0.6613,4.5239,-0.3279,-0.2386,-0.0065,-0.9992,-9.7875,-9.7249,-10.2234,-9.6274,-0.3260
8.3040,clay,0.566,0.400,-0.6488,4.6288,-0.2695,-0.2381,-0.3587,-1.9772,-9.8151,-9.7529,-10.2556,-9.5027,-0.3211
8.3160,clay,0.566,0.400,-0.6355,4.5354,-0.3754,-0.2372,-0.3212,-2.1793,-9.8357,-9.8557,-10.2404,-9.4850,-0.3149
8.3280,clay,0.566,0.400,-0.6215,4.3914,-0.1862,-0.2387,0.2208,-1.9278,-9.8624,-9.9112,-10.2393,-9.4436,-0.3075
8.3400,clay,0.566,0.400,-0.6068,4.4963,-0.3126,-0.2405,0.4067,-0.9602,-9.8458,-9.9712,-10.2351,-9.4558,-0.3007
8.3520,clay,0.566,0.400,-0.5913,4.5543,-0.2936,-0.2396,0.0332,-1.1858,-9.8447,-9.9994,-10.2613,-9.4551,-0.2938
8.3640,clay,0.566,0.400,-0.5751,4.4990,-0.3204,-0.2383,-0.2374,-1.5759,-9.8629,-10.0270,-10.2309,-9.4219,-0.2871
8.3760,clay,0.566,0.400,-0.5583,4.5507,-0.3418,-0.2338,-0.0824,-1.0551,-9.8948,-10.0089,-10.1881,-9.3709,-0.2791
8.3880,clay,0.566,0.400,-0.5408,4.5310,-0.3430,-0.2347,0.1168,-1.3667,-9.8743,-10.0245,-10.2391,-9.3147,-0.2712
8.4000,clay,0.566,0.400,-0.5227,4.6148,-0.3699,-0.2366,0.0170,-1.8798,-9.8775,-10.0546,-10.2428,-9.3648,-0.2630
8.4120,clay,0.566,0.400,-0.5040,4.5119,-0.3792,-0.2322,0.2799,-1.1592,-9.8768,-10.0053,-10.1250,-9.4465,-0.2530
8.4240,clay,0.566,0.400,-0.4846,4.4111,-0.1531,-0.2366,0.1399,-1.7646,-9.8427,-9.9896,-10.2819,-9.4396,-0.2438
8.4360,clay,0.566,0.400,-0.4647,4.6264,-0.3509,-0.2345,-0.0304,-1.0421,-9.8646,-10.0232,-10.2044,-9.3572,-0.2357
8.4480,clay,0.566,0.400,-0.4443,4.5465,-0.2912,-0.2337,0.0170,-1.3325,-9.8686,-10.0089,-10.1560,-9.3708,-0.2233
8.4600,clay,0.566,0.400,-0.4233,4.5323,-0.3280,-0.2351,0.2898,-0.8422,-9.8889,-10.0067,-10.2473,-9.3206,-0.2154
8.4720,clay,0.566,0.400,-0.4019,4.5125,-0.3466,-0.2330,-0.0312,-1.2623,-9.9318,-9.9818,-10.2170,-9.3677,-0.2082
8.4840,clay,0.566,0.400,-0.3799,4.4523,-0.2377,-0.2341,0.0677,-0.6612,-9.9467,-9.9560,-10.2051,-9.3911,-0.1952
8.4960,clay,0.566,0.400,-0.3576,4.4622,-0.3377,-0.2321,-0.1920,-1.7109,-9.9026,-9.9611,-10.2123,-9.4273,-0.1817
8.5080,clay,0.566,0.400,-0.3348,4.5614,-0.3045,-0.2272,-0.0768,-1.0964,-9.8872,-10.0021,-10.2838,-9.3207,-0.1704
8.5200,clay,0.566,0.400,-0.3116,4.4845,-0.3053,-0.2238,-0.0181,-1.3856,-9.9382,-9.9524,-10.1811,-9.3801,-0.1600
8.5320,clay,0.566,0.400,-0.2880,4.4086,-0.3535,-0.2211,0.2739,-0.4842,-10.0137,-9.9254,-10.1402,-9.4262,-0.1499
8.5440,clay,0.566,0.400,-0.2641,4.4867,-0.3874,-0.2182,-0.1268,-1.2979,-9.9347,-9.9973,-10.2350,-9.4500,-0.1386
8.5560,clay,0.566,0.400,-0.2399,4.4889,-0.3009,-0.2178,0.0862,-0.7035,-9.8351,-10.0554,-10.1666,-9.4529,-0.1259
8.5680,clay,0.566,0.400,-0.2154,4.4702,-0.3245,-0.2085,-0.0346,-0.3975,-9.8707,-10.0461,-10.1972,-9.4194,-0.1131
8.5800,clay,0.566,0.400,-0.1907,4.4683,-0.2852,-0.2043,0.2402,-0.5782,-9.8029,-10.0894,-10.2037,-9.4030,-0.1007
8.5920,clay,0.566,0.400,-0.1657,4.5457,-0.2507,-0.1973,-0.0064,-0.7809,-9.8506,-10.1032,-10.2093,-9.3707,-0.0881
8.6040,clay,0.566,0.400,-0.1405,4.4331,-0.2721,-0.1918,-0.0732,-0.4403,-9.8850,-10.0542,-10.1213,-9.5336,-0.0767
8.6160,clay,0.566,0.400,-0.1152,4.4854,-0.2716,-0.1885,-0.2331,0.3562,-9.8954,-10.0329,-10.1923,-9.4851,-0.0631
8.6280,clay,0.566,0.400,-0.0897,4.5422,-0.3146,-0.1743,0.1432,0.0446,-9.9149,-10.0798,-10.1124,-9.4941,-0.0483
8.6400,clay,0.566,0.400,-0.0642,4.5466,-0.3899,-0.1641,0.4256,-0.5629,-9.9916,-10.0118,-10.0941,-9.5559,-0.0381
8.6520,clay,0.566,0.400,-0.0385,4.5970,-0.3147,-0.1573,0.1718,0.1770,-10.0473,-9.9642,-10.1238,-9.4950,-0.0267
8.6640,clay,0.566,0.400,-0.0129,4.5287,-0.2275,-0.1536,0.2198,-0.4313,-10.0972,-10.0179,-10.0920,-9.4023,-0.0145
8.6760,clay,0.566,0.400,0.0129,4.5078,-0.1875,-0.1499,0.3077,0.2627,-10.0845,-10.0613,-10.0177,-9.5279,0.0015
8.6880,clay,0.566,0.400,0.0385,4.5820,-0.2068,-0.1358,-0.0837,0.4673,-10.1111,-10.0286,-10.0873,-9.4857,0.0129
8.7000,clay,0.566,0.400,0.0642,4.5299,-0.1664,-0.1335,0.2821,-0.0243,-10.1537,-10.0012,-10.0810,-9.4792,0.0242
8.7120,clay,0.566,0.400,0.0897,4.5365,-0.3068,-0.1233,0.1443,-0.0573,-10.1518,-9.9701,-10.0224,-9.5854,0.0368
8.7240,clay,0.566,0.400,0.1152,4.4834,-0.1840,-0.1179,-0.0454,0.9724,-10.1196,-9.9521,-10.0570,-9.5864,0.0489
8.7360,clay,0.566,0.400,0.1405,4.5586,-0.1193,-0.1142,-0.0783,0.4697,-10.1033,-9.9609,-9.9922,-9.5434,0.0618
8.7480,clay,0.566,0.400,0.1657,4.5406,-0.1769,-0.1041,0.2205,0.4314,-10.1001,-9.9519,-9.9883,-9.6003,0.0746
8.7600,clay,0.566,0.400,0.1907,4.6332,-0.0917,-0.0999,-0.0518,0.7280,-10.0284,-10.0018,-10.0662,-9.5700,0.0867
8.7720,clay,0.566,0.400,0.2154,4.5841,-0.1393,-0.0922,-0.1791,0.3698,-9.9565,-9.9967,-9.9781,-9.6186,0.0991
8.7840,clay,0.566,0.400,0.2399,4.4931,-0.1294,-0.0879,0.1431,0.3528,-9.9937,-9.9824,-9.9638,-9.6645,0.1088
8.7960,clay,0.566,0.400,0.2641,4.4929,-0.0675,-0.0793,0.1130,0.6592,-9.8808,-10.0105,-9.9844,-9.6401,0.1213
8.8080,clay,0.566,0.400,0.2880,4.4590,-0.0760,-0.0676,-0.1488,0.3206,-9.7999,-10.0647,-10.0399,-9.6349,0.1348
8.8200,clay,0.566,0.400,0.3116,4.6052,-0.0535,-0.0624,0.2683,0.6895,-9.7581,-10.0893,-9.9481,-9.7317,0.1475
8.8320,clay,0.566,0.400,0.3348,4.4823,-0.0232,-0.0514,0.1175,0.8158,-9.7376,-10.0758,-9.9335,-9.7070,0.1589
8.8440,clay,0.566,0.400,0.3576,4.5711,-0.0535,-0.0429,-0.0300,0.8968,-9.7558,-10.0927,-9.9739,-9.7542,0.1694
8.8560,clay,0.566,0.400,0.3799,4.5340,-0.0809,-0.0372,0.1457,0.3996,-9.7578,-10.0272,-9.8651,-9.7795,0.1807
8.8680,clay,0.566,0.400,0.4019,4.5546,-0.0534,-0.0230,0.0303,0.9052,-9.7326,-10.0324,-9.9437,-9.7357,0.1935
8.8800,clay,0.566,0.400,0.4233,4.6606,0.0434,-0.0143,0.0247,1.2695,-9.7708,-9.9782,-9.9536,-9.7780,0.2034
8.8920,clay,0.566,0.400,0.4443,4.4713,0.0373,-0.0069,-0.0060,1.3831,-9.7713,-9.9578,-9.9020,-9.8197,0.2125
8.9040,clay,0.566,0.400,0.4647,4.4663,-0.0392,-0.0013,0.1728,0.9843,-9.7492,-9.9428,-9.8710,-9.8572,0.2235
8.9160,clay,0.566,0.400,0.4846,4.6450,0.0013,0.0077,-0.0973,0.8443,-9.7797,-9.9187,-9.8919,-9.8555,0.2321
8.9280,clay,0.566,0.400,0.5040,4.5200,-0.0150,0.0223,-0.1949,0.5322,-9.7576,-9.8842,-9.8099,-9.8382,0.2419
8.9400,clay,0.566,0.400,0.5227,4.5907,0.0753,0.0294,0.0672,1.3695,-9.7285,-9.9055,-9.7986,-9.8625,0.2512
8.9520,clay,0.566,0.400,0.5408,4.4919,0.0095,0.0396,-0.0530,1.0978,-9.7548,-9.9311,-9.8086,-9.8263,0.2598
8.9640,clay,0.566,0.400,0.5583,4.5475,0.0139,0.0461,0.0824,0.8443,-9.7717,-9.9230,-9.7656,-9.9043,0.2684
8.9760,clay,0.566,0.400,0.5751,4.4660,0.0386,0.0530,-0.2210,0.4394,-9.7559,-9.9320,-9.7547,-9.9153,0.2766
8.9880,clay,0.566,0.400,0.5913,4.4983,0.0613,0.0651,0.0393,1.3502,-9.7146,-9.9592,-9.7523,-9.8957,0.2831
9.0000,clay,0.566,0.400,0.6068,4.5746,0.1109,0.0722,-0.0344,1.3114,-9.7026,-9.9566,-9.7105,-9.9418,0.2900
9.0120,clay,0.566,0.400,0.6215,4.5220,0.1188,0.0805,0.5909,0.9582,-9.6722,-9.9686,-9.6520,-10.0270,0.2980
9.0240,clay,0.566,0.400,0.6355,4.6363,0.1118,0.0866,-0.1415,1.8171,-9.7098,-9.9429,-9.7791,-9.9222,0.3058
9.0360,clay,0.566,0.400,0.6488,4.5622,0.1288,0.0905,-0.7723,1.3930,-9.6967,-9.9377,-9.8084,-9.9287,0.3110
9.0480,clay,0.566,0.400,0.6613,4.4372,0.1177,0.1044,-0.1847,0.7379,-9.6862,-9.8964,-9.7837,-10.0081,0.3179
9.0600,clay,0.566,0.400,0.6730,4.5692,0.1062,0.1083,-0.6150,1.6426,-9.7055,-9.8779,-9.7639,-9.9658,0.3241
9.0720,clay,0.566,0.400,0.6840,4.5389,0.0937,0.1124,0.0566,1.4741,-9.6964,-9.8942,-9.7526,-9.9724,0.3293
9.0840,clay,0.566,0.400,0.6941,4.5328,0.2469,0.1142,-0.0651,1.0990,-9.6789,-9.9087,-9.7259,-10.0340,0.3346
9.0960,clay,0.566,0.400,0.7035,4.5222,0.2520,0.1260,-0.0270,1.2692,-9.6367,-9.9334,-9.7368,-9.9848,0.3390
9.1080,clay,0.566,0.400,0.7120,4.6101,0.2280,0.1385,0.0121,1.5064,-9.6287,-9.9380,-9.6763,-9.9773,0.3427
9.1200,clay,0.566,0.400,0.7196,4.5766,0.1997,0.1446,-0.1294,0.7348,-9.6211,-9.9315,-9.6409,-10.0236,0.3462
9.1320,clay,0.566,0.400,0.7264,4.5561,0.1173,0.1512,-0.4206,1.9517,-9.6208,-9.9183,-9.6392,-10.0841,0.3498
9.1440,clay,0.566,0.400,0.7324,4.5389,0.1780,0.1538,0.0081,0.1570,-9.6165,-9.9489,-9.5901,-10.0440,0.3532
9.1560,clay,0.566,0.400,0.7375,4.5590,0.2067,0.1601,-0.2822,1.7681,-9.6073,-9.9349,-9.6000,-10.0614,0.3561
9.1680,clay,0.566,0.400,0.7417,4.5128,0.2093,0.1677,0.0066,0.8033,-9.5870,-9.9952,-9.5706,-10.1396,0.3584
9.1800,clay,0.566,0.400,0.7451,4.4671,0.2284,0.1741,-0.2641,1.6113,-9.5684,-9.9880,-9.5591,-10.1055,0.3602
9.1920,clay,0.566,0.400,0.7476,4.4423,0.1954,0.1758,-0.0137,1.3445,-9.5952,-10.0050,-9.6072,-10.0948,0.3615
9.2040,clay,0.566,0.400,0.7492,4.4591,0.3175,0.1793,-0.1224,1.7333,-9.5839,-9.9490,-9.6541,-10.1785,0.3626
9.2160,clay,0.566,0.400,0.7500,4.5136,0.1818,0.1864,-0.1523,1.5564,-9.5806,-9.9909,-9.6868,-10.1357,0.3631
9.2280,clay,0.566,0.400,0.7498,4.5030,0.2353,0.1935,-0.1126,1.1450,-9.5745,-9.9573,-9.6580,-10.1736,0.3634
9.2400,clay,0.566,0.400,0.7488,4.4684,0.3170,0.1973,0.1020,0.7684,-9.5908,-9.9871,-9.6020,-10.2068,0.3633
9.2520,clay,0.566,0.400,0.7469,4.5573,0.1934,0.2044,-0.0656,1.1065,-9.5399,-10.0062,-9.5725,-10.2119,0.3626
9.2640,clay,0.566,0.400,0.7441,4.5426,0.2359,0.2086,0.0568,1.4138,-9.5718,-10.0192,-9.5288,-10.2568,0.3615
9.2760,clay,0.566,0.400,0.7404,4.4505,0.1680,0.2139,0.0199,1.3332,-9.6007,-9.9867,-9.4775,-10.2733,0.3599
9.2880,clay,0.566,0.400,0.7359,4.5146,0.3285,0.2221,0.0728,1.4098,-9.5807,-10.0752,-9.4310,-10.2627,0.3582
9.3000,clay,0.566,0.400,0.7305,4.4998,0.2360,0.2263,-0.2286,1.9588,-9.6608,-10.0122,-9.4878,-10.2614,0.3558
9.3120,clay,0.566,0.400,0.7243,4.4851,0.1635,0.2290,-0.2583,0.8815,-9.6097,-10.0688,-9.3995,-10.2690,0.3535
9.3240,clay,0.566,0.400,0.7172,4.5192,0.3249,0.2314,-0.1709,1.7509,-9.6833,-10.0301,-9.3544,-10.3601,0.3508
9.3360,clay,0.566,0.400,0.7092,4.5377,0.3373,0.2360,-0.1875,1.3726,-9.6888,-10.0471,-9.4921,-10.2538,0.3467
9.3480,clay,0.566,0.400,0.7004,4.4336,0.2961,0.2447,-0.0827,2.2469,-9.6986,-10.0038,-9.4857,-10.2858,0.3425
9.3600,clay,0.566,0.400,0.6908,4.5025,0.2659,0.2452,0.2393,1.2574,-9.7407,-10.0216,-9.5085,-10.2479,0.3382
9.3720,clay,0.566,0.400,0.6804,4.5465,0.1632,0.2474,0.1810,1.6458,-9.7071,-10.0290,-9.4903,-10.3086,0.3345
9.3840,clay,0.566,0.400,0.6692,4.4587,0.3200,0.2538,-0.1367,1.5784,-9.7603,-9.9764,-9.4438,-10.3150,0.3291
9.3960,clay,0.566,0.400,0.6572,4.5977,0.2829,0.2533,0.2329,1.3564,-9.7947,-10.0125,-9.4008,-10.3186,0.3231
9.4080,clay,0.566,0.400,0.6445,4.5101,0.3067,0.2580,0.1374,1.7089,-9.8205,-10.0021,-9.4602,-10.2770,0.3169
9.4200,clay,0.566,0.400,0.6309,4.4621,0.2753,0.2575,-0.1881,1.3850,-9.8293,-10.0200,-9.4209,-10.2462,0.3106
9.4320,clay,0.566,0.400,0.6167,4.5352,0.2271,0.2536,-0.1154,1.9577,-9.8227,-10.0023,-9.4405,-10.3203,0.3044
9.4440,clay,0.566,0.400,0.6017,4.4607,0.2404,0.2544,0.1120,1.2832,-9.8193,-10.0346,-9.4344,-10.2659,0.2987
9.4560,clay,0.566,0.400,0.5860,4.4958,0.3445,0.2521,-0.0338,1.6031,-9.8301,-9.9777,-9.4501,-10.2823,0.2915
9.4680,clay,0.566,0.400,0.5696,4.4779,0.3196,0.2538,0.0081,1.2980,-9.8427,-9.9573,-9.4633,-10.3112,0.2830
9.4800,clay,0.566,0.400,0.5526,4.5158,0.2813,0.2547,-0.4196,1.4368,-9.8594,-9.9426,-9.4530,-10.3089,0.2749
9.4920,clay,0.566,0.400,0.5349,4.4563,0.3212,0.2546,0.1128,1.7570,-9.8322,-9.9369,-9.5142,-10.2869,0.2671
9.5040,clay,0.566,0.400,0.5165,4.5049,0.3193,0.2545,-0.1707,1.7365,-9.8625,-9.9698,-9.4322,-10.4011,0.2576
9.5160,clay,0.566,0.400,0.4976,4.4647,0.3886,0.2506,-0.5225,2.1219,-9.8374,-9.9712,-9.3254,-10.3262,0.2499
9.5280,clay,0.566,0.400,0.4781,4.4768,0.2578,0.2462,-0.2950,1.3176,-9.8429,-9.9839,-9.3914,-10.2622,0.2413
9.5400,clay,0.566,0.400,0.4580,4.4671,0.3265,0.2433,-0.5349,1.8651,-9.8755,-9.9828,-9.3074,-10.2974,0.2296
9.5520,clay,0.566,0.400,0.4374,4.4761,0.3769,0.2384,-0.0205,1.4609,-9.8975,-10.0339,-9.3172,-10.3060,0.2209
9.5640,clay,0.566,0.400,0.4162,4.5884,0.3004,0.2404,-0.4709,0.4652,-9.8212,-10.0847,-9.3842,-10.2504,0.2116
9.5760,clay,0.566,0.400,0.3946,4.5470,0.3538,0.2388,0.3135,1.0316,-9.8316,-10.0594,-9.3492,-10.2934,0.2020
9.5880,clay,0.566,0.400,0.3725,4.5367,0.3266,0.2417,-0.0632,0.4016,-9.8178,-10.1082,-9.3952,-10.2621,0.1918
9.6000,clay,0.566,0.400,0.3500,4.4784,0.3191,0.2423,-0.3532,0.8018,-9.8770,-10.0378,-9.3316,-10.2510,0.1800
9.6120,clay,0.566,0.400,0.3271,4.4946,0.4347,0.2399,-0.5310,1.2023,-9.9324,-10.0260,-9.3350,-10.2478,0.1673
9.6240,clay,0.566,0.400,0.3037,4.5952,0.3969,0.2345,0.1971,1.0052,-9.8320,-10.0875,-9.3729,-10.2812,0.1571
9.6360,clay,0.566,0.400,0.2801,4.5456,0.3642,0.2314,0.2148,0.8984,-9.8567,-10.0690,-9.4061,-10.2135,0.1464
9.6480,clay,0.566,0.400,0.2561,4.4921,0.3816,0.2244,0.2375,0.5104,-9.8587,-10.1215,-9.4189,-10.2272,0.1360
9.6600,clay,0.566,0.400,0.2318,4.4996,0.3083,0.2211,0.0909,0.0466,-9.8996,-10.0370,-9.4175,-10.2739,0.1237
9.6720,clay,0.566,0.400,0.2072,4.4877,0.3130,0.2166,-0.4214,0.2413,-9.8936,-10.0367,-9.4401,-10.2033,0.1116
9.6840,clay,0.566,0.400,0.1824,4.5729,0.2444,0.2113,-0.3871,0.9068,-9.9315,-10.0249,-9.3947,-10.2102,0.0980
9.6960,clay,0.566,0.400,0.1573,4.5812,0.2826,0.2091,0.2995,-0.1823,-9.9645,-10.0081,-9.3656,-10.2119,0.0854
9.7080,clay,0.566,0.400,0.1321,4.5642,0.2897,0.1998,-0.1264,0.0304,-9.9266,-10.0403,-9.3556,-10.1537,0.0733
9.7200,clay,0.566,0.400,0.1067,4.5311,0.3014,0.1898,-0.0301,-0.0586,-9.8574,-10.1391,-9.4087,-10.2080,0.0622
9.7320,clay,0.566,0.400,0.0812,4.6315,0.2604,0.1915,0.3963,-0.0921,-9.8634,-10.1132,-9.4509,-10.2076,0.0480
9.7440,clay,0.566,0.400,0.0556,4.5778,0.2190,0.1831,0.2234,0.4336,-9.8931,-10.1060,-9.5015,-10.1597,0.0363
9.7560,clay,0.566,0.400,0.0300,4.5418,0.3013,0.1751,0.1439,-0.1897,-9.8840,-10.0817,-9.4939,-10.1740,0.0243
9.7680,clay,0.566,0.400,0.0043,4.6025,0.2909,0.1647,-0.0676,0.2540,-9.8705,-10.0696,-9.4580,-10.1582,0.0112
9.7800,clay,0.566,0.400,-0.0214,4.5978,0.1705,0.1596,0.0311,-0.5298,-9.9113,-10.0810,-9.4640,-10.1080,-0.0020
9.7920,clay,0.566,0.400,-0.0471,4.4758,0.2299,0.1522,0.0511,0.0093,-9.9199,-10.1125,-9.5392,-10.0907,-0.0152
9.8040,clay,0.566,0.400,-0.0727,4.5476,0.1555,0.1494,0.1801,-0.5106,-9.8945,-10.0939,-9.5034,-10.1267,-0.0260
9.8160,clay,0.566,0.400,-0.0982,4.5866,0.1960,0.1369,-0.2357,0.0145,-9.8114,-10.1266,-9.5351,-10.1216,-0.0363
9.8280,clay,0.566,0.400,-0.1237,4.5366,0.1519,0.1285,-0.0263,0.0142,-9.8264,-10.1559,-9.5113,-10.0533,-0.0515
9.8400,clay,0.566,0.400,-0.1489,4.5714,0.2209,0.1227,-0.1742,-0.3886,-9.9769,-10.1126,-9.5137,-10.1080,-0.0666
9.8520,clay,0.566,0.400,-0.1740,4.5767,0.0456,0.1157,-0.2114,-0.7487,-9.9801,-10.0803,-9.5572,-10.0684,-0.0805
9.8640,clay,0.566,0.400,-0.1989,4.5598,0.1221,0.1056,0.0593,-0.8168,-9.8377,-10.1203,-9.6179,-10.0330,-0.0903
9.8760,clay,0.566,0.400,-0.2236,4.5344,0.2307,0.1019,0.4079,-0.8342,-9.7718,-10.0932,-9.6668,-10.0074,-0.1005
9.8880,clay,0.566,0.400,-0.2480,4.5145,0.0326,0.0853,-0.1310,-0.6114,-9.8575,-10.0335,-9.6937,-10.0714,-0.1132
9.9000,clay,0.566,0.400,-0.2721,4.5923,0.0727,0.0807,-0.0584,-0.5992,-9.8772,-10.0063,-9.5839,-10.0530,-0.1280
9.9120,clay,0.566,0.400,-0.2959,4.5200,0.1061,0.0700,-0.6316,-0.8677,-9.8751,-9.9888,-9.5976,-10.0537,-0.1395
9.9240,clay,0.566,0.400,-0.3193,4.6024,0.0812,0.0639,0.0302,-0.2971,-9.8074,-9.9921,-9.7041,-9.9857,-0.1486
9.9360,clay,0.566,0.400,-0.3424,4.5099,0.1470,0.0602,0.0332,-0.9707,-9.7418,-10.0110,-9.7486,-9.9352,-0.1616
9.9480,clay,0.566,0.400,-0.3651,4.5379,0.0075,0.0415,-0.0441,-0.6673,-9.8431,-9.9427,-9.7401,-9.9463,-0.1743
9.9600,clay,0.566,0.400,-0.3873,4.5057,0.0526,0.0348,-0.2464,-0.5547,-9.8780,-9.9315,-9.6711,-9.9767,-0.1840
9.9720,clay,0.566,0.400,-0.4091,4.5329,-0.0463,0.0289,-0.1792,-0.9384,-9.7916,-10.0190,-9.6556,-9.9626,-0.1924
9.9840,clay,0.566,0.400,-0.4304,4.5328,0.1114,0.0253,-0.4176,-0.4416,-9.7975,-9.9207,-9.7432,-9.9359,-0.2025
9.9960,clay,0.566,0.400,-0.4512,4.5946,-0.0607,0.0178,0.1859,-1.3951,-9.7626,-9.9483,-9.8385,-9.9143,-0.2146
10.0080,clay,0.566,0.850,-0.2063,4.5911,0.0188,0.0010,-0.1410,-0.5242,-9.7837,-9.9250,-9.8417,-9.8762,-0.2244
10.0200,clay,0.566,0.850,-0.2121,4.5430,0.0304,-0.0468,3.2787,0.5338,-9.8698,-10.1203,-9.9948,-10.0330,-0.2123
10.0320,clay,0.566,0.850,-0.2178,4.4585,0.1084,-0.0668,-0.3011,-1.0571,-9.3468,-10.5507,-9.8168,-9.9621,-0.1484
10.0440,clay,0.566,0.850,-0.2232,4.6133,0.0239,-0.0668,-0.0863,-1.3731,-8.9718,-11.0543,-9.8901,-9.9335,-0.1018
10.0560,clay,0.566,0.850,-0.2286,4.5637,-0.0581,-0.0300,1.2374,0.9128,-9.5161,-10.6134,-9.8338,-9.9141,-0.1102
10.0680,clay,0.566,0.850,-0.2337,4.5698,-0.0660,-0.0359,0.0951,-0.1561,-9.8244,-10.3579,-9.8889,-9.8028,-0.1148
10.0800,clay,0.566,0.850,-0.2387,4.5578,-0.0526,-0.0382,0.0862,-1.0936,-9.8697,-10.2761,-9.7473,-9.9472,-0.1155
10.0920,clay,0.566,0.850,-0.2435,4.5879,0.0024,-0.0431,-0.2542,-0.6709,-9.9546,-10.2070,-9.7900,-9.8991,-0.1165
10.1040,clay,0.566,0.850,-0.2481,4.5256,-0.0402,-0.0418,-0.0293,-0.8572,-9.9094,-10.1431,-9.8804,-9.8739,-0.1192
10.1160,clay,0.566,0.850,-0.2526,4.5673,-0.0043,-0.0415,-0.0057,-1.0045,-9.8472,-10.1257,-9.9153,-9.8393,-0.1229
10.1280,clay,0.566,0.850,-0.2568,4.5943,-0.0586,-0.0515,-0.0113,-0.7102,-9.9785,-10.0568,-9.9187,-9.8590,-0.1254
10.1400,clay,0.566,0.850,-0.2609,4.4984,-0.0739,-0.0538,0.1798,0.0562,-9.9671,-10.0450,-9.9512,-9.8592,-0.1270
10.1520,clay,0.566,0.850,-0.2648,4.5877,-0.0304,-0.0598,0.1687,-0.8642,-9.9451,-10.0453,-9.8558,-9.8366,-0.1287
10.1640,clay,0.566,0.850,-0.2685,4.4814,-0.0264,-0.0596,-0.0940,-0.5979,-10.0472,-9.9904,-9.9326,-9.8578,-0.1307
10.1760,clay,0.566,0.850,-0.2720,4.5117,-0.0970,-0.0618,0.0697,-1.0336,-9.9873,-9.9685,-9.9924,-9.8161,-0.1332
10.1880,clay,0.566,0.850,-0.2753,4.5531,-0.0983,-0.0731,-0.0440,-0.4805,-9.8829,-9.9918,-9.9975,-9.9045,-0.1349
10.2000,clay,0.566,0.850,-0.2784,4.5914,-0.1642,-0.0719,0.0985,-0.4679,-10.0020,-9.9530,-9.9820,-9.8275,-0.1359
10.2120,clay,0.566,0.850,-0.2813,4.5717,-0.1585,-0.0791,-0.0492,-0.2964,-10.0480,-9.9604,-9.9862,-9.7904,-0.1373
10.2240,clay,0.566,0.850,-0.2840,4.5030,-0.1619,-0.0822,0.1536,-1.2930,-10.0593,-9.9626,-10.0098,-9.8532,-0.1393
10.2360,clay,0.566,0.850,-0.2865,4.5715,-0.0082,-0.0839,0.2706,-0.5571,-10.0903,-9.9547,-9.9466,-9.8530,-0.1410
10.2480,clay,0.566,0.850,-0.2888,4.5284,-0.1329,-0.0872,0.2505,-0.1638,-10.1022,-9.9572,-10.0741,-9.7727,-0.1420
10.2600,clay,0.566,0.850,-0.2909,4.5532,-0.1522,-0.0936,0.1348,-0.9366,-10.0440,-9.9001,-9.9978,-9.7305,-0.1426
10.2720,clay,0.566,0.850,-0.2928,4.6091,-0.1454,-0.0946,-0.0954,-0.9008,-10.0680,-9.9368,-9.9769,-9.7394,-0.1439
10.2840,clay,0.566,0.850,-0.2944,4.5315,-0.0661,-0.0962,0.0307,-0.7275,-10.1453,-9.9838,-10.0225,-9.8181,-0.1449
10.2960,clay,0.566,0.850,-0.2959,4.5263,-0.0748,-0.0985,0.0191,-0.8853,-10.1310,-9.9995,-10.1054,-9.7926,-0.1456
10.3080,clay,0.566,0.850,-0.2971,4.5701,-0.1172,-0.1055,1.5003,-0.2720,-13.3262,-13.3056,-13.2613,-13.0431,-0.1462
10.3200,clay,0.566,0.850,-0.2981,4.5798,-0.1134,-0.1057,2.2000,0.0441,-13.8813,-14.1578,-13.8671,-13.5674,-0.1469
10.3320,clay,0.566,0.850,-0.2989,4.6249,-0.1164,-0.1103,2.2803,-0.8409,-13.8085,-14.3929,-13.4626,-13.7890,-0.1472
10.3440,clay,0.566,0.850,-0.2995,4.6109,-0.0567,-0.1117,2.0829,-0.7688,-13.7021,-14.5796,-13.0373,-13.9631,-0.1473
10.3560,clay,0.566,0.850,-0.2999,4.6515,-0.1149,-0.1145,2.0716,-0.4826,-13.4270,-14.7776,-12.8592,-14.0951,-0.1479
10.3680,clay,0.566,0.850,-0.3000,4.7073,-0.1817,-0.1208,2.1298,-0.2189,-13.3101,-15.0549,-12.5731,-14.2561,-0.1490
10.3800,clay,0.566,0.850,-0.2999,4.7790,-0.1023,-0.1267,1.6365,0.1691,-13.3116,-15.3492,-12.4172,-14.1995,-0.1487
10.3920,clay,0.566,0.850,-0.2996,4.6744,-0.0880,-0.1289,3.3043,-0.3558,-13.4101,-15.5836,-12.1371,-14.0611,-0.1474
10.4040,clay,0.566,0.850,-0.2991,4.8239,-0.1299,-0.1265,2.4714,-0.3630,-13.4291,-15.8386,-12.0009,-14.0161,-0.1469
10.4160,clay,0.566,0.850,-0.2984,4.8504,-0.1231,-0.1286,2.1309,-0.2713,-13.3992,-16.1747,-11.9520,-13.9342,-0.1471
10.4280,clay,0.566,0.850,-0.2975,4.7922,-0.1300,-0.1335,1.9550,-0.5457,-13.4631,-16.3625,-11.8104,-14.0162,-0.1469
10.4400,clay,0.566,0.850,-0.2963,4.7782,-0.1279,-0.1338,2.6499,-0.7878,-13.3769,-16.4703,-11.6881,-13.9341,-0.1463
10.4520,clay,0.566,0.850,-0.2949,4.9610,-0.0463,-0.1366,2.0610,-0.3460,-13.3089,-16.8297,-11.5703,-13.8083,-0.1463
10.4640,clay,0.566,0.850,-0.2934,4.8349,-0.1603,-0.1349,1.9025,-1.0712,-13.4491,-17.0346,-11.2652,-13.9836,-0.1460
10.4760,clay,0.566,0.850,-0.2916,4.9719,-0.1395,-0.1344,2.1709,-0.2607,-13.4947,-17.2018,-11.2726,-13.9941,-0.1446
10.4880,clay,0.566,0.850,-0.2895,5.0148,-0.0691,-0.1380,1.9473,-0.2384,-13.5060,-17.3890,-11.4941,-13.8351,-0.1429
10.5000,clay,0.566,0.850,-0.2873,4.9930,-0.1242,-0.1396,2.1198,-0.0704,-13.4408,-17.6683,-11.3984,-13.6880,-0.1414
10.5120,clay,0.566,0.850,-0.2849,5.0405,-0.0797,-0.1373,1.5464,-1.2863,-13.4643,-17.8656,-11.3603,-13.6470,-0.1402
10.5240,clay,0.566,0.850,-0.2823,5.0639,-0.0231,-0.1360,1.8271,-0.5643,-13.4306,-17.8643,-11.4286,-13.6324,-0.1389
10.5360,clay,0.566,0.850,-0.2794,4.9229,-0.1138,-0.1314,2.1081,-0.7312,-13.3944,-17.8872,-11.4859,-13.5566,-0.1381
10.5480,clay,0.566,0.850,-0.2764,5.0757,-0.1078,-0.1308,1.6565,-0.1228,-13.4530,-17.9720,-11.5872,-13.5830,-0.1373
10.5600,clay,0.566,0.850,-0.2731,4.9735,-0.0854,-0.1308,1.8116,-1.0201,-13.4110,-18.1153,-11.4749,-13.6579,-0.1359
10.5720,clay,0.566,0.850,-0.2697,5.1616,0.0362,-0.1328,1.9494,-0.8691,-13.3759,-18.2507,-11.5501,-13.4469,-0.1337
10.5840,clay,0.566,0.850,-0.2661,5.1120,-0.1305,-0.1265,1.5243,-0.9727,-13.3687,-18.4822,-11.7026,-13.2917,-0.1315
10.5960,clay,0.566,0.850,-0.2622,5.1791,-0.0928,-0.1246,1.7838,-0.2981,-13.4114,-18.5810,-11.6971,-13.3737,-0.1294
10.6080,clay,0.566,0.850,-0.2582,5.1590,-0.0525,-0.1224,2.0698,-0.8996,-13.3414,-18.6298,-11.6771,-13.4023,-0.1272
10.6200,clay,0.566,0.850,-0.2540,5.1791,-0.0988,-0.1219,1.7315,-0.4666,-13.3489,-18.5136,-11.7957,-13.1438,-0.1253
10.6320,clay,0.566,0.850,-0.2496,5.3213,-0.1263,-0.1222,2.5373,-0.4114,-13.4685,-18.5766,-11.8062,-13.1511,-0.1235
10.6440,clay,0.566,0.850,-0.2451,5.3238,-0.1203,-0.1207,1.9205,-0.3838,-13.5777,-18.6919,-11.8990,-12.9209,-0.1217
10.6560,clay,0.566,0.850,-0.2403,5.2540,-0.1144,-0.1203,2.1437,-0.9488,-13.5677,-18.7904,-11.9100,-12.9133,-0.1192
10.6680,clay,0.566,0.850,-0.2354,5.2764,-0.0867,-0.1136,2.1399,-0.8555,-13.5862,-18.8995,-11.9766,-12.8165,-0.1167
10.6800,clay,0.566,0.850,-0.2303,5.3840,-0.0421,-0.1141,2.1428,-1.0056,-13.6027,-19.0227,-11.9216,-12.6983,-0.1144
10.6920,clay,0.566,0.850,-0.2250,5.2515,-0.1700,-0.1148,1.7214,-0.0943,-13.5805,-19.1691,-12.0603,-12.6096,-0.1112
10.7040,clay,0.566,0.850,-0.2196,5.4698,-0.0909,-0.1137,1.6386,-0.7084,-13.5202,-19.1896,-12.0792,-12.6952,-0.1080
10.7160,clay,0.566,0.850,-0.2140,5.4043,-0.1180,-0.1126,1.8966,-0.8791,-13.6143,-19.1336,-12.1768,-12.6268,-0.1053
10.7280,clay,0.566,0.850,-0.2083,5.4058,-0.0959,-0.1050,1.7049,-0.7251,-13.7519,-19.1792,-12.1650,-12.6063,-0.1031
10.7400,clay,0.566,0.850,-0.2024,5.3773,-0.1271,-0.1084,1.6548,-0.8536,-13.8338,-19.2139,-12.1743,-12.5741,-0.1006
10.7520,clay,0.566,0.850,-0.1964,5.4917,-0.1281,-0.1068,1.5687,-0.4203,-13.9096,-19.2647,-12.2835,-12.6835,-0.0972
10.7640,clay,0.566,0.850,-0.1902,5.5188,-0.1609,-0.1076,1.4233,-0.4848,-13.9958,-19.2867,-12.2810,-13.0016,-0.0935
10.7760,clay,0.566,0.850,-0.1839,5.5054,-0.0717,-0.1058,1.1524,-1.1074,-13.9836,-19.2953,-12.3914,-13.0487,-0.0902
10.7880,clay,0.566,0.850,-0.1774,5.4133,-0.0683,-0.1035,1.8712,-0.2891,-13.9304,-19.2253,-12.4461,-13.0549,-0.0875
10.8000,clay,0.566,0.850,-0.1708,5.5254,-0.0767,-0.1025,1.5926,-0.0988,-14.0938,-19.1529,-12.4657,-13.1702,-0.0852
10.8120,clay,0.566,0.850,-0.1641,5.6068,0.0078,-0.1027,1.7920,-0.6526,-14.2202,-19.1140,-12.4564,-13.3104,-0.0826
10.8240,clay,0.566,0.850,-0.1573,5.5390,-0.1050,-0.1036,2.0662,-0.6130,-14.2391,-19.1568,-12.5854,-13.4785,-0.0781
10.8360,clay,0.566,0.850,-0.1504,5.6625,-0.1744,-0.1016,1.5198,-0.6477,-14.2771,-19.1889,-12.6223,-13.5241,-0.0744
10.8480,clay,0.566,0.850,-0.1433,5.6184,-0.1245,-0.0972,1.5665,0.0233,-14.3421,-19.1506,-12.7309,-13.4450,-0.0714
10.8600,clay,0.566,0.850,-0.1362,5.6285,-0.0766,-0.0957,1.6796,-0.3741,-14.3897,-19.1251,-12.6657,-13.5480,-0.0679
10.8720,clay,0.566,0.850,-0.1290,5.7166,-0.0959,-0.0960,1.5710,-0.7027,-14.3842,-19.0306,-12.7102,-13.6621,-0.0644
10.8840,clay,0.566,0.850,-0.1216,5.7352,-0.0720,-0.0941,1.5761,-0.3939,-14.4733,-18.9811,-12.8097,-13.6539,-0.0611
10.8960,clay,0.566,0.850,-0.1142,5.6488,-0.0459,-0.0916,1.6097,-0.4770,-14.6298,-18.8826,-12.8074,-13.7467,-0.0573
10.9080,clay,0.566,0.850,-0.1067,5.6849,-0.0866,-0.0873,1.7373,-0.1480,-14.6989,-18.8994,-12.9113,-13.5652,-0.0544
10.9200,clay,0.566,0.850,-0.0991,5.7940,-0.1400,-0.0873,1.6979,-0.1380,-14.7289,-18.9125,-12.9052,-13.6165,-0.0504
10.9320,clay,0.566,0.850,-0.0914,5.8294,-0.1160,-0.0886,1.8082,-0.1029,-14.7112,-18.9311,-12.8420,-13.7450,-0.0460
10.9440,clay,0.566,0.850,-0.0837,5.8623,0.0541,-0.0847,1.2629,-0.2397,-14.7100,-18.9262,-12.9222,-13.7330,-0.0414
10.9560,clay,0.566,0.850,-0.0759,5.8811,-0.0358,-0.0839,2.0106,-0.3893,-14.7208,-18.9034,-13.0830,-13.6756,-0.0370
10.9680,clay,0.566,0.850,-0.0681,5.7539,-0.1563,-0.0746,2.1256,-0.6583,-14.8427,-18.7600,-13.0705,-13.3985,-0.0337
10.9800,clay,0.566,0.850,-0.0602,5.8548,0.0067,-0.0717,1.9828,-0.0127,-14.9942,-18.7002,-13.1649,-13.1683,-0.0311
10.9920,clay,0.566,0.850,-0.0522,5.9425,-0.1261,-0.0730,1.8511,-0.2295,-15.0758,-18.7834,-13.1589,-13.1714,-0.0277
11.0040,clay,0.566,0.850,-0.0443,5.9486,-0.1102,-0.0719,1.6449,-0.2773,-15.0854,-18.7921,-13.1473,-13.2104,-0.0234
11.0160,clay,0.566,0.850,-0.0363,5.9093,-0.0468,-0.0708,1.5436,-0.0375,-15.0722,-18.8298,-13.1819,-13.3083,-0.0186
11.0280,clay,0.566,0.850,-0.0282,5.9595,-0.0923,-0.0617,1.9778,-1.0324,-15.0348,-18.8158,-13.1580,-13.3702,-0.0142
11.0400,clay,0.566,0.850,-0.0202,5.9349,-0.0276,-0.0569,1.7342,-0.1620,-15.0582,-18.7504,-13.2386,-13.2308,-0.0100
11.0520,clay,0.566,0.850,-0.0121,6.0321,-0.0318,-0.0544,1.5275,-0.2123,-15.1212,-18.7316,-13.3237,-13.1841,-0.0064
11.0640,clay,0.566,0.850,-0.0040,6.0865,0.0202,-0.0516,1.7784,-0.1276,-15.1981,-18.6810,-13.3905,-13.2703,-0.0030
11.0760,clay,0.566,0.850,0.0040,6.0590,0.0139,-0.0529,1.5520,0.1970,-15.2525,-18.6519,-13.3531,-13.4188,0.0010
11.0880,clay,0.566,0.850,0.0121,6.0627,-0.0070,-0.0483,1.7754,-0.2684,-15.2396,-18.6927,-13.4000,-13.5762,0.0056
11.1000,clay,0.566,0.850,0.0202,6.0089,-0.0873,-0.0449,1.9041,-0.2061,-15.1960,-18.6780,-13.3577,-13.7226,0.0098
11.1120,clay,0.566,0.850,0.0282,6.0202,0.0043,-0.0422,2.0721,0.1648,-15.1315,-18.6105,-13.4939,-13.5908,0.0138
11.1240,clay,0.566,0.850,0.0363,6.1193,0.0673,-0.0424,1.6118,0.1471,-15.3086,-18.3855,-13.5107,-13.4955,0.0177
11.1360,clay,0.566,0.850,0.0443,6.1599,-0.0664,-0.0356,1.6172,0.2801,-15.4987,-18.2809,-13.5359,-13.5346,0.0214
11.1480,clay,0.566,0.850,0.0522,6.1064,0.0345,-0.0329,1.4124,0.1482,-15.5543,-18.3994,-13.6589,-13.5565,0.0249
11.1600,clay,0.566,0.850,0.0602,6.2080,-0.0445,-0.0314,1.5736,-0.1164,-15.6170,-18.4083,-13.6495,-13.6853,0.0288
11.1720,clay,0.566,0.850,0.0681,6.1478,0.0624,-0.0283,1.7081,0.1991,-15.6314,-18.4553,-13.6624,-13.7459,0.0339
11.1840,clay,0.566,0.850,0.0759,6.2380,-0.0053,-0.0275,1.8692,-0.0951,-15.6360,-18.4724,-13.6808,-13.8114,0.0381
11.1960,clay,0.566,0.850,0.0837,6.1471,-0.0314,-0.0211,1.5421,-0.1477,-15.6704,-18.4147,-13.7084,-13.7654,0.0414
11.2080,clay,0.566,0.850,0.0914,6.2126,-0.0746,-0.0149,1.4652,-0.0227,-15.7897,-18.4070,-13.8258,-13.6854,0.0438
11.2200,clay,0.566,0.850,0.0991,6.2394,-0.0428,-0.0137,1.4687,0.1469,-15.8193,-18.4626,-13.8994,-13.8053,0.0475
11.2320,clay,0.566,0.850,0.1067,6.2842,-0.0055,-0.0131,1.8998,0.2797,-15.8309,-18.4851,-13.8830,-13.8955,0.0528
11.2440,clay,0.566,0.850,0.1142,6.2419,-0.0672,-0.0108,1.6756,0.2081,-15.8076,-18.4970,-13.8492,-13.8653,0.0576
11.2560,clay,0.566,0.850,0.1216,6.2978,0.0541,-0.0061,1.5655,0.0705,-15.6774,-18.4929,-13.9579,-13.9328,0.0609
11.2680,clay,0.566,0.850,0.1290,6.3784,-0.0327,0.0028,1.9066,0.5418,-15.8349,-18.3526,-13.9221,-13.9712,0.0641
11.2800,clay,0.566,0.850,0.1362,6.4209,-0.0129,0.0096,1.2889,0.2856,-16.0197,-18.2523,-13.9866,-13.9944,0.0678
11.2920,clay,0.566,0.850,0.1433,6.3556,-0.0850,0.0126,1.3567,-0.1697,-16.0746,-18.2736,-14.0301,-14.0612,0.0707
11.3040,clay,0.566,0.850,0.1504,6.4242,0.0292,0.0141,1.4151,0.3021,-16.0632,-18.2728,-13.9972,-14.2079,0.0738
11.3160,clay,0.566,0.850,0.1573,6.4771,0.0325,0.0151,1.8218,0.5047,-16.0501,-18.2338,-14.1181,-14.1974,0.0776
11.3280,clay,0.566,0.850,0.1641,6.4737,0.0395,0.0225,1.4578,0.3707,-16.0692,-18.1684,-14.1662,-14.2458,0.0823
11.3400,clay,0.566,0.850,0.1708,6.4708,0.1344,0.0291,1.3387,0.4100,-16.1064,-18.1752,-14.1475,-14.2533,0.0853
11.3520,clay,0.566,0.850,0.1774,6.5333,0.1336,0.0317,1.3817,0.5284,-16.1426,-18.1547,-14.1691,-14.2623,0.0875
11.3640,clay,0.566,0.850,0.1839,6.4208,-0.0391,0.0313,1.5451,0.5823,-16.1576,-18.1687,-14.1830,-14.3873,0.0904
11.3760,clay,0.566,0.850,0.1902,6.4936,0.0943,0.0310,1.4197,0.7260,-16.1637,-18.1581,-14.3155,-14.3782,0.0946
11.3880,clay,0.566,0.850,0.1964,6.5365,0.0875,0.0390,1.1625,0.2528,-16.1935,-18.1037,-14.3549,-14.4556,0.0978
11.4000,clay,0.566,0.850,0.2024,6.5295,-0.0262,0.0431,1.9490,0.1517,-16.2609,-18.0189,-14.3954,-14.5610,0.1000
11.4120,clay,0.566,0.850,0.2083,6.6073,0.0525,0.0462,1.4466,0.6043,-16.3618,-17.9764,-14.3543,-14.5620,0.1027
11.4240,clay,0.566,0.850,0.2140,6.5510,-0.0442,0.0500,1.2672,0.0825,-16.4275,-17.9455,-14.5041,-14.5134,0.1059
11.4360,clay,0.566,0.850,0.2196,6.5906,0.0004,0.0505,1.4648,0.4192,-16.4375,-17.8754,-14.5350,-14.6049,0.1095
11.4480,clay,0.566,0.850,0.2250,6.5870,0.0717,0.0577,1.4640,0.7815,-16.4994,-17.8193,-14.5960,-14.5576,0.1124
11.4600,clay,0.566,0.850,0.2303,6.6570,0.1087,0.0623,1.6572,0.8127,-16.6342,-17.7544,-14.5864,-14.7335,0.1141
11.4720,clay,0.566,0.850,0.2354,6.6424,0.0157,0.0648,1.5069,0.9516,-16.7117,-17.7426,-14.5413,-14.7829,0.1163
11.4840,clay,0.566,0.850,0.2403,6.6353,0.1152,0.0664,1.6218,0.5125,-16.7261,-17.7493,-14.6071,-14.7397,0.1189
11.4960,clay,0.566,0.850,0.2451,6.6391,0.0035,0.0673,1.0510,0.7443,-16.7190,-17.8101,-14.7074,-14.7582,0.1217
11.5080,clay,0.566,0.850,0.2496,6.7737,0.0731,0.0737,1.7874,1.1962,-16.7236,-17.7860,-14.6394,-14.8518,0.1240
11.5200,clay,0.566,0.850,0.2540,6.7438,0.0829,0.0747,1.4584,0.7809,-16.7671,-17.7924,-14.7698,-14.8438,0.1257
11.5320,clay,0.566,0.850,0.2582,6.6811,0.0241,0.0770,1.2820,0.1909,-16.7835,-17.7482,-14.8343,-14.9750,0.1279
11.5440,clay,0.566,0.850,0.2622,6.7762,0.0201,0.0773,1.7642,0.6051,-16.7843,-17.7666,-14.8931,-14.9991,0.1301
11.5560,clay,0.566,0.850,0.2661,6.7810,0.0539,0.0818,1.2884,0.5069,-16.8317,-17.7150,-14.7557,-15.0670,0.1324
11.5680,clay,0.566,0.850,0.2697,6.8578,0.0665,0.0821,1.0655,1.3566,-16.9276,-17.7140,-14.8272,-15.0793,0.1341
11.5800,clay,0.566,0.850,0.2731,6.8326,-0.0219,0.0824,1.5306,0.4785,-17.0378,-17.6821,-14.8895,-15.1634,0.1355
11.5920,clay,0.566,0.850,0.2764,6.7140,0.1459,0.0860,1.7576,0.3496,-17.0955,-17.6736,-14.9819,-15.1024,0.1369
11.6040,clay,0.566,0.850,0.2794,6.8588,0.0588,0.0873,1.6235,0.6659,-17.0555,-17.6512,-15.0028,-15.1734,0.1388
11.6160,clay,0.566,0.850,0.2823,6.9021,0.0812,0.0887,1.2704,0.4029,-17.1410,-17.6333,-14.9990,-15.2799,0.1406
11.6280,clay,0.566,0.850,0.2849,6.8153,0.1300,0.0934,1.1862,1.3001,-17.1447,-17.6465,-14.9619,-15.3623,0.1417
11.6400,clay,0.566,0.850,0.2873,6.9462,0.0824,0.0905,1.4650,0.8140,-17.2112,-17.6866,-15.0054,-15.3166,0.1425
11.6520,clay,0.566,0.850,0.2895,6.9076,0.1223,0.0918,1.1159,0.6584,-17.2642,-17.6949,-15.0807,-15.3850,0.1439
11.6640,clay,0.566,0.850,0.2916,6.8524,-0.0058,0.0954,1.2442,0.6844,-17.2531,-17.7269,-15.0624,-15.4017,0.1451
11.6760,clay,0.566,0.850,0.2934,6.9450,0.1322,0.0985,1.2919,0.5591,-17.2450,-17.7684,-15.1374,-15.4043,0.1458
11.6880,clay,0.566,0.850,0.2949,6.9730,0.0677,0.1003,0.9420,1.1878,-17.2818,-17.7747,-15.1054,-15.5104,0.1463
11.7000,clay,0.566,0.850,0.2963,7.0755,0.1233,0.1017,1.1692,1.3306,-17.3023,-17.7712,-15.2063,-15.4884,0.1474
11.7120,clay,0.566,0.850,0.2975,6.9478,0.0544,0.1034,1.1911,1.0050,-17.3109,-17.7782,-15.2810,-15.5303,0.1484
11.7240,clay,0.566,0.850,0.2984,6.9749,0.1358,0.1084,1.4668,0.3737,-17.3211,-17.7732,-15.2463,-15.6119,0.1488
11.7360,clay,0.566,0.850,0.2991,6.9476,0.0258,0.1142,1.0559,0.2604,-17.3320,-17.8122,-15.2903,-15.5074,0.1487
11.7480,clay,0.566,0.850,0.2996,7.0154,0.1331,0.1156,1.0296,1.3844,-17.3529,-17.8316,-15.2724,-15.6546,0.1492
11.7600,clay,0.566,0.850,0.2999,7.0960,0.1019,0.1168,1.3218,0.9855,-17.3863,-17.8026,-15.3879,-15.6815,0.1497
11.7720,clay,0.566,0.850,0.3000,7.0619,0.0875,0.1173,1.0959,0.4768,-17.4029,-17.8252,-15.4445,-15.7213,0.1497
11.7840,clay,0.566,0.850,0.2999,7.0939,0.1084,0.1219,1.1262,0.6319,-17.4648,-17.8118,-15.4425,-15.7862,0.1495
11.7960,clay,0.566,0.850,0.2995,7.1472,0.1100,0.1255,1.2783,0.9040,-17.4832,-17.8270,-15.4005,-15.7396,0.1494
11.8080,clay,0.566,0.850,0.2989,7.1123,0.1559,0.1239,1.2652,1.1949,-17.4889,-17.8507,-15.4669,-15.8523,0.1490
11.8200,clay,0.566,0.850,0.2981,7.0238,0.2013,0.1263,1.2514,1.0569,-17.5173,-17.8831,-15.6529,-15.8403,0.1487
11.8320,clay,0.566,0.850,0.2971,7.2513,0.0875,0.1276,1.0565,0.9349,-17.5187,-17.8722,-15.6807,-15.8989,0.1485
11.8440,clay,0.566,0.850,0.2959,7.1791,0.1623,0.1292,1.3331,0.5371,-17.5635,-17.8784,-15.5639,-15.8960,0.1482
11.8560,clay,0.566,0.850,0.2944,7.2290,0.1709,0.1283,1.5000,1.1208,-17.6394,-17.8793,-15.5487,-15.9531,0.1473
11.8680,clay,0.566,0.850,0.2928,7.1748,0.1223,0.1304,1.2543,0.8513,-17.6529,-17.9208,-15.6249,-16.0893,0.1464
11.8800,clay,0.566,0.850,0.2909,7.2780,0.1660,0.1280,1.3240,1.0542,-17.6643,-17.9313,-15.7068,-16.0685,0.1456
11.8920,clay,0.566,0.850,0.2888,7.1254,0.1326,0.1327,1.6096,1.2091,-17.7409,-17.9051,-15.6394,-16.1098,0.1445
11.9040,clay,0.566,0.850,0.2865,7.2120,0.1131,0.1326,1.2078,1.0087,-17.7883,-17.9732,-15.6027,-16.0709,0.1434
11.9160,clay,0.566,0.850,0.2840,7.1708,0.0579,0.1339,1.2129,0.9247,-17.8206,-18.0056,-15.7124,-16.1853,0.1423
11.9280,clay,0.566,0.850,0.2813,7.2366,0.1191,0.1339,1.1970,0.7890,-17.8209,-17.9970,-15.8386,-16.1912,0.1411
11.9400,clay,0.566,0.850,0.2784,7.3374,0.1376,0.1333,0.9463,1.0855,-17.8639,-17.9600,-15.8743,-16.2398,0.1395
11.9520,clay,0.566,0.850,0.2753,7.2829,0.1457,0.1326,1.3076,1.1248,-17.9208,-17.9632,-15.7740,-16.1443,0.1382
11.9640,clay,0.566,0.850,0.2720,7.3104,0.0932,0.1335,0.8273,1.4567,-17.9517,-17.9854,-15.7722,-16.2956,0.1367
11.9760,clay,0.566,0.850,0.2685,7.2825,0.1156,0.1342,1.0138,0.8648,-17.9299,-17.9723,-15.9429,-16.2825,0.1345
11.9880,clay,0.566,0.850,0.2648,7.2859,0.0546,0.1335,1.2634,1.0581,-17.9324,-18.0327,-15.9964,-16.2648,0.1325
12.0000,clay,0.566,0.850,0.2609,7.3279,0.0890,0.1329,1.5434,0.7989,-17.9343,-18.0256,-15.8990,-16.2895,0.1313
12.0120,clay,0.566,0.850,0.2568,7.3486,0.0802,0.1345,1.1513,0.5594,-17.9625,-18.1352,-15.9262,-16.4026,0.1294
12.0240,clay,0.566,0.850,0.2526,7.4358,0.0984,0.1369,1.2002,0.7865,-17.9895,-18.1394,-16.0456,-16.4559,0.1272
12.0360,clay,0.566,0.850,0.2481,7.4004,0.2303,0.1344,1.3746,0.9571,-18.0042,-18.1713,-16.0480,-16.4715,0.1251
12.0480,clay,0.566,0.850,0.2435,7.3679,0.1126,0.1339,0.9437,0.5577,-18.0163,-18.1866,-15.9975,-16.4846,0.1228
12.0600,clay,0.566,0.850,0.2387,7.3251,0.0711,0.1331,0.9701,1.0844,-18.0038,-18.2393,-16.1245,-16.5296,0.1204
12.0720,clay,0.566,0.850,0.2337,7.4326,0.1517,0.1358,1.1446,0.9561,-17.9928,-18.2061,-16.2863,-16.5585,0.1181
12.0840,clay,0.566,0.850,0.2286,7.4438,0.0863,0.1340,1.1324,1.2978,-18.0573,-18.1813,-16.1590,-16.5778,0.1158
12.0960,clay,0.566,0.850,0.2232,7.4879,0.1390,0.1338,1.1209,0.6277,-18.0586,-18.2222,-16.1467,-16.5527,0.1132
12.1080,clay,0.566,0.850,0.2178,7.4946,0.1813,0.1327,1.1207,0.7237,-18.0745,-18.2424,-16.2260,-16.6803,0.1105
12.1200,clay,0.566,0.850,0.2121,7.4408,0.1119,0.1351,1.1743,0.9379,-18.0813,-18.2122,-16.3236,-16.6759,0.1074
12.1320,clay,0.566,0.850,0.2063,7.4891,0.1004,0.1309,1.2078,0.9649,-18.1156,-18.2495,-16.2914,-16.6059,0.1044
12.1440,clay,0.566,0.850,0.2004,7.5363,0.1992,0.1309,1.2385,0.7893,-18.1398,-18.2682,-16.1911,-16.8115,0.1019
12.1560,clay,0.566,0.850,0.1943,7.4273,0.1229,0.1316,1.2826,0.9998,-18.1565,-18.2971,-16.3746,-16.8212,0.0986
12.1680,clay,0.566,0.850,0.1881,7.5993,0.1625,0.1265,1.0539,1.2213,-18.1945,-18.2625,-16.4009,-16.7804,0.0955
12.1800,clay,0.566,0.850,0.1817,7.5210,0.1276,0.1225,1.4419,0.7490,-18.2094,-18.3300,-16.3567,-16.7394,0.0932
12.1920,clay,0.566,0.850,0.1752,7.5451,0.1441,0.1243,1.0294,0.6105,-18.2486,-18.3723,-16.4006,-16.8820,0.0902
12.2040,clay,0.566,0.850,0.1686,7.5747,0.0129,0.1253,0.7479,0.7605,-18.2835,-18.3348,-16.5775,-16.8640,0.0866
12.2160,clay,0.566,0.850,0.1619,7.6282,0.1307,0.1212,1.0920,0.7990,-18.3122,-18.3702,-16.5833,-16.7750,0.0833
12.2280,clay,0.566,0.850,0.1550,7.6567,0.0384,0.1185,1.0117,0.9069,-18.3902,-18.3792,-16.4701,-16.9189,0.0794
12.2400,clay,0.566,0.850,0.1481,7.5312,0.0871,0.1193,1.2623,0.8833,-18.3604,-18.3820,-16.6227,-16.9344,0.0761
12.2520,clay,0.566,0.850,0.1410,7.6177,-0.0040,0.1147,0.8246,1.0868,-18.3251,-18.4709,-16.7239,-16.9088,0.0727
12.2640,clay,0.566,0.850,0.1338,7.5712,0.1932,0.1117,1.1517,1.1533,-18.3621,-18.4565,-16.6027,-17.0137,0.0695
12.2760,clay,0.566,0.850,0.1265,7.6029,0.0221,0.1107,1.0149,0.8447,-18.3591,-18.4756,-16.6099,-17.1017,0.0657
12.2880,clay,0.566,0.850,0.1191,7.6190,0.0047,0.1071,1.4057,0.9820,-18.3423,-18.4851,-16.7449,-16.9420,0.0621
12.3000,clay,0.566,0.850,0.1117,7.6648,0.0886,0.1048,1.1370,0.5717,-18.4123,-18.4975,-16.6516,-17.0068,0.0586
12.3120,clay,0.566,0.850,0.1042,7.7355,0.0713,0.1047,1.1004,0.3619,-18.3757,-18.5220,-16.6891,-17.0961,0.0546
12.3240,clay,0.566,0.850,0.0965,7.7543,0.0644,0.1027,1.1198,0.7483,-18.4019,-18.5391,-16.8906,-16.9556,0.0509
12.3360,clay,0.566,0.850,0.0889,7.7170,0.1170,0.0990,1.0794,1.0593,-18.3836,-18.5960,-16.8375,-17.0816,0.0474
12.3480,clay,0.566,0.850,0.0811,7.7507,0.0983,0.0925,0.8710,0.5682,-18.3552,-18.6195,-16.7710,-17.2541,0.0435
12.3600,clay,0.566,0.850,0.0733,7.7067,-0.0266,0.0930,1.0397,0.8078,-18.3527,-18.6486,-17.0046,-17.1027,0.0393
12.3720,clay,0.566,0.850,0.0654,7.8436,0.0929,0.0890,0.9751,0.3902,-18.3297,-18.6959,-16.9157,-17.2066,0.0354
12.3840,clay,0.566,0.850,0.0575,7.7429,0.0708,0.0908,1.0353,0.1804,-18.3197,-18.7729,-16.8511,-17.2678,0.0321
12.3960,clay,0.566,0.850,0.0496,7.8806,0.0764,0.0883,0.8362,0.6731,-18.3338,-18.8033,-16.9988,-17.1826,0.0286
12.4080,clay,0.566,0.850,0.0416,7.7804,0.0766,0.0804,1.3796,0.5020,-18.3668,-18.7899,-17.0505,-17.1882,0.0244
12.4200,clay,0.566,0.850,0.0336,7.7899,0.0340,0.0797,1.0696,0.1330,-18.3768,-18.8592,-16.9598,-17.3257,0.0202
12.4320,clay,0.566,0.850,0.0256,7.7808,-0.0053,0.0781,1.0357,0.1066,-18.4033,-18.9120,-17.0631,-17.2821,0.0165
12.4440,clay,0.566,0.850,0.0175,7.8723,-0.0209,0.0748,0.8718,-0.0788,-18.3730,-18.9530,-17.0735,-17.2796,0.0131
12.4560,clay,0.566,0.850,0.0094,7.9100,0.0635,0.0726,1.3713,0.0275,-18.4053,-19.0316,-16.9646,-17.4012,0.0084
12.4680,clay,0.566,0.850,0.0013,7.7910,0.0468,0.0703,1.3414,0.4427,-18.4865,-19.0031,-17.1997,-17.3097,0.0040
12.4800,clay,0.566,0.850,-0.0067,7.8770,0.0122,0.0670,1.0516,0.4488,-18.5169,-18.9779,-17.1419,-17.3838,0.0007
12.4920,clay,0.566,0.850,-0.0148,7.9261,-0.0124,0.0672,0.7070,-0.0342,-18.5493,-18.9861,-17.1071,-17.4872,-0.0042
12.5040,clay,0.566,0.850,-0.0229,7.9223,0.0293,0.0644,1.1260,0.5103,-18.5702,-19.0157,-17.3211,-17.3394,-0.0083
12.5160,clay,0.566,0.850,-0.0309,7.9463,0.1105,0.0566,0.9161,0.5298,-18.5650,-19.0423,-17.3272,-17.4143,-0.0119
12.5280,clay,0.566,0.850,-0.0389,7.9226,-0.0273,0.0539,0.7248,0.2190,-18.6403,-19.0552,-17.2458,-17.5649,-0.0169
12.5400,clay,0.566,0.850,-0.0469,8.0355,0.0432,0.0505,0.9801,0.3477,-18.6244,-19.0740,-17.3923,-17.4256,-0.0208
12.5520,clay,0.566,0.850,-0.0549,7.9011,0.0531,0.0458,0.7830,-0.1995,-18.6280,-19.1446,-17.3063,-17.5131,-0.0241
12.5640,clay,0.566,0.850,-0.0628,7.8562,0.0555,0.0441,0.8785,-0.0033,-18.6673,-19.1151,-17.3630,-17.5873,-0.0275
12.5760,clay,0.566,0.850,-0.0707,7.9292,0.0372,0.0420,1.0804,0.0934,-18.6596,-19.1031,-17.4873,-17.4722,-0.0316
12.5880,clay,0.566,0.850,-0.0785,8.0233,0.0391,0.0343,0.8149,-0.2174,-18.6634,-19.1526,-17.3784,-17.6100,-0.0365
12.6000,clay,0.566,0.850,-0.0863,7.9440,-0.0498,0.0309,0.8113,-0.0947,-18.6700,-19.1568,-17.4543,-17.6225,-0.0401
12.6120,clay,0.566,0.850,-0.0940,8.0929,-0.0164,0.0262,1.0602,0.0225,-18.6380,-19.2252,-17.5704,-17.5146,-0.0426
12.6240,clay,0.566,0.850,-0.1016,8.0497,0.0013,0.0254,0.8458,-0.1125,-18.7228,-19.2363,-17.4589,-17.6986,-0.0469
12.6360,clay,0.566,0.850,-0.1092,8.0487,0.0216,0.0252,0.8228,-0.6540,-18.7847,-19.1929,-17.6114,-17.6750,-0.0509
12.6480,clay,0.566,0.850,-0.1167,7.9585,-0.0257,0.0125,1.1719,-0.1533,-18.7285,-19.2925,-17.7325,-17.5695,-0.0548
12.6600,clay,0.566,0.850,-0.1241,8.0670,-0.0397,0.0115,1.1277,-0.4945,-18.7081,-19.3628,-17.5288,-17.7817,-0.0581
12.6720,clay,0.566,0.850,-0.1314,8.0139,0.0586,0.0112,0.8825,0.1455,-18.7796,-19.3645,-17.6861,-17.6719,-0.0617
12.6840,clay,0.566,0.850,-0.1386,8.0982,-0.0559,0.0067,0.9140,0.0440,-18.8126,-19.3552,-17.7242,-17.6944,-0.0656
12.6960,clay,0.566,0.850,-0.1457,8.0666,-0.0727,0.0045,1.2533,-0.4485,-18.8742,-19.3136,-17.6395,-17.7837,-0.0699
12.7080,clay,0.566,0.850,-0.1527,8.1610,-0.0476,-0.0038,0.7307,-0.1373,-18.8770,-19.3493,-17.8187,-17.6831,-0.0735
12.7200,clay,0.566,0.850,-0.1596,8.1257,-0.0102,-0.0081,0.8679,-0.4844,-18.8756,-19.4299,-17.6975,-17.8006,-0.0765
12.7320,clay,0.566,0.850,-0.1664,8.1655,-0.0132,-0.0114,0.9329,-0.1910,-18.8352,-19.4739,-17.7647,-17.8442,-0.0796
12.7440,clay,0.566,0.850,-0.1731,8.0511,-0.1133,-0.0131,0.8735,0.0547,-18.8304,-19.4986,-17.8876,-17.7665,-0.0826
12.7560,clay,0.566,0.850,-0.1796,8.1099,-0.0134,-0.0186,0.7414,-0.3563,-18.8483,-19.5064,-17.7607,-17.9209,-0.0860
12.7680,clay,0.566,0.850,-0.1860,8.1489,-0.0144,-0.0223,1.0084,0.1116,-18.8818,-19.4646,-17.9032,-17.8260,-0.0895
12.7800,clay,0.566,0.850,-0.1923,8.1928,-0.0893,-0.0267,0.7495,-0.6877,-18.8127,-19.5459,-17.8752,-17.8996,-0.0929
12.7920,clay,0.566,0.850,-0.1984,8.2396,0.0096,-0.0293,0.5628,-0.5024,-18.8499,-19.5844,-17.9035,-17.9334,-0.0959
12.8040,clay,0.566,0.850,-0.2044,8.2148,-0.0474,-0.0321,0.9628,0.0901,-18.8682,-19.5813,-18.0126,-17.8869,-0.0983
12.8160,clay,0.566,0.850,-0.2102,8.2497,-0.0545,-0.0376,0.8955,-0.1664,-18.8476,-19.6073,-17.9341,-17.8808,-0.1010
12.8280,clay,0.566,0.850,-0.2159,8.2328,-0.0375,-0.0421,0.8679,-0.5085,-18.8813,-19.6161,-18.0417,-17.9361,-0.1043
12.8400,clay,0.566,0.850,-0.2214,8.3007,-0.0679,-0.0450,0.8137,-0.3382,-18.8906,-19.5995,-18.1008,-17.9637,-0.1075
12.8520,clay,0.566,0.850,-0.2268,8.2382,-0.0012,-0.0496,0.9344,-0.4084,-18.8552,-19.6243,-18.0759,-17.9757,-0.1102
12.8640,clay,0.566,0.850,-0.2320,8.2300,-0.0947,-0.0507,0.5831,-0.4367,-18.8247,-19.6418,-18.1254,-18.0132,-0.1124
12.8760,clay,0.566,0.850,-0.2370,8.2667,-0.0360,-0.0541,0.8917,-0.5241,-18.8192,-19.6508,-18.1256,-17.9860,-0.1147
12.8880,clay,0.566,0.850,-0.2419,8.2993,0.0155,-0.0637,0.5996,-0.6251,-18.8031,-19.6821,-18.1503,-18.0287,-0.1175
12.9000,clay,0.566,0.850,-0.2466,8.2777,0.0180,-0.0624,0.7291,-0.5607,-18.8843,-19.6466,-18.2270,-17.9668,-0.1202
12.9120,clay,0.566,0.850,-0.2511,8.2342,-0.0965,-0.0674,0.5240,-0.6387,-18.8633,-19.6709,-18.1952,-18.0153,-0.1222
12.9240,clay,0.566,0.850,-0.2554,8.3036,-0.0301,-0.0667,0.7012,-0.8160,-18.8143,-19.7080,-18.2178,-18.0799,-0.1243
12.9360,clay,0.566,0.850,-0.2596,8.2362,-0.0087,-0.0700,0.7412,-0.5287,-18.8280,-19.6928,-18.2345,-18.1291,-0.1261
12.9480,clay,0.566,0.850,-0.2635,8.2544,-0.1410,-0.0747,0.4503,-1.3480,-18.7935,-19.6741,-18.1925,-18.1421,-0.1283
12.9600,clay,0.566,0.850,-0.2673,8.3254,0.0178,-0.0779,0.6152,-1.0902,-18.8107,-19.7219,-18.2713,-18.1413,-0.1307
12.9720,clay,0.566,0.850,-0.2709,8.1546,-0.0827,-0.0792,0.6604,-0.3599,-18.7978,-19.7377,-18.3112,-18.1614,-0.1323
12.9840,clay,0.566,0.850,-0.2742,8.2960,-0.1563,-0.0793,0.4834,-0.5880,-18.7643,-19.7703,-18.2768,-18.1472,-0.1334
12.9960,clay,0.566,0.850,-0.2774,8.3065,-0.0945,-0.0823,0.6837,-1.3060,-18.8020,-19.7694,-18.3730,-18.1260,-0.1351
13.0080,clay,0.566,0.850,-0.2804,8.3411,-0.0585,-0.0886,0.5329,-0.4466,-18.8466,-19.7337,-18.3560,-18.1225,-0.1367
13.0200,clay,0.566,0.850,-0.2832,8.2807,-0.0085,-0.0879,0.6455,-1.0202,-18.8587,-19.6738,-18.3764,-18.2004,-0.1382
13.0320,clay,0.566,0.850,-0.2857,8.3475,-0.1336,-0.0935,0.5011,-0.6416,-18.8091,-19.7108,-18.4064,-18.1702,-0.1399
13.0440,clay,0.566,0.850,-0.2881,8.2864,-0.1418,-0.0928,0.6027,-0.7185,-18.8068,-19.7475,-18.4196,-18.1767,-0.1412
13.0560,clay,0.566,0.850,-0.2902,8.3455,-0.1116,-0.0963,0.6109,-0.9675,-18.7690,-19.6935,-18.3929,-18.2740,-0.1421
13.0680,clay,0.566,0.850,-0.2922,8.4508,-0.0580,-0.1018,0.6888,-0.7186,-18.8201,-19.6972,-18.4444,-18.2547,-0.1431
13.0800,clay,0.566,0.850,-0.2939,8.3440,-0.0602,-0.1012,0.6248,-0.7919,-18.7899,-19.7328,-18.4339,-18.3114,-0.1441
13.0920,clay,0.566,0.850,-0.2954,8.3634,-0.0218,-0.1045,0.7279,-0.8673,-18.7468,-19.7178,-18.5001,-18.2809,-0.1447
13.1040,clay,0.566,0.850,-0.2967,8.3806,-0.1502,-0.1096,0.5336,-0.8695,-18.7730,-19.7226,-18.4587,-18.2786,-0.1455
13.1160,clay,0.566,0.850,-0.2978,8.4408,-0.0064,-0.1077,0.3156,-1.1801,-18.8519,-19.7297,-18.5534,-18.2796,-0.1460
13.1280,clay,0.566,0.850,-0.2987,8.4295,-0.0793,-0.1118,0.1443,-0.9146,-18.8734,-19.6887,-18.6573,-18.2139,-0.1463
13.1400,clay,0.566,0.850,-0.2993,8.3015,-0.0887,-0.1144,0.6751,-1.3781,-18.8376,-19.7082,-18.5817,-18.2766,-0.1468
13.1520,clay,0.566,0.850,-0.2998,8.3856,-0.1168,-0.1121,0.4432,-1.1289,-18.8787,-19.7190,-18.6417,-18.2911,-0.1471
13.1640,clay,0.566,0.850,-0.3000,8.4128,-0.0912,-0.1177,0.5623,-1.0499,-18.8870,-19.7438,-18.6265,-18.3073,-0.1473
13.1760,clay,0.566,0.850,-0.3000,8.4837,-0.0865,-0.1178,0.4924,-0.9227,-18.8329,-19.7574,-18.6228,-18.3112,-0.1474
13.1880,clay,0.566,0.850,-0.2998,8.3759,-0.0134,-0.1191,0.4456,-0.7518,-18.8717,-19.7553,-18.7036,-18.3656,-0.1473
13.2000,clay,0.566,0.850,-0.2993,8.4890,-0.0559,-0.1218,-0.1167,-0.6423,-18.8833,-19.7812,-18.6561,-18.3005,-0.1470
13.2120,clay,0.566,0.850,-0.2987,8.4625,-0.1183,-0.1200,0.7926,-1.0063,-18.8320,-19.7699,-18.5935,-18.3849,-0.1467
13.2240,clay,0.566,0.850,-0.2978,8.3888,-0.1026,-0.1222,0.6050,-1.0576,-18.8795,-19.7588,-18.7458,-18.3553,-0.1465
13.2360,clay,0.566,0.850,-0.2967,8.4603,-0.0769,-0.1233,0.4526,-0.6699,-18.9060,-19.7426,-18.7181,-18.3462,-0.1460
13.2480,clay,0.566,0.850,-0.2954,8.5354,-0.1408,-0.1213,0.6767,-0.8675,-18.8942,-19.7151,-18.7414,-18.4265,-0.1451
13.2600,clay,0.566,0.850,-0.2939,8.4792,-0.0525,-0.1247,0.6764,-0.6713,-18.8617,-19.7136,-18.7557,-18.4186,-0.1445
13.2720,clay,0.566,0.850,-0.2922,8.4507,-0.0604,-0.1264,0.5540,-1.2108,-18.8817,-19.7564,-18.7310,-18.4659,-0.1441
13.2840,clay,0.566,0.850,-0.2902,8.5117,-0.0179,-0.1262,0.6329,-0.6482,-18.8886,-19.7783,-18.7735,-18.4969,-0.1430
13.2960,clay,0.566,0.850,-0.2881,8.4275,-0.0643,-0.1277,0.4411,-0.4687,-18.8405,-19.7576,-18.8788,-18.3558,-0.1416
13.3080,clay,0.566,0.850,-0.2857,8.4571,-0.0062,-0.1242,0.3815,-1.1950,-18.8886,-19.7370,-18.7785,-18.4501,-0.1406
13.3200,clay,0.566,0.850,-0.2832,8.4679,-0.1225,-0.1235,0.6500,-0.6165,-18.8677,-19.7719,-18.8133,-18.5000,-0.1398
13.3320,clay,0.566,0.850,-0.2804,8.4646,-0.1468,-0.1230,0.4337,-1.1727,-18.8274,-19.8020,-18.8541,-18.4793,-0.1384
13.3440,clay,0.566,0.850,-0.2774,8.5552,-0.0869,-0.1247,0.3649,-1.2495,-18.8588,-19.7739,-18.8118,-18.5003,-0.1366
13.3560,clay,0.566,0.850,-0.2742,8.4459,-0.1004,-0.1212,0.4900,-1.5204,-18.9130,-19.7659,-18.8963,-18.4815,-0.1350
13.3680,clay,0.566,0.850,-0.2709,8.4601,-0.0107,-0.1252,0.2896,-1.3480,-18.8580,-19.8139,-18.8561,-18.4497,-0.1335
13.3800,clay,0.566,0.850,-0.2673,8.5732,-0.0453,-0.1225,0.5343,-1.4593,-18.8636,-19.7599,-18.7993,-18.5395,-0.1320
13.3920,clay,0.566,0.850,-0.2635,8.4922,-0.0255,-0.1203,0.6771,-1.8409,-18.9030,-19.7506,-18.8814,-18.5515,-0.1305
13.4040,clay,0.566,0.850,-0.2596,8.5609,-0.1472,-0.1226,0.5234,-1.5539,-18.9628,-19.7513,-18.8767,-18.4784,-0.1286
13.4160,clay,0.566,0.850,-0.2554,8.5672,-0.1352,-0.1214,0.5783,-1.1278,-18.8789,-19.7973,-18.8301,-18.5243,-0.1262
13.4280,clay,0.566,0.850,-0.2511,8.5127,-0.1573,-0.1243,0.1680,-1.0643,-18.8556,-19.8097,-18.8810,-18.5831,-0.1242
13.4400,clay,0.566,0.850,-0.2466,8.5312,-0.1039,-0.1245,0.2912,-1.1374,-18.9455,-19.7609,-18.8496,-18.5496,-0.1222
13.4520,clay,0.566,0.850,-0.2419,8.5595,-0.1557,-0.1199,0.4641,-1.1532,-19.0387,-19.7548,-18.8825,-18.5379,-0.1197
13.4640,clay,0.566,0.850,-0.2370,8.5738,-0.0521,-0.1193,0.4875,-1.0126,-18.9598,-19.7425,-18.9055,-18.5551,-0.1172
13.4760,clay,0.566,0.850,-0.2320,8.5511,-0.0463,-0.1191,0.4934,-0.6289,-18.9642,-19.7340,-18.9597,-18.5779,-0.1148
13.4880,clay,0.566,0.850,-0.2268,8.5717,-0.0676,-0.1174,0.6801,-1.0797,-18.9784,-19.7539,-18.9070,-18.6105,-0.1128
13.5000,clay,0.566,0.850,-0.2214,8.6201,-0.0108,-0.1176,0.4204,-0.8608,-18.9588,-19.7903,-18.9484,-18.5978,-0.1102
13.5120,clay,0.566,0.850,-0.2159,8.6524,-0.1092,-0.1191,0.5981,-0.6975,-18.9009,-19.7643,-18.9610,-18.5981,-0.1071
13.5240,clay,0.566,0.850,-0.2102,8.6143,-0.0586,-0.1207,0.5783,-0.9730,-18.9343,-19.7562,-18.9665,-18.5956,-0.1043
13.5360,clay,0.566,0.850,-0.2044,8.6469,-0.0797,-0.1185,0.4159,-0.5216,-19.0079,-19.7144,-19.0264,-18.6400,-0.1017
13.5480,clay,0.566,0.850,-0.1984,8.5835,-0.0591,-0.1180,0.4371,-1.1987,-18.9599,-19.7665,-18.9528,-18.6812,-0.0988
13.5600,clay,0.566,0.850,-0.1923,8.6114,-0.2179,-0.1155,0.4694,-0.9615,-18.9211,-19.7466,-18.9855,-18.6505,-0.0955
13.5720,clay,0.566,0.850,-0.1860,8.6582,-0.0665,-0.1148,0.3360,-1.1009,-18.9541,-19.7336,-19.0052,-18.6972,-0.0925
13.5840,clay,0.566,0.850,-0.1796,8.6607,-0.0004,-0.1125,0.4842,-1.3265,-19.0537,-19.7138,-19.0394,-18.7140,-0.0899
13.5960,clay,0.566,0.850,-0.1731,8.6766,-0.1007,-0.1125,0.1770,-0.7485,-19.0019,-19.7866,-18.9470,-18.6667,-0.0868
13.6080,clay,0.566,0.850,-0.1664,8.6126,-0.1488,-0.1112,0.2551,-0.6735,-18.9646,-19.7720,-19.0784,-18.6462,-0.0829
13.6200,clay,0.566,0.850,-0.1596,8.5910,-0.1032,-0.1072,0.3186,-1.0131,-19.0543,-19.7048,-19.0609,-18.7244,-0.0793
13.6320,clay,0.566,0.850,-0.1527,8.6522,-0.0896,-0.1038,0.3795,-0.7383,-19.0788,-19.7203,-19.0018,-18.7561,-0.0763
13.6440,clay,0.566,0.850,-0.1457,8.6192,0.0006,-0.1047,0.4500,-0.9652,-19.0613,-19.7612,-19.0252,-18.6965,-0.0732
13.6560,clay,0.566,0.850,-0.1386,8.6970,-0.0607,-0.1051,0.3836,-0.9032,-19.0582,-19.7515,-19.0295,-18.7198,-0.0696
13.6680,clay,0.566,0.850,-0.1314,8.6737,0.0493,-0.0988,0.5173,-0.6442,-19.1140,-19.7523,-19.0646,-18.7824,-0.0659
13.6800,clay,0.566,0.850,-0.1241,8.7113,-0.0257,-0.0972,0.5295,-0.6444,-19.0865,-19.7961,-18.9939,-18.7427,-0.0622
13.6920,clay,0.566,0.850,-0.1167,8.7008,-0.0431,-0.0960,0.2952,-1.0743,-19.0481,-19.8209,-19.0559,-18.8152,-0.0587
13.7040,clay,0.566,0.850,-0.1092,8.6355,-0.0853,-0.0916,0.6244,-1.0728,-19.0727,-19.7694,-19.1547,-18.7868,-0.0550
13.7160,clay,0.566,0.850,-0.1016,8.6452,-0.0117,-0.0919,0.7020,-0.2374,-19.0849,-19.7526,-19.0320,-18.8259,-0.0513
13.7280,clay,0.566,0.850,-0.0940,8.6128,-0.1136,-0.0904,0.2945,-0.2935,-19.0791,-19.8029,-19.0608,-18.7946,-0.0474
13.7400,clay,0.566,0.850,-0.0863,8.7662,-0.0468,-0.0897,0.5731,-0.8207,-19.0463,-19.8539,-19.0492,-18.8254,-0.0437
13.7520,clay,0.566,0.850,-0.0785,8.8076,-0.1306,-0.0850,0.3514,-0.6231,-19.0926,-19.8007,-19.1241,-18.8471,-0.0396
13.7640,clay,0.566,0.850,-0.0707,8.7336,-0.0548,-0.0837,0.1948,-0.3412,-19.0936,-19.7591,-19.0503,-18.8219,-0.0359
13.7760,clay,0.566,0.850,-0.0628,8.7580,-0.0360,-0.0786,0.3735,-0.8218,-19.0707,-19.7846,-19.0999,-18.8886,-0.0322
13.7880,clay,0.566,0.850,-0.0549,8.7321,0.0271,-0.0753,0.3301,-0.2098,-19.0242,-19.8104,-19.1537,-18.9049,-0.0283
13.8000,clay,0.566,0.850,-0.0469,8.6976,-0.0498,-0.0746,0.4897,-0.5640,-19.0704,-19.7528,-19.0665,-18.9010,-0.0240
13.8120,clay,0.566,0.850,-0.0389,8.6133,0.0040,-0.0719,0.4897,0.0448,-19.0779,-19.7661,-19.0998,-18.8540,-0.0204
13.8240,clay,0.566,0.850,-0.0309,8.6943,-0.0643,-0.0714,0.4487,-0.0063,-19.0893,-19.7822,-19.0765,-18.9521,-0.0168
13.8360,clay,0.566,0.850,-0.0229,8.7319,-0.0249,-0.0681,0.5513,0.1237,-19.0868,-19.7783,-19.1196,-18.9397,-0.0130
13.8480,clay,0.566,0.850,-0.0148,8.7512,-0.0547,-0.0607,0.2605,-0.3651,-19.0556,-19.7842,-19.0745,-18.9139,-0.0083
13.8600,clay,0.566,0.850,-0.0067,8.6935,-0.1006,-0.0571,0.3129,-0.1905,-19.0968,-19.7655,-19.0932,-18.9784,-0.0045
13.8720,clay,0.566,0.850,0.0013,8.7799,0.0171,-0.0546,0.4990,-0.7833,-19.1388,-19.7496,-19.1452,-18.9864,-0.0019
13.8840,clay,0.566,0.850,0.0094,8.7600,-0.1109,-0.0523,0.4028,-0.3649,-19.1003,-19.7918,-19.0432,-19.0633,0.0027
13.8960,clay,0.566,0.850,0.0175,8.7108,-0.0120,-0.0511,0.5152,-0.3177,-19.0360,-19.7386,-19.1079,-18.9630,0.0091
13.9080,clay,0.566,0.850,0.0256,8.7938,-0.0209,-0.0447,0.4982,-0.1869,-19.0980,-19.7245,-19.1078,-19.0224,0.0132
13.9200,clay,0.566,0.850,0.0336,8.7922,0.0307,-0.0413,0.0799,-0.3359,-19.1692,-19.7292,-19.1584,-19.0319,0.0154
13.9320,clay,0.566,0.850,0.0416,8.7023,-0.0963,-0.0403,0.5789,-0.2657,-19.1267,-19.7267,-19.0424,-19.1428,0.0184
13.9440,clay,0.566,0.850,0.0496,8.7697,0.0503,-0.0351,0.4421,0.2651,-19.1372,-19.6971,-19.1301,-19.0043,0.0228
13.9560,clay,0.566,0.850,0.0575,8.7445,0.0180,-0.0336,0.1749,0.2825,-19.2100,-19.6655,-19.1786,-19.0618,0.0277
13.9680,clay,0.566,0.850,0.0654,8.8246,0.0454,-0.0252,0.4021,-0.1210,-19.2643,-19.6617,-19.1520,-19.0997,0.0314
13.9800,clay,0.566,0.850,0.0733,8.7675,-0.0197,-0.0225,0.4069,0.0666,-19.2327,-19.6888,-19.0824,-19.1473,0.0349
13.9920,clay,0.566,0.850,0.0811,8.7262,0.0208,-0.0187,0.3011,0.3357,-19.2547,-19.5948,-19.1674,-19.0736,0.0392
14.0040,clay,0.566,0.850,0.0889,8.8401,0.0458,-0.0170,0.4301,-0.0825,-19.3482,-19.5460,-19.1505,-19.1459,0.0431
14.0160,clay,0.566,0.850,0.0965,8.7856,0.0040,-0.0123,0.0103,0.1371,-19.3756,-19.5383,-19.1354,-19.2075,0.0461
14.0280,clay,0.566,0.850,0.1042,8.7723,0.0675,-0.0041,0.2326,-0.1424,-19.3248,-19.5517,-19.0894,-19.2204,0.0503
14.0400,clay,0.566,0.850,0.1117,8.7110,0.0391,-0.0030,0.2536,0.1731,-19.3243,-19.5552,-19.1799,-19.1300,0.0546
14.0520,clay,0.566,0.850,0.1191,8.9073,0.0066,0.0010,0.4509,0.1013,-19.3563,-19.5935,-19.1929,-19.1584,0.0585
14.0640,clay,0.566,0.850,0.1265,8.7788,0.0496,0.0019,0.3463,0.2738,-19.3216,-19.6369,-19.1459,-19.2532,0.0618
14.0760,clay,0.566,0.850,0.1338,8.7596,0.0213,0.0085,0.2485,0.2139,-19.3109,-19.5812,-19.1111,-19.2419,0.0650
14.0880,clay,0.566,0.850,0.1410,8.7497,0.0056,0.0172,0.3010,0.6948,-19.3609,-19.5480,-19.2131,-19.1602,0.0684
14.1000,clay,0.566,0.850,0.1481,8.8171,0.0715,0.0196,0.2925,0.0996,-19.3578,-19.5583,-19.1793,-19.2720,0.0719
14.1120,clay,0.566,0.850,0.1550,8.7550,0.0806,0.0244,0.6549,0.1052,-19.3302,-19.5429,-19.1582,-19.3030,0.0754
14.1240,clay,0.566,0.850,0.1619,8.7062,0.0941,0.0267,-0.0617,0.2445,-19.3510,-19.5248,-19.1602,-19.2948,0.0789
14.1360,clay,0.566,0.850,0.1686,8.8272,0.0444,0.0314,0.2530,0.2278,-19.3755,-19.4995,-19.2338,-19.2800,0.0824
14.1480,clay,0.566,0.850,0.1752,8.8640,0.0694,0.0375,0.6368,0.0685,-19.3333,-19.4989,-19.2352,-19.3325,0.0853
14.1600,clay,0.566,0.850,0.1817,8.7954,0.0666,0.0393,0.4156,-0.1798,-19.2896,-19.5266,-19.2130,-19.3719,0.0885
14.1720,clay,0.566,0.850,0.1881,8.8336,0.1478,0.0459,0.0556,0.6964,-19.3024,-19.5354,-19.1636,-19.3726,0.0919
14.1840,clay,0.566,0.850,0.1943,8.8479,-0.0021,0.0509,0.0233,0.7616,-19.3149,-19.5244,-19.2100,-19.3756,0.0952
14.1960,clay,0.566,0.850,0.2004,8.8898,-0.0546,0.0526,0.1559,0.7383,-19.3091,-19.5016,-19.2544,-19.3770,0.0983
14.2080,clay,0.566,0.850,0.2063,8.9029,0.0374,0.0627,0.3033,0.6256,-19.3020,-19.4949,-19.2651,-19.3979,0.1010
14.2200,clay,0.566,0.850,0.2121,8.8689,0.0603,0.0643,0.0481,0.6718,-19.3351,-19.5268,-19.2123,-19.3890,0.1040
14.2320,clay,0.566,0.850,0.2178,8.8296,0.1176,0.0677,0.1716,0.8318,-19.3195,-19.5187,-19.2380,-19.3945,0.1070
14.2440,clay,0.566,0.850,0.2232,8.9207,0.0180,0.0684,0.2480,1.0163,-19.2957,-19.5004,-19.3264,-19.3902,0.1095
14.2560,clay,0.566,0.850,0.2286,8.8030,0.0138,0.0730,0.2337,0.3794,-19.3070,-19.4982,-19.2989,-19.4853,0.1121
14.2680,clay,0.566,0.850,0.2337,8.8079,-0.0047,0.0838,0.3184,0.2623,-19.2939,-19.5085,-19.2629,-19.4476,0.1148
14.2800,clay,0.566,0.850,0.2387,8.7628,0.1570,0.0872,0.2044,0.5826,-19.2870,-19.5203,-19.3123,-19.4423,0.1173
14.2920,clay,0.566,0.850,0.2435,8.8848,0.0592,0.0920,0.1859,0.8810,-19.2753,-19.5136,-19.3204,-19.4877,0.1198
14.3040,clay,0.566,0.850,0.2481,8.8498,0.0523,0.0960,0.3039,0.7136,-19.2986,-19.4982,-19.2483,-19.4911,0.1223
14.3160,clay,0.566,0.850,0.2526,8.9061,0.0743,0.0976,0.0304,0.9764,-19.2872,-19.5231,-19.2059,-19.5055,0.1243
14.3280,clay,0.566,0.850,0.2568,8.8446,0.0859,0.1080,0.1627,0.9865,-19.2704,-19.5337,-19.2593,-19.5334,0.1261
14.3400,clay,0.566,0.850,0.2609,8.9225,0.1127,0.1095,0.0972,0.9097,-19.2680,-19.5404,-19.2999,-19.5502,0.1286
14.3520,clay,0.566,0.850,0.2648,8.9057,0.0774,0.1128,0.2140,0.8186,-19.2490,-19.5390,-19.3101,-19.4947,0.1306
14.3640,clay,0.566,0.850,0.2685,8.7941,0.1093,0.1123,0.0894,0.7530,-19.2348,-19.5737,-19.2451,-19.5731,0.1324
14.3760,clay,0.566,0.850,0.2720,8.9729,0.0873,0.1177,0.1904,1.4884,-19.2553,-19.5233,-19.3348,-19.5799,0.1341
14.3880,clay,0.566,0.850,0.2753,8.9565,0.1042,0.1239,0.3539,0.6229,-19.2686,-19.4914,-19.3419,-19.5753,0.1353
14.4000,clay,0.566,0.850,0.2784,8.8720,-0.0211,0.1234,0.0205,0.6766,-19.2937,-19.4765,-19.3113,-19.5518,0.1370
14.4120,clay,0.566,0.850,0.2813,8.8571,0.0124,0.1264,0.0531,1.2631,-19.3525,-19.4569,-19.2493,-19.6374,0.1389
14.4240,clay,0.566,0.850,0.2840,8.8779,-0.0587,0.1279,0.0728,1.1369,-19.3744,-19.4379,-19.2795,-19.6340,0.1402
14.4360,clay,0.566,0.850,0.2865,8.9224,-0.0180,0.1287,0.1046,0.8277,-19.3786,-19.4337,-19.3392,-19.5700,0.1412
14.4480,clay,0.566,0.850,0.2888,8.9075,0.0018,0.1286,0.1639,1.5394,-19.3912,-19.4241,-19.2481,-19.6488,0.1421
14.4600,clay,0.566,0.850,0.2909,8.8639,-0.0478,0.1294,0.0466,1.2174,-19.3841,-19.4318,-19.2650,-19.6513,0.1433
14.4720,clay,0.566,0.850,0.2928,8.9032,-0.0091,0.1323,0.1829,1.3402,-19.4136,-19.3983,-19.2966,-19.6539,0.1444
14.4840,clay,0.566,0.850,0.2944,8.8756,0.0483,0.1331,0.1830,1.4895,-19.4352,-19.3935,-19.3165,-19.6121,0.1452
14.4960,clay,0.566,0.850,0.2959,8.8539,0.0619,0.1345,0.1407,2.0147,-19.4631,-19.3882,-19.3116,-19.6568,0.1458
14.5080,clay,0.566,0.850,0.2971,8.8853,0.0277,0.1317,0.0790,1.3524,-19.4921,-19.3638,-19.3518,-19.6496,0.1464
14.5200,clay,0.566,0.850,0.2981,8.9631,-0.0133,0.1343,0.1280,0.4909,-19.4666,-19.3636,-19.3332,-19.7140,0.1470
14.5320,clay,0.566,0.850,0.2989,8.9147,0.0580,0.1337,0.0780,1.4527,-19.4417,-19.3736,-19.2642,-19.6575,0.1475
14.5440,clay,0.566,0.850,0.2995,8.8362,0.0971,0.1352,0.0797,1.2284,-19.4299,-19.3718,-19.2578,-19.7022,0.1479
14.5560,clay,0.566,0.850,0.2999,8.9218,0.0792,0.1364,0.1865,1.4446,-19.4495,-19.3575,-19.3171,-19.6943,0.1482
14.5680,clay,0.566,0.850,0.3000,8.9158,0.0939,0.1363,0.2244,1.0058,-19.4584,-19.3812,-19.3207,-19.6309,0.1482
14.5800,clay,0.566,0.850,0.2999,8.8958,0.0095,0.1325,0.0914,1.5649,-19.4709,-19.3692,-19.3107,-19.6589,0.1481
14.5920,clay,0.566,0.850,0.2996,8.8699,0.0357,0.1353,0.2984,1.3210,-19.4503,-19.3549,-19.3315,-19.7194,0.1480
14.6040,clay,0.566,0.850,0.2991,8.8849,0.0474,0.1364,0.1562,1.4971,-19.4242,-19.3720,-19.3474,-19.6447,0.1479
14.6160,clay,0.566,0.850,0.2984,8.8151,0.0214,0.1355,-0.0235,1.5094,-19.4403,-19.3593,-19.2309,-19.6923,0.1479
14.6280,clay,0.566,0.850,0.2975,8.9107,0.0947,0.1341,0.1787,1.2829,-19.4712,-19.3437,-19.2573,-19.7389,0.1476
14.6400,clay,0.566,0.850,0.2963,8.9110,0.0902,0.1334,0.1487,1.6875,-19.5003,-19.3651,-19.3354,-19.6460,0.1467
14.6520,clay,0.566,0.850,0.2949,8.9145,0.1063,0.1326,0.0520,0.9461,-19.5100,-19.3763,-19.2494,-19.6773,0.1460
14.6640,clay,0.566,0.850,0.2934,8.9894,0.0568,0.1318,0.1101,1.2344,-19.4816,-19.4064,-19.2696,-19.7437,0.1454
14.6760,clay,0.566,0.850,0.2916,8.9793,0.0020,0.1313,0.2438,1.2878,-19.4862,-19.3926,-19.3282,-19.7130,0.1447
14.6880,clay,0.566,0.850,0.2895,8.9564,0.0629,0.1342,0.0789,0.7544,-19.4982,-19.3925,-19.3070,-19.7008,0.1437
14.7000,clay,0.566,0.850,0.2873,9.0032,0.1037,0.1342,0.1691,0.7266,-19.5169,-19.3459,-19.2356,-19.7775,0.1426
14.7120,clay,0.566,0.850,0.2849,9.0176,0.1179,0.1331,0.1227,1.2488,-19.5269,-19.3397,-19.2748,-19.7659,0.1414
14.7240,clay,0.566,0.850,0.2823,8.9644,0.0675,0.1300,0.2732,1.5759,-19.4998,-19.3926,-19.2652,-19.7011,0.1401
14.7360,clay,0.566,0.850,0.2794,8.9393,0.0105,0.1301,0.2091,1.6146,-19.5096,-19.3960,-19.1983,-19.7788,0.1390
14.7480,clay,0.566,0.850,0.2764,8.9328,0.0391,0.1321,0.0757,1.0596,-19.4915,-19.4258,-19.2376,-19.7719,0.1377
14.7600,clay,0.566,0.850,0.2731,9.0086,0.1219,0.1285,0.1380,1.2009,-19.5181,-19.4451,-19.2221,-19.6985,0.1361
14.7720,clay,0.566,0.850,0.2697,8.9320,0.0974,0.1289,0.1305,1.2691,-19.5643,-19.4013,-19.2148,-19.7389,0.1344
14.7840,clay,0.566,0.850,0.2661,8.9167,0.0653,0.1300,0.2906,1.4046,-19.5304,-19.4278,-19.2507,-19.7566,0.1324
14.7960,clay,0.566,0.850,0.2622,8.9297,0.1043,0.1287,0.3694,1.6911,-19.5323,-19.4179,-19.2504,-19.6756,0.1307
14.8080,clay,0.566,0.850,0.2582,8.8680,-0.0206,0.1311,-0.0316,0.8520,-19.5342,-19.4200,-19.1909,-19.7389,0.1290
14.8200,clay,0.566,0.850,0.2540,8.9845,0.0275,0.1285,0.2486,1.0296,-19.5443,-19.3751,-19.2665,-19.7615,0.1270
14.8320,clay,0.566,0.850,0.2496,8.8289,0.0567,0.1294,-0.1156,1.0739,-19.5651,-19.3789,-19.2686,-19.6916,0.1248
14.8440,clay,0.566,0.850,0.2451,8.9812,0.0370,0.1321,0.1169,0.9364,-19.5832,-19.3854,-19.2055,-19.7228,0.1223
14.8560,clay,0.566,0.850,0.2403,9.0061,0.2492,0.1305,-0.0876,1.1181,-19.5705,-19.3994,-19.3003,-19.6602,0.1200
14.8680,clay,0.566,0.850,0.2354,8.7932,0.0124,0.1248,0.2186,1.2821,-19.5618,-19.4019,-19.3277,-19.6959,0.1179
14.8800,clay,0.566,0.850,0.2303,8.9354,0.1352,0.1269,0.1865,1.2817,-19.5611,-19.4261,-19.2606,-19.7471,0.1159
14.8920,clay,0.566,0.850,0.2250,8.9652,0.0602,0.1284,0.2077,1.0973,-19.5938,-19.3961,-19.3882,-19.6082,0.1131
14.9040,clay,0.566,0.850,0.2196,9.0393,0.1571,0.1281,0.2898,0.7306,-19.5456,-19.4254,-19.2473,-19.7421,0.1101
14.9160,clay,0.566,0.850,0.2140,8.8891,0.0880,0.1289,0.2154,1.2272,-19.5084,-19.4502,-19.2831,-19.7301,0.1074
14.9280,clay,0.566,0.850,0.2083,8.9909,0.0285,0.1246,0.0457,1.5791,-19.5184,-19.4313,-19.3601,-19.6657,0.1052
14.9400,clay,0.566,0.850,0.2024,8.9309,0.1179,0.1255,-0.0002,1.1964,-19.5456,-19.4029,-19.1919,-19.7855,0.1023
14.9520,clay,0.566,0.850,0.1964,8.9366,0.0551,0.1244,0.2068,0.9417,-19.5756,-19.3984,-19.2891,-19.6990,0.0991
14.9640,clay,0.566,0.850,0.1902,9.0259,0.0099,0.1238,0.1597,0.8963,-19.5248,-19.4534,-19.3488,-19.6673,0.0956
14.9760,clay,0.566,0.850,0.1839,8.9002,0.0496,0.1188,0.1439,1.1249,-19.5148,-19.4355,-19.3095,-19.7705,0.0930
14.9880,clay,0.566,0.850,0.1774,8.9122,0.0581,0.1192,0.1681,0.6349,-19.5199,-19.4658,-19.3583,-19.6742,0.0897
15.0000,clay,0.566,0.850,0.1708,9.0239,0.1542,0.1182,-0.0411,1.0367,-19.5445,-19.4768,-19.3216,-19.7039,0.0867
15.0120,clay,0.566,0.850,0.1641,8.9604,0.0409,0.1174,0.2569,0.5434,-19.5348,-19.4850,-19.2508,-19.7675,0.0833
15.0240,clay,0.566,0.850,0.1573,8.9496,0.1687,0.1182,0.0442,1.2825,-19.5162,-19.4752,-19.3520,-19.7159,0.0800
15.0360,clay,0.566,0.850,0.1504,9.0742,0.0582,0.1172,0.0676,0.9666,-19.5273,-19.4710,-19.2551,-19.8055,0.0764
15.0480,clay,0.566,0.850,0.1433,8.9607,0.0880,0.1151,0.0031,0.9771,-19.5295,-19.5011,-19.3464,-19.7921,0.0734
15.0600,clay,0.566,0.850,0.1362,8.8934,0.0233,0.1118,0.0968,1.1388,-19.5833,-19.4791,-19.3997,-19.7577,0.0697
15.0720,clay,0.566,0.850,0.1290,8.9037,0.0784,0.1094,0.0576,0.6825,-19.5478,-19.5086,-19.2822,-19.8033,0.0660
15.0840,clay,0.566,0.850,0.1216,8.8852,0.0255,0.1085,0.2730,0.6174,-19.5491,-19.5361,-19.3727,-19.6679,0.0625
15.0960,clay,0.566,0.850,0.1142,8.9710,0.1122,0.1044,0.2948,1.0196,-19.5725,-19.5476,-19.2906,-19.7764,0.0591
15.1080,clay,0.566,0.850,0.1067,8.9808,0.0057,0.1041,-0.0560,0.4974,-19.5751,-19.5393,-19.3283,-19.6785,0.0550
15.1200,clay,0.566,0.850,0.0991,8.8696,0.0875,0.1020,0.1753,1.0021,-19.5352,-19.5479,-19.3856,-19.7311,0.0515
15.1320,clay,0.566,0.850,0.0914,8.9134,-0.0280,0.0989,0.2262,0.1645,-19.5173,-19.5727,-19.2951,-19.7843,0.0481
15.1440,clay,0.566,0.850,0.0837,8.9212,-0.0226,0.0999,0.3350,0.5535,-19.5212,-19.5972,-19.4315,-19.6732,0.0440
15.1560,clay,0.566,0.850,0.0759,9.0029,0.0762,0.0959,0.1546,0.6581,-19.5910,-19.5514,-19.3641,-19.7360,0.0402
15.1680,clay,0.566,0.850,0.0681,9.0003,0.0581,0.0945,0.1522,0.7134,-19.5580,-19.5517,-19.3691,-19.7426,0.0369
15.1800,clay,0.566,0.850,0.0602,9.0045,0.1288,0.0859,0.0403,1.3500,-19.5890,-19.5022,-19.4555,-19.6835,0.0327
15.1920,clay,0.566,0.850,0.0522,9.0140,0.0660,0.0849,0.1694,0.0424,-19.6071,-19.4921,-19.3761,-19.7605,0.0279
15.2040,clay,0.566,0.850,0.0443,8.9887,-0.0200,0.0875,0.3083,0.0072,-19.6092,-19.5218,-19.4576,-19.6233,0.0233
15.2160,clay,0.566,0.850,0.0363,9.0754,-0.0105,0.0824,-0.4930,0.4333,-19.5882,-19.5105,-19.4357,-19.6963,0.0199
15.2280,clay,0.566,0.850,0.0282,8.9974,0.0603,0.0791,0.3744,0.6646,-19.5643,-19.5744,-19.4181,-19.6464,0.0173
15.2400,clay,0.566,0.850,0.0202,9.0325,-0.0173,0.0756,0.3385,0.4521,-19.5750,-19.5776,-19.5103,-19.6257,0.0125
15.2520,clay,0.566,0.850,0.0121,8.9417,-0.0152,0.0723,-0.0266,0.0902,-19.5537,-19.5800,-19.3614,-19.7414,0.0080
15.2640,clay,0.566,0.850,0.0040,9.0030,0.0849,0.0681,0.1215,0.3354,-19.5296,-19.6159,-19.4583,-19.6687,0.0043
15.2760,clay,0.566,0.850,-0.0040,9.0287,-0.0192,0.0664,0.2660,0.4112,-19.5353,-19.6399,-19.3905,-19.7283,0.0002
15.2880,clay,0.566,0.850,-0.0121,9.0299,0.0779,0.0600,0.1409,0.2351,-19.5256,-19.6600,-19.4332,-19.6433,-0.0027
15.3000,clay,0.566,0.850,-0.0202,9.0147,0.0812,0.0547,-0.2453,0.2522,-19.5209,-19.6357,-19.4813,-19.6638,-0.0066
15.3120,clay,0.566,0.850,-0.0282,9.0272,0.0342,0.0553,0.1830,0.0543,-19.5503,-19.6120,-19.4668,-19.6220,-0.0117
15.3240,clay,0.566,0.850,-0.0363,8.9772,-0.0009,0.0502,-0.0914,-0.2708,-19.5703,-19.6086,-19.5597,-19.6057,-0.0158
15.3360,clay,0.566,0.850,-0.0443,8.9159,0.0289,0.0446,0.1280,-0.2016,-19.5457,-19.5909,-19.4773,-19.7016,-0.0192
15.3480,clay,0.566,0.850,-0.0522,9.0611,0.0718,0.0390,0.2731,0.0793,-19.5537,-19.5949,-19.5347,-19.6256,-0.0226
15.3600,clay,0.566,0.850,-0.0602,9.0101,0.0171,0.0380,0.0774,-0.1113,-19.5564,-19.6043,-19.4771,-19.6957,-0.0266
15.3720,clay,0.566,0.850,-0.0681,8.9489,0.0017,0.0346,0.0837,0.1068,-19.6038,-19.5655,-19.5143,-19.6185,-0.0313
15.3840,clay,0.566,0.850,-0.0759,9.0813,0.0022,0.0330,0.2197,0.2092,-19.5634,-19.5768,-19.6162,-19.6164,-0.0351
15.3960,clay,0.566,0.850,-0.0837,8.9696,0.0271,0.0278,0.0730,-0.3916,-19.5697,-19.5663,-19.5419,-19.6410,-0.0387
15.4080,clay,0.566,0.850,-0.0914,9.0717,0.0048,0.0208,0.0424,0.2508,-19.5659,-19.5930,-19.6229,-19.5826,-0.0423
15.4200,clay,0.566,0.850,-0.0991,9.0774,-0.0050,0.0162,0.1695,-0.2277,-19.5517,-19.6090,-19.5376,-19.6752,-0.0461
15.4320,clay,0.566,0.850,-0.1067,9.0555,-0.0892,0.0138,-0.0293,-0.5116,-19.5723,-19.5917,-19.5754,-19.6176,-0.0503
15.4440,clay,0.566,0.850,-0.1142,9.0536,-0.1462,0.0096,-0.0046,0.0282,-19.5317,-19.6047,-19.5635,-19.6759,-0.0540
15.4560,clay,0.566,0.850,-0.1216,8.9679,-0.0645,0.0086,0.2404,-0.5872,-19.5458,-19.6149,-19.5968,-19.6013,-0.0576
15.4680,clay,0.566,0.850,-0.1290,9.0611,-0.0330,-0.0015,0.0310,-0.4861,-19.4933,-19.6584,-19.6709,-19.6151,-0.0611
15.4800,clay,0.566,0.850,-0.1362,9.0907,-0.0829,-0.0012,0.0055,-0.4495,-19.5079,-19.6487,-19.6351,-19.6166,-0.0646
15.4920,clay,0.566,0.850,-0.1433,8.9934,-0.0105,-0.0059,0.3801,-0.3423,-19.5166,-19.6577,-19.6685,-19.5877,-0.0676
15.5040,clay,0.566,0.850,-0.1504,9.0148,-0.0805,-0.0120,0.2978,-0.4787,-19.5120,-19.6695,-19.6305,-19.6607,-0.0717
15.5160,clay,0.566,0.850,-0.1573,8.9624,-0.1054,-0.0118,0.1473,-0.0188,-19.5445,-19.6494,-19.6931,-19.6037,-0.0755
15.5280,clay,0.566,0.850,-0.1641,9.0260,-0.0052,-0.0191,0.0967,-0.5346,-19.4949,-19.6477,-19.6896,-19.6594,-0.0784
15.5400,clay,0.566,0.850,-0.1708,8.9938,-0.0973,-0.0207,0.0493,-0.1786,-19.5112,-19.6260,-19.6937,-19.6342,-0.0815
15.5520,clay,0.566,0.850,-0.1774,8.9466,-0.0703,-0.0258,-0.1084,-0.3721,-19.4926,-19.6674,-19.7018,-19.6360,-0.0852
15.5640,clay,0.566,0.850,-0.1839,8.9378,-0.1259,-0.0304,0.3771,-0.5605,-19.4989,-19.6979,-19.6584,-19.6602,-0.0889
15.5760,clay,0.566,0.850,-0.1902,9.0410,-0.1284,-0.0340,0.1611,-0.4736,-19.5379,-19.6497,-19.7062,-19.6016,-0.0916
15.5880,clay,0.566,0.850,-0.1964,9.1101,-0.0825,-0.0400,0.0252,-1.0779,-19.4895,-19.6599,-19.6845,-19.6673,-0.0947
15.6000,clay,0.566,0.850,-0.2024,9.0640,-0.1096,-0.0479,0.1581,-0.3909,-19.5034,-19.6654,-19.7695,-19.5908,-0.0976
15.6120,clay,0.566,0.850,-0.2083,8.9939,-0.0294,-0.0485,0.0944,-0.3369,-19.4987,-19.6570,-19.7797,-19.6425,-0.1008
15.6240,clay,0.566,0.850,-0.2140,9.0428,-0.0708,-0.0529,0.1332,-0.7429,-19.5028,-19.6421,-19.7864,-19.6640,-0.1039
15.6360,clay,0.566,0.850,-0.2196,9.0817,-0.1394,-0.0562,0.0833,-0.3685,-19.4816,-19.6408,-19.7459,-19.6868,-0.1066
15.6480,clay,0.566,0.850,-0.2250,8.8748,-0.0239,-0.0682,0.0525,-0.2842,-19.4971,-19.6456,-19.7604,-19.7221,-0.1091
15.6600,clay,0.566,0.850,-0.2303,8.9692,-0.0252,-0.0696,-0.2528,-0.4575,-19.5216,-19.5892,-19.7791,-19.7130,-0.1113
15.6720,clay,0.566,0.850,-0.2354,9.0265,-0.1082,-0.0743,-0.0253,-0.4743,-19.4427,-19.6189,-19.7585,-19.7418,-0.1142
15.6840,clay,0.566,0.850,-0.2403,8.9740,-0.0939,-0.0788,0.0668,-0.6102,-19.5095,-19.5831,-19.8026,-19.7003,-0.1171
15.6960,clay,0.566,0.850,-0.2451,9.0174,-0.1185,-0.0820,0.0764,-0.6950,-19.4859,-19.5964,-19.7690,-19.7698,-0.1197
15.7080,clay,0.566,0.850,-0.2496,9.0476,-0.0522,-0.0940,-0.0803,-0.5776,-19.4212,-19.6321,-19.7907,-19.7431,-0.1221
15.7200,clay,0.566,0.850,-0.2540,9.0786,-0.0042,-0.0957,-0.0251,-0.6090,-19.4446,-19.6053,-19.8211,-19.6993,-0.1239
15.7320,clay,0.566,0.850,-0.2582,9.0629,-0.0778,-0.0981,-0.0040,-0.7316,-19.4270,-19.6163,-19.8762,-19.6944,-0.1260
15.7440,clay,0.566,0.850,-0.2622,9.0911,-0.0948,-0.1027,0.1623,-0.5254,-19.4539,-19.6201,-19.8205,-19.6671,-0.1281
15.7560,clay,0.566,0.850,-0.2661,9.0646,-0.0383,-0.1065,0.0931,-1.0860,-19.4992,-19.6129,-19.8569,-19.6505,-0.1301
15.7680,clay,0.566,0.850,-0.2697,9.0930,-0.0360,-0.1132,0.0504,-0.8412,-19.4439,-19.6468,-19.8690,-19.6342,-0.1318
15.7800,clay,0.566,0.850,-0.2731,9.1052,-0.0955,-0.1132,0.2191,-0.8069,-19.4665,-19.6267,-19.8380,-19.6672,-0.1333
15.7920,clay,0.566,0.850,-0.2764,9.0562,-0.0487,-0.1153,-0.0302,-0.8804,-19.4337,-19.6281,-19.8645,-19.6259,-0.1352
15.8040,clay,0.566,0.850,-0.2794,9.0733,-0.1620,-0.1192,-0.1163,-1.7636,-19.4927,-19.6408,-19.8716,-19.6090,-0.1367
15.8160,clay,0.566,0.850,-0.2823,9.1131,-0.1226,-0.1191,-0.1141,-0.8575,-19.4967,-19.6380,-19.9496,-19.5597,-0.1378
15.8280,clay,0.566,0.850,-0.2849,9.0534,-0.0673,-0.1229,-0.1023,-1.2736,-19.4356,-19.6552,-19.8787,-19.6023,-0.1392
15.8400,clay,0.566,0.850,-0.2873,9.0710,-0.0039,-0.1231,-0.0663,-0.7117,-19.4824,-19.6701,-19.9032,-19.6614,-0.1407
15.8520,clay,0.566,0.850,-0.2895,9.1271,0.0373,-0.1282,0.1878,-0.5502,-19.4754,-19.6496,-19.9267,-19.6456,-0.1417
15.8640,clay,0.566,0.850,-0.2916,8.9552,-0.0738,-0.1266,-0.0496,-0.8733,-19.4206,-19.6587,-19.8866,-19.6626,-0.1428
15.8760,clay,0.566,0.850,-0.2934,9.0578,0.0439,-0.1281,0.0308,-1.1388,-19.4601,-19.6665,-20.0052,-19.5788,-0.1438
15.8880,clay,0.566,0.850,-0.2949,9.0792,0.0133,-0.1292,0.0201,-1.8039,-19.4151,-19.6374,-19.9410,-19.5897,-0.1447
15.9000,clay,0.566,0.850,-0.2963,9.0964,-0.0851,-0.1317,0.0181,-1.1786,-19.3833,-19.6769,-19.9565,-19.6394,-0.1455
15.9120,clay,0.566,0.850,-0.2975,9.0530,-0.1378,-0.1315,-0.0401,-1.3087,-19.4300,-19.6948,-19.9665,-19.5794,-0.1458
15.9240,clay,0.566,0.850,-0.2984,9.0004,-0.0787,-0.1326,0.0165,-1.0770,-19.3217,-19.7421,-19.9703,-19.6093,-0.1461
15.9360,clay,0.566,0.850,-0.2991,9.0479,-0.0526,-0.1350,0.0780,-0.8069,-19.3499,-19.7399,-19.9818,-19.5464,-0.1466
15.9480,clay,0.566,0.850,-0.2996,9.0513,-0.0887,-0.1316,0.0476,-1.0360,-19.4090,-19.7192,-19.8770,-19.6288,-0.1469
15.9600,clay,0.566,0.850,-0.2999,9.0267,-0.0712,-0.1295,-0.0883,-1.3774,-19.3201,-19.7327,-19.9657,-19.6498,-0.1473
15.9720,clay,0.566,0.850,-0.3000,9.0842,0.0166,-0.1313,0.0327,-1.3579,-19.3038,-19.7682,-19.9341,-19.6371,-0.1474
15.9840,clay,0.566,0.850,-0.2999,9.0715,0.0199,-0.1308,0.1580,-1.3616,-19.3640,-19.7374,-19.9590,-19.6544,-0.1471
15.9960,clay,0.566,0.850,-0.2995,9.1007,-0.1513,-0.1340,-0.0322,-1.0889,-19.2725,-19.7484,-20.0627,-19.5217,-0.1470
16.0080,clay,0.566,0.050,0.0317,9.0803,-0.1035,-0.1347,0.0987,-1.1566,-19.3002,-19.8165,-19.9260,-19.5926,-0.1469
16.0200,clay,0.566,0.050,-0.0000,9.0413,-0.1420,-0.1490,0.3555,-0.4537,-18.6439,-19.2200,-19.4087,-18.9440,-0.1321
16.0320,clay,0.566,0.050,-0.0317,8.9614,-0.0302,-0.1589,-2.1466,-0.9098,-17.7868,-18.7902,-19.2300,-18.4697,-0.0854
16.0440,clay,0.566,0.050,-0.0634,9.0214,0.0037,-0.1713,1.0272,-0.5361,-16.9900,-18.5665,-19.0746,-18.2158,-0.0202
16.0560,clay,0.566,0.050,-0.0950,9.0331,0.0165,-0.1552,-2.9063,-1.0483,-16.5506,-18.1365,-18.9352,-17.8831,0.0039
16.0680,clay,0.566,0.050,-0.1265,8.9387,-0.0174,-0.1096,-1.3349,-0.1163,-16.2919,-17.5866,-18.7097,-17.6644,-0.0076
16.0800,clay,0.566,0.050,-0.1577,8.9325,-0.0030,-0.0991,-1.9952,-0.1920,-16.0692,-17.0330,-18.5756,-17.3597,-0.0299
16.0920,clay,0.566,0.050,-0.1887,8.8868,0.0466,-0.0910,-2.2219,-0.4901,-15.8637,-16.4606,-18.3612,-17.1088,-0.0550
16.1040,clay,0.566,0.050,-0.2194,8.9071,0.0554,-0.0861,-2.1304,0.6791,-15.6463,-15.9389,-18.1524,-16.9062,-0.0846
16.1160,clay,0.566,0.050,-0.2497,8.8416,-0.0240,-0.0864,-1.7102,0.5469,-15.3525,-15.4372,-18.0102,-16.5233,-0.1115
16.1280,clay,0.566,0.050,-0.2797,8.7923,-0.0182,-0.0962,-2.1640,-0.7528,-15.0103,-14.9706,-17.7197,-16.3036,-0.1308
16.1400,clay,0.566,0.050,-0.3092,8.8282,-0.1181,-0.0952,-2.4532,-0.6473,-14.6389,-14.5533,-17.5554,-16.0028,-0.1458
16.1520,clay,0.566,0.050,-0.3382,8.8182,0.0802,-0.0980,-2.5225,-0.4476,-14.3287,-14.1346,-17.4004,-15.6812,-0.1563
16.1640,clay,0.566,0.050,-0.3667,8.7497,-0.0011,-0.0988,-2.6324,-0.4382,-13.9566,-13.8103,-17.1063,-15.4900,-0.1685
16.1760,clay,0.566,0.050,-0.3946,8.7820,0.0281,-0.1025,-3.3456,-1.8642,-13.5387,-13.4109,-16.9933,-15.1944,-0.1840
16.1880,clay,0.566,0.050,-0.4219,8.6970,-0.0021,-0.1048,-2.8365,-0.7499,-13.2825,-12.9976,-16.7645,-14.9413,-0.1994
16.2000,clay,0.566,0.050,-0.4486,8.6933,-0.0016,-0.1089,-2.6292,0.0295,-12.8357,-12.6754,-16.5496,-14.6750,-0.2130
16.2120,clay,0.566,0.050,-0.4745,8.6396,0.0605,-0.1083,-2.9256,-0.6091,-12.4531,-12.2707,-16.3909,-14.4113,-0.2273
16.2240,clay,0.566,0.050,-0.4997,8.6235,0.0666,-0.1098,-3.1000,0.1090,-12.0430,-12.0090,-16.1997,-14.1946,-0.2386
16.2360,clay,0.566,0.050,-0.5241,8.5690,0.0402,-0.1116,-1.5183,-1.2119,-11.6815,-11.5542,-16.0520,-13.8543,-0.2492
16.2480,clay,0.566,0.050,-0.5476,8.5542,0.1037,-0.1138,-2.7422,-0.2959,-11.4169,-11.1223,-15.9581,-13.5897,-0.2612
16.2600,clay,0.566,0.050,-0.5703,8.5565,0.0400,-0.1192,-3.6246,-0.4315,-10.9419,-10.8453,-15.7460,-13.3484,-0.2716
16.2720,clay,0.566,0.050,-0.5921,8.5071,0.0556,-0.1169,-2.5610,-0.4146,-10.5704,-10.5037,-15.5873,-13.0606,-0.2807
16.2840,clay,0.566,0.050,-0.6130,8.5378,0.1326,-0.1185,-3.0633,-0.6241,-10.1890,-10.1012,-15.4452,-12.8246,-0.2927
16.2960,clay,0.566,0.050,-0.6329,8.4308,0.1055,-0.1202,-2.8510,-0.6206,-9.8194,-9.7356,-15.3131,-12.5611,-0.3031
16.3080,clay,0.566,0.050,-0.6518,8.4870,0.1253,-0.1239,-2.8734,-0.3945,-9.4488,-9.3967,-15.1151,-12.3051,-0.3110
16.3200,clay,0.566,0.050,-0.6697,8.3373,0.0706,-0.1214,-2.8748,-0.2351,-8.9981,-9.0689,-14.9646,-12.0407,-0.3203
16.3320,clay,0.566,0.050,-0.6866,8.3378,0.0153,-0.1251,-2.5108,-0.6221,-8.6590,-8.6570,-14.8215,-11.7506,-0.3290
16.3440,clay,0.566,0.050,-0.7023,8.2873,0.0925,-0.1203,-2.7380,-0.1267,-8.2400,-8.3583,-14.6597,-11.5275,-0.3367
16.3560,clay,0.566,0.050,-0.7170,8.3380,0.1595,-0.1265,-2.8472,-0.0455,-7.8637,-8.0233,-14.4896,-11.2296,-0.3429
16.3680,clay,0.566,0.050,-0.7305,8.1957,0.2061,-0.1236,-2.7878,-0.4719,-7.6087,-7.5497,-14.3095,-10.9623,-0.3488
16.3800,clay,0.566,0.050,-0.7428,8.2283,0.0955,-0.1236,-3.1794,-0.3068,-7.2262,-7.2541,-14.0681,-10.7553,-0.3561
16.3920,clay,0.566,0.050,-0.7540,8.2115,0.0970,-0.1242,-2.9207,-0.5548,-6.7770,-6.9409,-13.9109,-10.3760,-0.3618
16.4040,clay,0.566,0.050,-0.7640,8.1295,0.0665,-0.1244,-2.8523,-0.2097,-5.6005,-5.7368,-12.8647,-9.3671,-0.3658
16.4160,clay,0.566,0.050,-0.7729,8.1663,0.2622,-0.1246,-2.0233,-0.2600,-3.3093,-3.4368,-10.6936,-7.1435,-0.3709
16.4280,clay,0.566,0.050,-0.7804,8.0108,0.2533,-0.1246,-2.7444,0.2316,-2.5558,-2.8579,-9.9884,-6.4824,-0.3756
16.4400,clay,0.566,0.050,-0.7868,7.9746,0.1203,-0.1230,-2.9269,0.5332,-2.2312,-2.6270,-9.7484,-6.2131,-0.3784
16.4520,clay,0.566,0.050,-0.7919,8.0201,0.1756,-0.1224,-2.3667,0.5193,-2.1065,-2.3150,-9.6023,-6.0495,-0.3801
16.4640,clay,0.566,0.050,-0.7958,8.0460,0.2125,-0.1234,-2.5309,-0.1084,-1.8818,-2.2670,-9.5250,-5.8075,-0.3821
16.4760,clay,0.566,0.050,-0.7984,7.9417,0.1845,-0.1232,-3.4173,-0.8173,-1.6622,-2.1182,-9.2992,-5.7698,-0.3842
16.4880,clay,0.566,0.050,-0.7998,7.9254,0.2175,-0.1199,-3.2013,0.0894,-1.4560,-1.9448,-9.2256,-5.6352,-0.3853
16.5000,clay,0.566,0.050,-0.7999,7.8183,0.1300,-0.1200,-2.7136,-0.5511,-1.3550,-1.7815,-9.0762,-5.5021,-0.3856
16.5120,clay,0.566,0.050,-0.7987,7.8329,0.2196,-0.1205,-3.1379,0.2655,-1.0996,-1.7280,-8.9890,-5.3991,-0.3858
16.5240,clay,0.566,0.050,-0.7963,7.8204,0.2146,-0.1185,-2.6116,-0.2610,-0.9130,-1.6067,-8.8636,-5.3814,-0.3851
16.5360,clay,0.566,0.050,-0.7927,7.8484,0.2741,-0.1182,-2.8002,-0.1069,-0.7642,-1.4173,-8.9711,-5.2477,-0.3834
16.5480,clay,0.566,0.050,-0.7877,7.6874,0.2221,-0.1209,-2.1367,-0.0517,-0.6384,-1.2306,-8.8070,-5.2635,-0.3814
16.5600,clay,0.566,0.050,-0.7816,7.6979,0.3059,-0.1202,-3.5445,-0.5361,-0.4796,-1.1691,-8.7661,-5.1700,-0.3796
16.5720,clay,0.566,0.050,-0.7742,7.6605,0.2276,-0.1187,-3.3002,-0.5565,-0.2734,-1.0475,-8.6521,-5.0815,-0.3762
16.5840,clay,0.566,0.050,-0.7656,7.7051,0.1758,-0.1168,-3.2240,-0.5397,-0.1419,-0.8934,-8.5619,-5.0648,-0.3721
16.5960,clay,0.566,0.050,-0.7558,7.6475,0.2156,-0.1116,-2.8801,-0.0108,0.0222,-0.7977,-8.5068,-4.9654,-0.3681
16.6080,clay,0.566,0.050,-0.7448,7.5879,0.1886,-0.1129,-2.6412,-0.0421,-0.6195,-0.4910,-8.4258,-4.8485,-0.3641
16.6200,clay,0.566,0.050,-0.7326,7.5522,0.1642,-0.1100,-2.1077,-0.3086,-0.4342,-0.3211,-8.3427,-4.6387,-0.3580
16.6320,clay,0.566,0.050,-0.7193,7.5136,0.3619,-0.1127,-2.5699,-0.3933,-0.2752,-0.0984,-8.3086,-4.5599,-0.3529
16.6440,clay,0.566,0.050,-0.7048,7.4147,0.2650,-0.1070,-2.4566,0.2072,-0.6655,-0.4260,-8.1456,-4.4202,-0.3478
16.6560,clay,0.566,0.050,-0.6893,7.4423,0.3370,-0.1071,-3.0515,0.6189,-0.2892,-0.2834,-7.9368,-4.2377,-0.3390
16.6680,clay,0.566,0.050,-0.6726,7.4164,0.3123,-0.1022,-2.8387,0.1507,0.0136,-0.1951,-7.7734,-4.1914,-0.3316
16.6800,clay,0.566,0.050,-0.6549,7.3405,0.3666,-0.1034,-3.0916,-0.5036,-0.3702,-0.5779,-7.6274,-4.0257,-0.3258
16.6920,clay,0.566,0.050,-0.6362,7.3776,0.3256,-0.1051,-3.0101,-1.0073,-0.1487,-0.2935,-7.4554,-3.8008,-0.3150
16.7040,clay,0.566,0.050,-0.6164,7.3335,0.3766,-0.1028,-2.8622,-1.4452,-0.4137,-0.7612,-7.1977,-3.5845,-0.3041
16.7160,clay,0.566,0.050,-0.5957,7.2026,0.3571,-0.1016,-3.1765,0.5371,-0.1054,-0.5607,-7.0768,-3.3536,-0.2956
16.7280,clay,0.566,0.050,-0.5740,7.2303,0.3574,-0.0973,-1.8350,-0.3883,-0.7291,-0.1477,-6.9508,-3.1649,-0.2877
16.7400,clay,0.566,0.050,-0.5515,7.2725,0.3589,-0.0970,-2.9026,0.0389,-0.2163,-0.6600,-6.6740,-2.9547,-0.2780
16.7520,clay,0.566,0.050,-0.5281,7.2027,0.2951,-0.0985,-3.5740,0.7913,0.0683,-0.6033,-6.5446,-2.8277,-0.2660
16.7640,clay,0.566,0.050,-0.5038,7.0705,0.3323,-0.0967,-2.7541,-0.3801,-0.5058,-0.2549,-6.3734,-2.6638,-0.2519
16.7760,clay,0.566,0.050,-0.4787,7.1073,0.4064,-0.0945,-2.3787,0.0908,-0.0497,-0.9246,-6.0013,-2.4856,-0.2418
16.7880,clay,0.566,0.050,-0.4529,7.0929,0.3495,-0.0927,-2.6020,-0.3849,0.0873,-0.6113,-5.8299,-2.3214,-0.2308
16.8000,clay,0.566,0.050,-0.4264,7.0154,0.3684,-0.0909,-2.9269,0.3221,-0.4871,-0.2755,-5.6988,-2.1796,-0.2163
16.8120,clay,0.566,0.050,-0.3992,6.9737,0.3552,-0.0865,-2.3310,-0.2703,0.0384,-0.9372,-5.4376,-1.9487,-0.2025
16.8240,clay,0.566,0.050,-0.3714,6.9193,0.3746,-0.0898,-2.3838,0.0247,-0.4481,-0.5527,-5.1111,-1.6881,-0.1906
16.8360,clay,0.566,0.050,-0.3430,6.8539,0.4212,-0.0904,-3.4548,-0.1538,-0.3568,-0.3482,-4.8623,-1.6140,-0.1775
16.8480,clay,0.566,0.050,-0.3141,6.9134,0.3536,-0.0841,-2.6649,-0.1746,0.0969,-0.9843,-4.6493,-1.4191,-0.1650
16.8600,clay,0.566,0.050,-0.2846,6.8872,0.4996,-0.0831,-2.4376,-0.7669,0.2330,-0.8002,-4.4373,-1.2082,-0.1487
16.8720,clay,0.566,0.050,-0.2547,6.7986,0.4956,-0.0823,-2.7783,-0.0102,-0.3394,-0.4450,-4.2187,-1.0697,-0.1327
16.8840,clay,0.566,0.050,-0.2245,6.6276,0.3941,-0.0838,-3.0104,-0.4712,-0.2072,-0.3097,-3.8866,-0.9858,-0.1191
16.8960,clay,0.566,0.050,-0.1938,6.7978,0.4307,-0.0834,-3.1137,-0.1456,0.2693,-0.9910,-3.7033,-0.8629,-0.1072
16.9080,clay,0.566,0.050,-0.1629,6.6207,0.4270,-0.0825,-3.1394,-0.4973,-0.4265,-0.5248,-3.3676,-0.6316,-0.0914
16.9200,clay,0.566,0.050,-0.1317,6.6840,0.4015,-0.0822,-3.2096,0.0011,-0.1341,-0.3660,-3.1138,-0.4909,-0.0712
16.9320,clay,0.566,0.050,-0.1003,6.5960,0.4004,-0.0777,-2.3103,-0.3734,-0.4665,-0.7833,-2.8530,-0.2798,-0.0606
16.9440,clay,0.566,0.050,-0.0687,6.6275,0.3662,-0.0788,-1.8812,-0.2263,-0.2093,-0.5359,-2.6247,-0.0570,-0.0485
16.9560,clay,0.566,0.050,-0.0370,6.5268,0.4371,-0.0796,-2.8258,-0.7796,-0.1110,-0.3334,-2.2202,-0.6435,-0.0298
16.9680,clay,0.566,0.050,-0.0053,6.5643,0.4227,-0.0780,-2.7302,-0.3270,0.4428,-0.9721,-1.8830,-0.5875,-0.0113
16.9800,clay,0.566,0.050,0.0265,6.4580,0.4138,-0.0809,-2.4512,-0.0992,-0.1014,-0.5280,-1.5101,-0.3992,0.0046
16.9920,clay,0.566,0.050,0.0582,6.4761,0.4743,-0.0748,-2.6819,-0.2333,0.0344,-0.3964,-1.2454,-0.2700,0.0169
17.0040,clay,0.566,0.050,0.0898,6.5105,0.4941,-0.0738,-2.7653,-0.6146,0.4644,-1.1286,-1.1363,0.0158,0.0344
17.0160,clay,0.566,0.050,0.1212,6.3460,0.4953,-0.0715,-3.2249,-0.0937,-0.1065,-0.5672,-0.4566,-0.5966,0.0527
17.0280,clay,0.566,0.050,0.1525,6.3392,0.3804,-0.0733,-2.7789,-0.5309,0.1037,-0.3033,-0.2086,-0.3284,0.0690
17.0400,clay,0.566,0.050,0.1835,6.2314,0.3951,-0.0723,-3.2145,-0.1847,-0.3790,-0.6426,0.0317,-0.1429,0.0819
17.0520,clay,0.566,0.050,0.2143,6.2633,0.4890,-0.0694,-2.8228,-0.0270,-0.0278,-0.3460,0.0197,-0.3934,0.0956
17.0640,clay,0.566,0.050,0.2447,6.2668,0.4542,-0.0724,-2.8519,-0.1588,-0.1137,-0.6343,-0.2229,-0.6768,0.1109
17.0760,clay,0.566,0.050,0.2747,6.1737,0.5765,-0.0693,-3.1352,0.2347,0.5265,-1.0186,-0.5477,-0.0330,0.1255
17.0880,clay,0.566,0.050,0.3043,6.1990,0.5044,-0.0701,-2.2638,-0.4090,0.0411,-0.3018,-0.6897,-0.1006,0.1438
17.1000,clay,0.566,0.050,0.3334,6.0988,0.4697,-0.0668,-3.0598,-0.3084,-0.0332,-0.4091,-0.5981,-0.1678,0.1577
17.1120,clay,0.566,0.050,0.3620,6.0728,0.4368,-0.0651,-2.3967,-0.3861,-0.2113,-0.5377,-0.6420,-0.2540,0.1702
17.1240,clay,0.566,0.050,0.3900,6.0417,0.4442,-0.0676,-2.8576,0.0519,0.4749,-0.8235,0.0203,0.1183,0.1827
17.1360,clay,0.566,0.050,0.4174,6.1013,0.4615,-0.0672,-2.8298,-0.1776,0.2215,-0.8848,0.0576,0.0009,0.1969
17.1480,clay,0.566,0.050,0.4442,6.0835,0.4925,-0.0587,-2.7316,0.0123,0.0835,-0.8547,0.1218,-0.0225,0.2104
17.1600,clay,0.566,0.050,0.4702,5.9066,0.4657,-0.0618,-3.5963,-0.0427,0.0313,-0.8726,0.1047,-0.0599,0.2231
17.1720,clay,0.566,0.050,0.4955,5.8609,0.4648,-0.0613,-2.6492,0.2662,-0.2513,-0.0987,-0.6378,0.1413,0.2351
17.1840,clay,0.566,0.050,0.5201,5.9144,0.5350,-0.0639,-3.0674,-0.4835,0.0103,-0.8155,-0.2276,-0.6316,0.2491
17.1960,clay,0.566,0.050,0.5438,5.8411,0.5320,-0.0605,-2.0813,-0.8335,-0.2012,0.0033,-0.0712,-0.4667,0.2589
17.2080,clay,0.566,0.050,0.5666,5.8514,0.5100,-0.0582,-3.4365,-0.0696,0.0176,-0.6631,-0.7662,-0.2252,0.2681
17.2200,clay,0.566,0.050,0.5886,5.8718,0.4785,-0.0587,-2.5791,-0.6081,0.0076,-0.6653,0.0604,-0.4092,0.2798
17.2320,clay,0.566,0.050,0.6096,5.8197,0.4057,-0.0560,-2.6850,-0.0109,0.0714,-0.5102,-0.6030,-0.1038,0.2915
17.2440,clay,0.566,0.050,0.6297,5.7137,0.4230,-0.0555,-1.5796,-0.4630,0.1281,-0.4873,-0.3765,-0.1031,0.3006
17.2560,clay,0.566,0.050,0.6488,5.7248,0.5219,-0.0570,-2.5681,-0.1733,0.0721,-0.3685,-0.2446,-0.0121,0.3105
17.2680,clay,0.566,0.050,0.6668,5.7609,0.4829,-0.0508,-3.2680,-0.2298,0.0581,-0.3939,-0.2473,-0.0064,0.3184
17.2800,clay,0.566,0.050,0.6838,5.6820,0.4719,-0.0544,-3.3284,-0.7985,-0.0420,-0.2960,-0.0365,-0.0445,0.3268
17.2920,clay,0.566,0.050,0.6998,5.5306,0.4770,-0.0536,-2.0160,-0.3987,-0.1297,-0.2340,0.0703,-0.0976,0.3351
17.3040,clay,0.566,0.050,0.7146,5.5537,0.4317,-0.0501,-2.3799,-0.1638,-0.0030,-0.2117,-0.5628,0.2609,0.3420
17.3160,clay,0.566,0.050,0.7283,5.5080,0.5216,-0.0483,-2.5077,0.1095,-0.0001,-0.0148,-0.2365,-0.3878,0.3484
17.3280,clay,0.566,0.050,0.7409,5.4798,0.5025,-0.0484,-3.0004,-0.4341,0.0230,0.0075,-0.1448,-0.4009,0.3534
17.3400,clay,0.566,0.050,0.7523,5.3876,0.5748,-0.0490,-2.6941,-0.1432,0.3560,-0.6542,0.0516,-0.3464,0.3590
17.3520,clay,0.566,0.050,0.7625,5.3958,0.5047,-0.0485,-2.6689,-0.5676,-0.3887,-0.1915,-0.5908,0.1305,0.3657
17.3640,clay,0.566,0.050,0.7715,5.4069,0.5742,-0.0491,-3.2617,-0.0125,-0.2942,-0.0280,-0.0483,-0.6202,0.3702
17.3760,clay,0.566,0.050,0.7793,5.3676,0.4849,-0.0497,-2.6967,-1.1672,0.0188,-0.5720,0.1047,-0.4687,0.3738
17.3880,clay,0.566,0.050,0.7858,5.3502,0.4799,-0.0428,-2.5918,-0.9404,-0.6058,-0.1216,-0.5884,0.0118,0.3771
17.4000,clay,0.566,0.050,0.7912,5.2811,0.5534,-0.0453,-3.0795,-0.1344,-0.5254,0.0682,-0.4064,0.1421,0.3801
17.4120,clay,0.566,0.050,0.7952,5.1575,0.5411,-0.0446,-2.3068,-0.6540,-0.1949,-0.5733,0.0002,-0.5271,0.3823
17.4240,clay,0.566,0.050,0.7981,5.1349,0.4877,-0.0425,-2.6557,-0.5690,-0.0952,-0.3494,-0.5441,-0.0818,0.3838
17.4360,clay,0.566,0.050,0.7996,5.1301,0.4877,-0.0447,-2.7348,-0.3753,0.0168,-0.2227,-0.4583,-0.0052,0.3847
17.4480,clay,0.566,0.050,0.8000,5.0492,0.5933,-0.0394,-2.6480,-1.0646,-0.6096,0.1931,-0.2420,0.1095,0.3853
17.4600,clay,0.566,0.050,0.7990,5.0668,0.4299,-0.0403,-3.1159,-0.2530,-0.4865,0.3506,0.1824,-0.6321,0.3856
17.4720,clay,0.566,0.050,0.7968,5.0123,0.4969,-0.0400,-2.5338,-0.4712,-0.1618,-0.3511,-0.5017,-0.1946,0.3850
17.4840,clay,0.566,0.050,0.7934,5.0151,0.3814,-0.0374,-2.6622,-0.4030,-0.2038,-0.1724,-0.4276,0.0005,0.3834
17.4960,clay,0.566,0.050,0.7886,4.9649,0.5224,-0.0389,-3.0541,-0.1969,-0.0934,0.0253,-0.2642,0.0897,0.3815
17.5080,clay,0.566,0.050,0.7827,4.9042,0.4760,-0.0346,-2.7424,-0.3579,0.0486,0.1913,0.1700,-0.6453,0.3796
17.5200,clay,0.566,0.050,0.7755,4.9801,0.4826,-0.0384,-2.9371,-0.9242,-0.5175,-0.0688,0.4010,-0.5148,0.3774
17.5320,clay,0.566,0.050,0.7671,4.8515,0.4637,-0.0342,-2.9257,-0.4109,-0.3805,0.0286,-0.2854,-0.1069,0.3736
17.5440,clay,0.566,0.050,0.7575,4.8159,0.4460,-0.0308,-2.4362,-0.2941,-0.1441,-0.5747,-0.1702,0.1488,0.3683
17.5560,clay,0.566,0.050,0.7467,4.9154,0.6494,-0.0305,-2.9767,-0.5856,0.0430,-0.3047,-0.5987,-0.1535,0.3636
17.5680,clay,0.566,0.050,0.7347,4.7947,0.3788,-0.0336,-2.6266,0.1680,-0.5846,0.1604,-0.2762,-0.0477,0.3587
17.5800,clay,0.566,0.050,0.7216,4.7662,0.5038,-0.0323,-3.0555,-0.7583,-0.1934,-0.4064,-0.0837,0.1739,0.3535
17.5920,clay,0.566,0.050,0.7073,4.7388,0.4934,-0.0306,-2.8045,-0.0084,-0.1454,-0.0891,-0.4605,-0.2299,0.3475
17.6040,clay,0.566,0.050,0.6919,4.6985,0.4693,-0.0291,-2.3158,-0.1413,-0.7697,0.2347,-0.2951,0.0318,0.3404
17.6160,clay,0.566,0.050,0.6755,4.6536,0.4925,-0.0268,-3.8839,0.0472,-0.4457,-0.3090,0.1438,-0.5594,0.3323
17.6280,clay,0.566,0.050,0.6579,4.5807,0.5236,-0.0277,-2.9240,0.2954,-0.2463,-0.1140,-0.5449,-0.0940,0.3247
17.6400,clay,0.566,0.050,0.6394,4.5466,0.4607,-0.0251,-2.6438,0.2464,-0.0830,0.0166,-0.3778,-0.0063,0.3167
17.6520,clay,0.566,0.050,0.6198,4.5709,0.3680,-0.0254,-2.7274,-0.6740,-0.7505,0.5217,0.1268,-0.6223,0.3084
17.6640,clay,0.566,0.050,0.5992,4.4754,0.4667,-0.0246,-3.2543,-0.3192,-0.4518,-0.0294,0.3976,-0.4998,0.2990
17.6760,clay,0.566,0.050,0.5777,4.4331,0.5127,-0.0261,-2.9057,-0.2429,-0.2902,0.0176,-0.2525,-0.1165,0.2884
17.6880,clay,0.566,0.050,0.5553,4.4694,0.4173,-0.0229,-3.3034,-0.3436,-0.3076,0.2469,-0.1385,0.0255,0.2783
17.7000,clay,0.566,0.050,0.5320,4.3855,0.4555,-0.0234,-2.7744,0.2192,0.0251,-0.4569,0.0251,0.1510,0.2677
17.7120,clay,0.566,0.050,0.5079,4.4111,0.4634,-0.0218,-2.2367,-0.0495,-0.4866,0.0543,-0.3567,-0.2113,0.2569
17.7240,clay,0.566,0.050,0.4830,4.3435,0.5078,-0.0189,-2.8230,0.0356,-0.3461,0.1509,-0.2204,-0.1019,0.2440
17.7360,clay,0.566,0.050,0.4573,4.1750,0.4748,-0.0182,-2.8748,-0.4543,-0.0400,-0.4252,0.0352,0.0935,0.2287
17.7480,clay,0.566,0.050,0.4309,4.2964,0.4303,-0.0225,-3.6808,-0.4676,-0.6681,0.1377,-0.3103,-0.2370,0.2168
17.7600,clay,0.566,0.050,0.4038,4.1993,0.5143,-0.0207,-2.4631,0.2988,-0.2309,-0.4920,-0.1266,0.0139,0.2076
17.7720,clay,0.566,0.050,0.3761,4.1865,0.4034,-0.0193,-3.7410,-0.5813,0.0639,-0.3932,0.0678,0.1986,0.1970
17.7840,clay,0.566,0.050,0.3478,4.1672,0.4630,-0.0159,-2.9173,-0.0953,-0.5352,-0.0526,-0.2592,-0.2409,0.1831
17.7960,clay,0.566,0.050,0.3189,4.1523,0.3725,-0.0163,-2.5031,-0.1197,-0.3840,-0.0025,-0.1291,-0.0808,0.1672
17.8080,clay,0.566,0.050,0.2896,4.0752,0.4451,-0.0158,-3.2912,-0.0925,-0.3039,0.2158,0.0456,0.0700,0.1518
17.8200,clay,0.566,0.050,0.2598,4.1008,0.3902,-0.0158,-3.4130,-0.4318,-0.0951,0.4289,-0.2586,-0.2780,0.1359
17.8320,clay,0.566,0.050,0.2295,4.0656,0.4353,-0.0161,-2.7159,0.0509,-0.4520,-0.0242,-0.0164,-0.0092,0.1211
17.8440,clay,0.566,0.050,0.1990,3.9544,0.5646,-0.0139,-2.9863,-0.1161,-0.3675,0.1699,0.0667,0.0378,0.1088
17.8560,clay,0.566,0.050,0.1681,3.9371,0.4753,-0.0167,-3.2181,0.1871,-0.1384,0.3144,-0.1754,-0.3829,0.0965
17.8680,clay,0.566,0.050,0.1369,3.9237,0.4286,-0.0130,-2.4438,0.0543,-0.4839,-0.1546,0.0770,-0.2079,0.0726
17.8800,clay,0.566,0.050,0.1055,3.8994,0.5172,-0.0148,-1.0643,0.2776,-0.2383,0.1054,-0.1883,-0.5504,0.0597
17.8920,clay,0.566,0.050,0.0740,3.7573,0.4093,-0.0144,-3.3780,-0.8826,-0.8298,0.5711,0.0921,-0.2597,0.0498
17.9040,clay,0.566,0.050,0.0423,3.7859,0.4021,-0.0137,-3.6728,0.0318,-0.2982,-0.1561,-0.4616,0.2382,0.0370
17.9160,clay,0.566,0.050,0.0106,3.7619,0.4502,-0.0083,-3.2716,-0.8440,-0.8384,0.2465,-0.0306,-0.2206,0.0169
17.9280,clay,0.566,0.050,-0.0212,3.7059,0.4076,-0.0107,-3.3265,-0.1756,-0.7294,0.3576,0.1320,-0.0572,-0.0018
17.9400,clay,0.566,0.050,-0.0529,3.6231,0.4308,-0.0121,-2.6059,0.4248,-0.1965,-0.2792,-0.1352,-0.3238,-0.0182
17.9520,clay,0.566,0.050,-0.0845,3.5851,0.4894,-0.0112,-3.2040,-0.1305,-0.8396,0.1648,0.0948,-0.1748,-0.0303
17.9640,clay,0.566,0.050,-0.1160,3.5976,0.3961,-0.0100,-3.5165,-0.3040,-0.4710,-0.2971,-0.3665,0.3230,-0.0470
17.9760,clay,0.566,0.050,-0.1473,3.6442,0.4915,-0.0119,-2.9859,-0.4706,-0.1989,-0.2329,0.0902,-0.3660,-0.0637
17.9880,clay,0.566,0.050,-0.1784,3.5077,0.3902,-0.0099,-2.7535,-0.6473,-0.7369,0.2338,-0.4847,0.2471,-0.0764
18.0000,clay,0.566,0.050,-0.2092,3.5002,0.3591,-0.0047,-2.9993,-0.4792,-0.4203,0.3096,-0.1039,-0.2431,-0.0938
18.0120,clay,0.566,0.050,-0.2397,3.5412,0.4463,-0.0108,-1.0297,-1.0235,0.0025,-0.1947,-0.4027,-0.4926,-0.1085
18.0240,clay,0.566,0.050,-0.2697,3.4177,0.3709,-0.0117,-3.2402,0.3909,-0.4793,0.1406,-0.1646,-0.3446,-0.1224
18.0360,clay,0.566,0.050,-0.2994,3.3446,0.4163,-0.0082,-2.8842,-0.0151,-0.3472,0.2312,-0.0133,-0.2397,-0.1371
18.0480,clay,0.566,0.050,-0.3286,3.3630,0.4363,-0.0109,-2.6579,-0.4538,-0.9374,0.6437,0.1605,-0.0673,-0.1529
18.0600,clay,0.566,0.050,-0.3573,3.3350,0.4262,-0.0116,-2.9315,-0.8652,-0.4569,0.0013,-0.1226,-0.4181,-0.1645
18.0720,clay,0.566,0.050,-0.3854,3.3063,0.3940,-0.0055,-2.1675,0.0818,-0.1920,0.1537,0.0563,-0.2295,-0.1804
18.0840,clay,0.566,0.050,-0.4129,3.3051,0.4363,-0.0041,-3.6851,-0.0583,-0.4307,-0.1458,-0.2854,-0.4225,-0.1948
18.0960,clay,0.566,0.050,-0.4398,3.1829,0.4258,-0.0089,0.1308,-0.1211,-0.2280,-0.0270,-0.0675,-0.2566,-0.2074
18.1080,clay,0.566,0.050,-0.4659,3.2201,0.2982,-0.0153,-2.3174,-0.5711,-0.8385,0.5454,0.0746,0.1117,-0.2173
18.1200,clay,0.566,0.050,-0.4914,3.2442,0.3647,-0.0127,-2.5582,-0.1460,-0.2098,-0.1656,-0.2206,-0.2596,-0.2331
18.1320,clay,0.566,0.050,-0.5160,3.1491,0.3028,-0.0115,-3.7163,-0.1422,-0.8032,0.3242,-0.0400,0.0157,-0.2453
18.1440,clay,0.566,0.050,-0.5399,3.1316,0.3144,-0.0173,-4.2082,-0.0721,-0.5818,0.5343,0.1437,0.1731,-0.2541
18.1560,clay,0.566,0.050,-0.5629,3.1239,0.4192,-0.0119,-2.4986,-0.3403,-0.1149,0.0431,-0.1571,-0.2344,-0.2657
18.1680,clay,0.566,0.050,-0.5850,3.1043,0.2924,-0.0072,-2.4827,0.2946,-0.6050,0.4971,0.0164,-0.0109,-0.2813
18.1800,clay,0.566,0.050,-0.6062,3.0598,0.3461,-0.0126,-2.3285,-0.8792,-0.7756,0.0327,-0.2029,-0.3245,-0.2923
18.1920,clay,0.566,0.050,-0.6264,2.9109,0.3872,-0.0121,-3.4075,-0.4723,-0.2672,-0.4499,0.0644,0.0357,-0.2995
18.2040,clay,0.566,0.050,-0.6457,3.0064,0.4108,-0.0127,-2.3656,-0.6378,0.0447,-0.0650,-0.2866,-0.2901,-0.3067
18.2160,clay,0.566,0.050,-0.6639,2.8378,0.3372,-0.0182,-2.6443,-1.2796,-0.2270,-0.3796,-0.0039,-0.0503,-0.3167
18.2280,clay,0.566,0.050,-0.6811,2.8696,0.3369,-0.0173,-2.2813,-0.4626,0.2098,-0.2199,-0.3205,-0.3981,-0.3271
18.2400,clay,0.566,0.050,-0.6972,2.8146,0.2167,-0.0203,-2.7095,-0.6934,-0.0656,-0.4943,-0.0596,-0.1694,-0.3334
18.2520,clay,0.566,0.050,-0.7122,2.7781,0.3212,-0.0191,-2.7801,-0.3877,-0.4894,0.0801,-0.6148,0.2969,-0.3392
18.2640,clay,0.566,0.050,-0.7261,2.7163,0.2822,-0.0169,-2.8103,-0.0408,-0.1774,0.2777,-0.0959,-0.2902,-0.3459
18.2760,clay,0.566,0.050,-0.7389,2.7060,0.3287,-0.0165,-3.0130,-0.4142,0.3712,-0.4208,0.1371,-0.1502,-0.3540
18.2880,clay,0.566,0.050,-0.7504,2.6061,0.3841,-0.0162,-3.4603,-0.2083,-0.1310,0.0279,-0.4537,0.3153,-0.3600
18.3000,clay,0.566,0.050,-0.7608,2.6680,0.2960,-0.0179,-3.1845,0.0156,-0.5783,0.5471,0.1091,-0.2035,-0.3632
18.3120,clay,0.566,0.050,-0.7701,2.6431,0.3356,-0.0196,-2.8373,-0.0183,0.0053,-0.0408,-0.5832,0.3213,-0.3681
18.3240,clay,0.566,0.050,-0.7781,2.5323,0.2851,-0.0172,-3.7371,0.1272,-0.2794,-0.1986,0.0298,-0.2152,-0.3723
18.3360,clay,0.566,0.050,-0.7848,2.5869,0.3541,-0.0197,-2.6054,-0.2063,0.0941,0.1150,-0.5302,0.3450,-0.3766
18.3480,clay,0.566,0.050,-0.7904,2.5320,0.3433,-0.0193,-2.6934,-0.3231,-0.0173,-0.2825,0.0122,-0.3162,-0.3798
18.3600,clay,0.566,0.050,-0.7946,2.4845,0.2981,-0.0237,-2.3306,-0.1819,-0.5016,0.3923,-0.5128,0.2214,-0.3817
18.3720,clay,0.566,0.050,-0.7977,2.4555,0.1807,-0.0225,-2.8332,-0.3930,-0.5729,0.1566,0.0140,-0.3320,-0.3834
18.3840,clay,0.566,0.050,-0.7995,2.4572,0.2956,-0.0205,-3.1187,-0.5027,0.1107,-0.4106,-0.5211,0.1215,-0.3851
18.3960,clay,0.566,0.050,-0.8000,2.3207,0.2063,-0.0243,-3.3287,-0.8115,-0.3963,0.1919,0.1646,-0.4255,-0.3851
18.4080,clay,0.566,0.050,-0.7993,2.4449,0.3226,-0.0209,-2.9999,-0.8534,-0.5384,-0.1052,-0.4296,0.1880,-0.3850
18.4200,clay,0.566,0.050,-0.7973,2.3696,0.3598,-0.0222,-2.4491,-0.8572,0.0439,-0.6074,0.1135,-0.2354,-0.3845
18.4320,clay,0.566,0.050,-0.7940,2.2293,0.3726,-0.0227,-2.7846,-0.1855,-0.3774,-0.0655,-0.5017,0.3897,-0.3828
18.4440,clay,0.566,0.050,-0.7895,2.3126,0.2502,-0.0240,-2.7886,0.0816,0.2094,-0.6937,-0.1617,-0.1778,-0.3813
18.4560,clay,0.566,0.050,-0.7838,2.2460,0.2238,-0.0251,-2.6692,0.0296,-0.3255,-0.1403,0.1687,-0.0345,-0.3793
18.4680,clay,0.566,0.050,-0.7768,2.2655,0.2741,-0.0255,-2.5403,0.1328,0.3096,-0.6522,-0.2052,-0.3167,-0.3773
18.4800,clay,0.566,0.050,-0.7686,2.0907,0.3447,-0.0262,-2.6822,-0.2415,-0.1804,-0.1212,0.1321,-0.1533,-0.3736
18.4920,clay,0.566,0.050,-0.7592,2.1366,0.2671,-0.0271,-2.8538,-0.0437,-0.5333,0.2998,-0.0891,-0.5305,-0.3692
18.5040,clay,0.566,0.050,-0.7486,2.1479,0.1782,-0.0291,-3.0645,-0.5812,0.0715,-0.1534,-0.5394,-0.0555,-0.3651
18.5160,clay,0.566,0.050,-0.7368,2.0875,0.3055,-0.0308,-1.7922,-0.4631,-0.2299,0.3010,-0.3164,0.1862,-0.3588
18.5280,clay,0.566,0.050,-0.7239,2.0097,0.2948,-0.0251,-3.0760,-0.9364,-0.4008,0.1011,-0.5783,-0.0846,-0.3543
18.5400,clay,0.566,0.050,-0.7098,2.0338,0.3000,-0.0254,-2.5626,-0.1858,0.2741,-0.3301,0.0930,-0.6039,-0.3488
18.5520,clay,0.566,0.050,-0.6946,1.9614,0.2510,-0.0277,-2.7100,-0.2342,0.1531,-0.6609,-0.4371,0.0273,-0.3412
18.5640,clay,0.566,0.050,-0.6783,1.9028,0.2602,-0.0282,-3.0374,-0.9236,-0.2975,-0.0189,0.0200,-0.4641,-0.3336
18.5760,clay,0.566,0.050,-0.6609,1.9140,0.1705,-0.0294,-3.0862,0.6970,-0.4133,-0.3415,-0.4947,0.1205,-0.3263
18.5880,clay,0.566,0.050,-0.6425,1.8672,0.2419,-0.0317,-3.0320,-0.1631,-0.0046,-0.1800,0.0452,-0.4271,-0.3180
18.6000,clay,0.566,0.050,-0.6231,1.7983,0.1254,-0.0286,-2.6708,-0.9656,-0.4001,0.2832,-0.5527,0.1146,-0.3066
18.6120,clay,0.566,0.050,-0.6027,1.7971,0.1785,-0.0297,-2.3623,-0.8861,0.0608,-0.2255,-0.0540,-0.6313,-0.2997
18.6240,clay,0.566,0.050,-0.5814,1.7404,0.2621,-0.0315,-2.0635,-0.9558,0.5879,-0.7382,-0.5706,-0.0933,-0.2921
18.6360,clay,0.566,0.050,-0.5591,1.8366,0.2841,-0.0342,-3.0660,-0.8826,0.0517,-0.2108,-0.3565,0.1746,-0.2812
18.6480,clay,0.566,0.050,-0.5360,1.6495,0.2541,-0.0325,-2.3461,-0.7021,-0.0023,-0.5372,0.1992,-0.3803,-0.2687
18.6600,clay,0.566,0.050,-0.5120,1.6806,0.2078,-0.0337,-2.7799,-0.2978,0.3611,-0.3690,-0.3342,-0.0049,-0.2565
18.6720,clay,0.566,0.050,-0.4872,1.6302,0.1684,-0.0350,-2.7984,-0.7669,0.1610,-0.7615,0.2564,-0.4980,-0.2460
18.6840,clay,0.566,0.050,-0.4616,1.6291,0.2062,-0.0391,-2.3761,-0.1412,-0.2990,-0.1582,-0.2166,0.0707,-0.2342
18.6960,clay,0.566,0.050,-0.4353,1.4871,0.1752,-0.0359,-2.7287,-0.4201,0.2832,-0.0205,0.2934,-0.4361,-0.2230
18.7080,clay,0.566,0.050,-0.4084,1.5889,0.2889,-0.0361,-2.4796,-0.1716,0.1704,-0.4829,-0.2131,0.0324,-0.2104
18.7200,clay,0.566,0.050,-0.3808,1.5345,0.1628,-0.0341,-2.4111,-0.7833,-0.2359,-0.1609,0.1091,0.3202,-0.1981
18.7320,clay,0.566,0.050,-0.3525,1.5409,0.2198,-0.0387,-3.2568,-0.4843,0.3502,-0.7395,-0.3347,0.0941,-0.1854
18.7440,clay,0.566,0.050,-0.3238,1.4745,0.2106,-0.0423,-2.8167,-0.6731,-0.1001,-0.0897,0.0956,-0.2130,-0.1666
18.7560,clay,0.566,0.050,-0.2945,1.3862,0.1265,-0.0411,-2.5712,0.1252,-0.3778,-0.1721,-0.2501,-0.3837,-0.1518
18.7680,clay,0.566,0.050,-0.2648,1.3471,0.1941,-0.0376,-2.7421,-0.0058,0.2043,-0.6638,0.1576,-0.2289,-0.1387
18.7800,clay,0.566,0.050,-0.2346,1.3146,0.0685,-0.0384,-2.3868,-1.3695,-0.3652,-0.0326,-0.0916,-0.5447,-0.1246
18.7920,clay,0.566,0.050,-0.2041,1.2806,0.1149,-0.0412,-2.7810,-0.7079,0.1773,-0.5579,0.1546,-0.2250,-0.1129
18.8040,clay,0.566,0.050,-0.1732,1.2895,0.2122,-0.0407,-2.6556,0.3173,-0.3030,0.0032,-0.4180,0.2634,-0.0968
18.8160,clay,0.566,0.050,-0.1421,1.1418,0.2151,-0.0420,-3.2389,0.1681,0.2111,-0.3893,0.1102,-0.2840,-0.0784
18.8280,clay,0.566,0.050,-0.1108,1.1587,0.1176,-0.0324,-3.7625,-0.7632,0.6744,-0.9163,-0.2721,0.0976,-0.0639
18.8400,clay,0.566,0.050,-0.0792,1.1350,0.1946,-0.0365,-2.7576,-0.2294,0.1356,-0.4165,0.2303,-0.5331,-0.0552
18.8520,clay,0.566,0.050,-0.0476,1.1584,0.0965,-0.0420,-1.0078,-0.8304,0.3894,-0.1522,-0.3283,0.0007,-0.0398
18.8640,clay,0.566,0.050,-0.0159,1.0561,0.1516,-0.0490,-2.4656,-0.6388,0.0627,-0.3689,0.1914,-0.5084,-0.0166
18.8760,clay,0.566,0.050,0.0159,1.0338,0.1989,-0.0466,-3.1008,0.0684,0.5492,-0.8912,-0.3977,0.0070,-0.0005
18.8880,clay,0.566,0.050,0.0476,0.9883,0.1648,-0.0414,-2.9527,-1.0695,0.1755,-0.4068,0.2325,-0.5392,0.0125
18.9000,clay,0.566,0.050,0.0792,1.0175,0.1737,-0.0434,-2.5616,-1.0720,-0.1695,-0.0660,-0.1334,-0.1237,0.0324
18.9120,clay,0.566,0.050,0.1108,0.9755,0.0522,-0.0399,-3.5135,-0.6342,-0.3564,-0.4100,-0.4632,0.2975,0.0447
18.9240,clay,0.566,0.050,0.1421,0.9124,0.0786,-0.0413,-3.5178,-1.2618,-0.0088,-0.1127,-0.6127,0.0284,0.0578
18.9360,clay,0.566,0.050,0.1732,0.8948,0.0636,-0.0413,-2.7673,-0.6656,0.6433,-0.7156,0.0516,-0.4898,0.0734
18.9480,clay,0.566,0.050,0.2041,0.8762,0.1085,-0.0440,-3.2394,-0.6859,0.0454,-0.1751,-0.5299,0.1230,0.0920
18.9600,clay,0.566,0.050,0.2346,0.7989,0.0405,-0.0352,-2.2878,-0.6601,-0.1425,-0.4458,-0.0200,-0.1572,0.1092
18.9720,clay,0.566,0.050,0.2648,0.6879,0.0135,-0.0360,-2.0449,0.0302,0.2408,-0.3187,-0.3470,-0.3320,0.1194
18.9840,clay,0.566,0.050,0.2945,0.7734,0.1577,-0.0330,-2.6786,-0.1207,-0.3063,0.1173,-0.1044,0.0481,0.1335
18.9960,clay,0.566,0.050,0.3238,0.7006,0.1302,-0.0368,-2.8932,-0.4504,0.1866,-0.5107,0.3702,-0.3923,0.1503
19.0080,clay,0.566,0.050,0.3525,0.6578,0.0170,-0.0384,-2.6578,-0.5735,0.4849,-0.2823,-0.2277,0.1319,0.1666
19.0200,clay,0.566,0.050,0.3808,0.6393,0.0559,-0.0334,-2.0570,-0.3893,0.0495,-0.7979,-0.0041,-0.4864,0.1781
19.0320,clay,0.566,0.050,0.4084,0.6459,0.0768,-0.0351,-2.2170,-0.7014,-0.1327,-0.8709,-0.1245,-0.5488,0.1910
19.0440,clay,0.566,0.050,0.4353,0.5292,-0.0302,-0.0328,-2.4696,-0.6027,-0.4115,-0.7886,-0.2807,-0.5554,0.2054
19.0560,clay,0.566,0.050,0.4616,0.5524,0.0167,-0.0311,-3.2412,-0.5631,-0.4967,-0.7844,-0.3637,-0.6313,0.2177
19.0680,clay,0.566,0.050,0.4872,0.6154,0.0165,-0.0247,-2.7076,-0.0838,-0.5388,-0.7861,-0.4660,-0.6710,0.2269
19.0800,clay,0.566,0.050,0.5120,0.3992,-0.0251,-0.0266,-1.5631,-0.1652,-0.1693,-0.8915,-0.6139,-0.6002,0.2430
19.0920,clay,0.566,0.050,0.5360,0.4686,0.0116,-0.0190,-2.5186,-0.3674,-0.2334,-0.9945,-0.6517,-0.7452,0.2557
19.1040,clay,0.566,0.050,0.5591,0.4496,0.0477,-0.0136,-1.8323,-0.7639,-0.3217,-0.9617,-0.6447,-0.7485,0.2666
19.1160,clay,0.566,0.050,0.5814,0.3426,0.0423,-0.0053,-1.2535,-0.6819,-0.3051,-0.9033,-0.6552,-0.7022,0.2767
19.1280,clay,0.566,0.050,0.6027,0.4411,0.0674,0.0053,-2.3907,-0.5817,-0.3014,-0.8480,-0.7024,-0.7709,0.2858
19.1400,clay,0.566,0.050,0.6231,0.4534,0.0261,-0.0001,-1.3313,0.0041,-0.2491,-0.8276,-0.5833,-0.6472,0.2965
19.1520,clay,0.566,0.050,0.6425,0.2906,0.1097,0.0047,-1.1100,-0.2829,-0.2743,-0.8060,-0.4744,-0.6801,0.3054
19.1640,clay,0.566,0.050,0.6609,0.3208,-0.0605,0.0045,-0.6135,-0.5694,-0.2053,-0.8281,-0.5957,-0.7177,0.3141
19.1760,clay,0.566,0.050,0.6783,0.3224,-0.0311,0.0047,-1.3289,0.3420,-0.2242,-0.7544,-0.6303,-0.4261,0.3236
19.1880,clay,0.566,0.050,0.6946,0.3076,-0.0585,0.0027,-1.4303,0.9226,-0.3085,-0.6842,-0.4579,-0.4847,0.3306
19.2000,clay,0.566,0.050,0.7098,0.3213,-0.0475,0.0029,-1.0130,0.3590,-0.2365,-0.6071,-0.3081,-0.5496,0.3384
19.2120,clay,0.566,0.050,0.7239,0.2582,-0.0267,0.0046,-1.0450,0.3767,-0.2249,-0.5943,-0.5434,-0.5942,0.3452
19.2240,clay,0.566,0.050,0.7368,0.3123,0.0300,0.0081,-0.5438,-0.6438,-0.1568,-0.5604,-0.4497,-0.5779,0.3516
19.2360,clay,0.566,0.050,0.7486,0.2624,-0.0136,0.0102,-1.3002,-0.1868,-0.1525,-0.5905,-0.5478,-0.2620,0.3570
19.2480,clay,0.566,0.050,0.7592,0.1774,-0.0887,0.0108,-0.9831,0.2760,-0.1083,-0.5498,-0.1704,-0.5278,0.3623
19.2600,clay,0.566,0.050,0.7686,0.1427,-0.0702,0.0109,-0.7679,0.0492,-0.1545,-0.5574,-0.4255,-0.2246,0.3670
19.2720,clay,0.566,0.050,0.7768,0.1510,0.0062,0.0094,-1.4176,0.4849,-0.2503,-0.3255,-0.3973,-0.4348,0.3718
19.2840,clay,0.566,0.050,0.7838,0.1936,-0.0708,0.0113,-2.1812,0.5039,-0.2893,-0.3694,-0.2870,-0.1922,0.3749
19.2960,clay,0.566,0.050,0.7895,0.1655,-0.0138,0.0070,-0.9554,-0.1711,-0.2558,-0.2181,-0.0725,-0.2960,0.3778
19.3080,clay,0.566,0.050,0.7940,0.1059,0.0176,0.0117,-1.9336,-0.3594,-0.1981,-0.2084,-0.2558,-0.2706,0.3801
19.3200,clay,0.566,0.050,0.7973,0.1051,0.0048,0.0165,-0.4734,0.2468,-0.1962,-0.1549,-0.1504,-0.2642,0.3820
19.3320,clay,0.566,0.050,0.7993,0.1592,0.0214,0.0099,-2.1565,0.7655,-0.1647,-0.2376,-0.3025,-0.1580,0.3835
19.3440,clay,0.566,0.050,0.8000,0.1018,0.0142,0.0094,0.0454,0.1670,0.0117,-0.2548,-0.1348,-0.2170,0.3847
19.3560,clay,0.566,0.050,0.7995,0.0495,0.0242,0.0046,0.1841,0.4714,-0.1435,-0.2297,-0.1725,-0.1212,0.3855
19.3680,clay,0.566,0.050,0.7977,0.0643,-0.0275,0.0078,-1.2601,-0.6956,-0.1279,0.1458,-0.1039,-0.0838,0.3853
19.3800,clay,0.566,0.050,0.7946,-0.0408,0.0627,0.0100,-0.6953,-0.1898,-0.1555,0.0618,-0.0281,-0.0728,0.3840
19.3920,clay,0.566,0.050,0.7904,0.0499,0.0424,0.0085,-0.8178,-0.3835,-0.1483,-0.0834,-0.0008,0.0760,0.3832
19.4040,clay,0.566,0.050,0.7848,0.0604,0.0334,0.0090,-1.2336,0.3830,0.0197,-0.0366,-0.0376,0.2383,0.3813
19.4160,clay,0.566,0.050,0.7781,0.0612,-0.0058,0.0083,-1.7460,-0.9523,-0.0441,-0.0273,-0.0565,0.1529,0.3786
19.4280,clay,0.566,0.050,0.7701,-0.0247,-0.0155,0.0057,-2.3428,-0.4480,-0.0317,0.1039,-0.0047,-0.0620,0.3754
19.4400,clay,0.566,0.050,0.7608,0.0377,-0.0195,0.0072,-0.7790,-0.3359,-0.1248,0.1426,-0.1082,0.3177,0.3719
19.4520,clay,0.566,0.050,0.7504,-0.0396,-0.0955,0.0058,-0.4438,-0.5903,-0.0760,0.1016,0.1660,0.1377,0.3660
19.4640,clay,0.566,0.050,0.7389,-0.0134,0.0286,0.0011,0.1913,-0.2293,-0.0231,0.3582,-0.1303,0.4056,0.3621
19.4760,clay,0.566,0.050,0.7261,-0.0732,0.0396,0.0019,-0.6452,-0.7158,-0.0065,0.1862,0.1930,0.0622,0.3576
19.4880,clay,0.566,0.050,0.7122,-0.0415,-0.0353,0.0017,-0.7958,0.4763,-0.0608,0.3385,0.1299,-0.0226,0.3511
19.5000,clay,0.566,0.050,0.6972,-0.0531,-0.0467,0.0060,-0.0942,0.0577,-0.0179,0.3128,-0.0200,0.3869,0.3438
19.5120,clay,0.566,0.050,0.6811,-0.0430,0.0362,0.0035,0.2539,-0.5305,0.0626,0.2680,0.0624,0.2274,0.3369
19.5240,clay,0.566,0.050,0.6639,-0.0891,-0.0733,0.0040,-0.2237,0.2510,0.0400,0.3547,0.0386,0.3159,0.3296
19.5360,clay,0.566,0.050,0.6457,-0.1393,-0.0055,0.0036,-0.3243,0.5113,0.0463,0.3306,0.0385,0.2452,0.3219
19.5480,clay,0.566,0.050,0.6264,-0.1081,-0.0474,0.0026,-0.1353,0.2251,0.0375,0.4047,0.0241,0.1947,0.3141
19.5600,clay,0.566,0.050,0.6062,-0.1318,0.0201,-0.0009,-0.9247,-0.4773,0.0076,0.4995,-0.0287,0.2832,0.3053
19.5720,clay,0.566,0.050,0.5850,-0.0381,-0.0272,0.0035,-0.7672,0.5941,0.0483,0.5562,0.0497,0.0805,0.2959
19.5840,clay,0.566,0.050,0.5629,-0.1331,0.0366,0.0090,-0.4401,0.2664,-0.0525,0.5734,-0.0053,0.2133,0.2843
19.5960,clay,0.566,0.050,0.5399,-0.1015,-0.0897,0.0073,0.4217,0.8722,-0.0233,0.5035,0.0672,0.1750,0.2728
19.6080,clay,0.566,0.050,0.5160,-0.1859,-0.0617,0.0042,-0.0872,0.2204,0.0246,0.5604,0.0450,0.2615,0.2641
19.6200,clay,0.566,0.050,0.4914,-0.1194,0.0042,0.0043,-0.8128,0.3620,0.0727,0.5004,0.5302,-0.1320,0.2523
19.6320,clay,0.566,0.050,0.4659,-0.1449,-0.0238,0.0102,-0.1602,-0.1799,0.0138,0.5179,0.3859,0.0299,0.2379
19.6440,clay,0.566,0.050,0.4398,-0.1531,-0.1029,0.0037,-0.5100,0.7402,-0.0192,0.5172,0.2571,0.3047,0.2277
19.6560,clay,0.566,0.050,0.4129,-0.0454,-0.0411,0.0093,-1.6144,-0.2794,-0.0039,0.6520,0.0101,0.3978,0.2141
19.6680,clay,0.566,0.050,0.3854,-0.1357,0.0152,0.0054,-0.2588,0.1412,0.0418,0.4735,0.0945,0.2038,0.2017
19.6800,clay,0.566,0.050,0.3573,-0.1228,-0.0499,0.0094,-0.0320,-0.2280,-0.1204,0.6161,0.0888,0.3418,0.1843
19.6920,clay,0.566,0.050,0.3286,-0.0725,0.0219,0.0044,0.3330,0.3696,0.0934,0.5003,0.0875,0.3069,0.1731
19.7040,clay,0.566,0.050,0.2994,-0.0651,0.0291,0.0107,-0.0405,0.8350,0.0158,0.5272,0.2082,0.0647,0.1629
19.7160,clay,0.566,0.050,0.2697,-0.0715,-0.0141,0.0169,0.8594,-0.5959,-0.2576,0.7351,0.2216,0.0169,0.1401
19.7280,clay,0.566,0.050,0.2397,-0.1107,0.0507,0.0040,0.8588,-0.2571,0.1265,0.3671,0.2095,0.1098,0.1292
19.7400,clay,0.566,0.050,0.2092,-0.1225,0.0140,0.0095,0.2076,-0.1169,0.0133,0.4420,0.1075,0.4677,0.1183
19.7520,clay,0.566,0.050,0.1784,-0.1469,-0.0519,0.0104,-0.4593,-0.3202,-0.1742,0.5682,0.1899,0.2771,0.1039
19.7640,clay,0.566,0.050,0.1473,-0.0970,-0.0449,0.0109,-0.1227,0.2255,-0.2423,0.5839,0.1484,0.2557,0.0860
19.7760,clay,0.566,0.050,0.1160,-0.0717,0.0502,0.0124,-0.0401,0.4880,-0.1203,0.5112,0.0688,0.3062,0.0694
19.7880,clay,0.566,0.050,0.0845,-0.0604,0.0260,0.0054,0.4077,0.3325,-0.0797,0.5130,0.0189,0.3110,0.0564
19.8000,clay,0.566,0.050,0.0529,-0.0976,-0.0191,0.0040,0.8919,0.0156,-0.1935,0.6175,0.3019,0.1733,0.0422
19.8120,clay,0.566,0.050,0.0212,-0.0789,-0.0935,0.0094,0.2195,0.3970,-0.2092,0.6169,0.3974,-0.0205,0.0249
19.8240,clay,0.566,0.050,-0.0106,-0.1486,-0.0668,0.0058,-0.0731,0.5812,-0.1549,0.5347,0.4966,-0.0804,0.0082
19.8360,clay,0.566,0.050,-0.0423,-0.1307,-0.0183,0.0079,-0.2312,-0.2302,-0.1607,0.5260,0.3043,0.3201,-0.0069
19.8480,clay,0.566,0.050,-0.0740,-0.1352,-0.0410,0.0111,0.4378,0.5899,-0.2125,0.6058,0.0975,0.4188,-0.0236
19.8600,clay,0.566,0.050,-0.1055,-0.0297,0.0119,0.0114,0.7714,0.4520,-0.0221,0.4449,0.0288,0.3365,-0.0347
19.8720,clay,0.566,0.050,-0.1369,-0.0593,0.0130,0.0136,0.2688,-0.5081,-0.1091,0.5131,0.1800,0.3645,-0.0528
19.8840,clay,0.566,0.050,-0.1681,-0.1099,0.0498,0.0127,0.8124,0.7209,-0.1536,0.4911,0.2570,0.0261,-0.0700
19.8960,clay,0.566,0.050,-0.1990,-0.0867,0.0448,0.0115,0.3302,-0.6608,-0.0441,0.4125,0.3302,-0.0191,-0.0829
19.9080,clay,0.566,0.050,-0.2295,-0.1328,0.0277,0.0095,-0.2951,0.4424,-0.0971,0.4407,0.3971,-0.0273,-0.0971
19.9200,clay,0.566,0.050,-0.2598,-0.0678,0.0102,0.0146,0.4723,0.3324,-0.2036,0.5321,0.2728,0.0938,-0.1154
19.9320,clay,0.566,0.050,-0.2896,-0.0472,0.0431,0.0114,1.3122,-0.1428,-0.1320,0.4761,0.0556,0.1407,-0.1309
19.9440,clay,0.566,0.050,-0.3189,-0.1121,0.0650,0.0113,-0.5704,0.1761,-0.1252,0.4774,0.2666,-0.0359,-0.1457
19.9560,clay,0.566,0.050,-0.3478,0.0388,-0.0203,0.0062,-0.0693,0.3315,-0.0356,0.4512,0.2551,-0.0766,-0.1574
19.9680,clay,0.566,0.050,-0.3761,-0.1215,0.0159,0.0115,0.4267,0.7819,-0.0604,0.5466,0.2817,0.1108,-0.1791
19.9800,clay,0.566,0.050,-0.4038,-0.1698,0.0069,0.0097,0.6585,-0.2454,0.1497,0.3495,0.2844,0.0170,-0.1878
19.9920,clay,0.566,0.050,-0.4309,-0.1020,-0.0033,0.0131,1.1149,-0.1133,0.0565,0.3534,0.3213,0.0384,-0.2013
20.0040,clay,0.566,0.050,-0.4573,-0.0418,0.0018,0.0107,-0.0789,0.0412,0.0673,0.3674,0.2719,-0.0455,-0.2097
20.0160,clay,0.566,0.050,-0.4830,-0.0261,0.0486,0.0127,-0.1139,0.2793,0.0401,0.3776,0.2211,-0.0580,-0.2208
20.0280,clay,0.566,0.050,-0.5079,-0.1660,0.0669,0.0109,-0.5937,0.3329,-0.0800,0.4479,0.1652,-0.0467,-0.2374
20.0400,clay,0.566,0.050,-0.5320,-0.1807,0.0215,0.0120,-0.3640,0.0080,0.0009,0.4004,0.2113,-0.0441,-0.2500
20.0520,clay,0.566,0.050,-0.5553,-0.0912,0.0362,0.0122,1.1181,-0.2470,0.0905,0.3727,-0.1025,0.3656,-0.2601
20.0640,clay,0.566,0.050,-0.5777,-0.0475,0.0748,0.0186,1.0236,-0.4283,0.0331,0.3566,0.0350,0.2186,-0.2707
20.0760,clay,0.566,0.050,-0.5992,-0.0750,-0.0775,0.0154,0.1636,-0.3144,0.1314,0.2874,0.0776,0.0697,-0.2786
20.0880,clay,0.566,0.050,-0.6198,-0.0325,0.0550,0.0195,-0.0236,-0.1802,0.0015,0.4304,0.1436,0.0253,-0.2900
20.1000,clay,0.566,0.050,-0.6394,-0.0765,0.0026,0.0186,-0.4797,0.3058,-0.0423,0.4439,0.3206,-0.1607,-0.3053
20.1120,clay,0.566,0.050,-0.6579,-0.1319,0.0567,0.0167,-0.2090,0.3301,0.0914,0.3032,0.0923,-0.1928,-0.3127
20.1240,clay,0.566,0.050,-0.6755,-0.0655,0.0812,0.0178,0.5002,-0.8928,0.0121,0.2148,-0.1078,0.2308,-0.3188
20.1360,clay,0.566,0.050,-0.6919,-0.0428,0.0101,0.0149,0.3445,-0.8502,-0.0066,0.1816,-0.1243,0.2500,-0.3249
20.1480,clay,0.566,0.050,-0.7073,-0.0004,0.0383,0.0150,0.8041,-0.0979,0.0171,0.1411,-0.0109,0.0952,-0.3348
20.1600,clay,0.566,0.050,-0.7216,-0.1044,0.0550,0.0151,-0.1612,-0.0623,0.0595,0.0838,0.0413,0.1105,-0.3428
20.1720,clay,0.566,0.050,-0.7347,-0.0478,-0.0503,0.0090,-0.5109,-0.2860,0.1087,0.0781,0.0973,0.0482,-0.3483
20.1840,clay,0.566,0.050,-0.7467,0.0189,0.0200,0.0130,-0.7906,-0.6030,-0.0286,0.1023,0.1563,-0.1084,-0.3540
20.1960,clay,0.566,0.050,-0.7575,-0.0004,-0.0025,0.0112,-0.3851,0.0035,0.0055,0.0975,0.1429,-0.0147,-0.3586
20.2080,clay,0.566,0.050,-0.7671,-0.0997,-0.0040,0.0089,0.6262,-0.1011,0.0630,0.0512,0.0561,-0.0182,-0.3629
20.2200,clay,0.566,0.050,-0.7755,-0.1447,0.0711,0.0076,0.8663,-0.1858,0.3502,-0.1481,0.1843,-0.1903,-0.3665
20.2320,clay,0.566,0.050,-0.7827,-0.0371,-0.0252,0.0130,0.4943,0.1139,0.0790,0.0430,0.0597,-0.2359,-0.3718
20.2440,clay,0.566,0.050,-0.7886,0.0672,0.0070,0.0116,0.8734,0.2691,0.0575,0.0324,-0.1983,0.1362,-0.3752
20.2560,clay,0.566,0.050,-0.7934,0.0111,0.0516,0.0074,-0.6609,-0.0793,-0.0163,0.0999,-0.0661,-0.1237,-0.3775
20.2680,clay,0.566,0.050,-0.7968,-0.0145,0.0405,-0.0008,-0.3671,-0.6131,0.3187,-0.2032,-0.0221,-0.2768,-0.3794
20.2800,clay,0.566,0.050,-0.7990,-0.0281,-0.0124,0.0047,-0.0985,0.1054,0.1520,-0.0186,-0.3503,0.1824,-0.3811
20.2920,clay,0.566,0.050,-0.8000,0.0191,0.0446,0.0040,-0.3675,0.0411,-0.0186,0.0618,-0.3048,0.1192,-0.3825
20.3040,clay,0.566,0.050,-0.7996,-0.0430,-0.0288,0.0051,0.9118,0.1707,-0.0682,0.0259,-0.2452,0.0606,-0.3833
20.3160,clay,0.566,0.050,-0.7981,-0.0725,0.0555,0.0010,0.2824,0.3166,0.3005,-0.1307,-0.3228,0.2088,-0.3827
20.3280,clay,0.566,0.050,-0.7952,-0.0639,-0.0601,0.0034,2.0530,-0.4727,0.2230,-0.1879,-0.1151,0.0692,-0.3816
20.3400,clay,0.566,0.050,-0.7912,-0.0284,0.0824,0.0035,1.8858,-0.0432,0.2336,-0.1614,-0.1257,0.0521,-0.3809
20.3520,clay,0.566,0.050,-0.7858,0.0588,-0.0183,0.0025,-0.1776,-0.0504,0.2467,-0.2890,-0.0200,0.0087,-0.3795
20.3640,clay,0.566,0.050,-0.7793,-0.0149,-0.0042,0.0052,1.1472,0.0589,0.3022,-0.4057,-0.2028,0.0678,-0.3771
20.3760,clay,0.566,0.050,-0.7715,0.0074,-0.1645,0.0032,0.0789,-0.1600,0.0782,-0.2328,-0.0274,0.0167,-0.3739
20.3880,clay,0.566,0.050,-0.7625,0.0982,-0.0222,0.0040,0.5964,-0.1131,0.2378,-0.3232,-0.3033,0.1180,-0.3705
20.4000,clay,0.566,0.050,-0.7523,-0.0065,-0.0525,0.0039,-1.1064,-0.0187,0.1584,-0.3335,-0.1124,0.0509,-0.3664
20.4120,clay,0.566,0.050,-0.7409,0.1578,-0.0417,0.0012,-0.0302,-0.0105,0.2797,-0.4467,-0.0861,0.0964,-0.3611
20.4240,clay,0.566,0.050,-0.7283,0.0946,-0.0152,0.0016,0.1569,-0.0217,0.2430,-0.4468,-0.4111,0.2602,-0.3562
20.4360,clay,0.566,0.050,-0.7146,0.0312,0.0583,-0.0045,0.3014,-0.0630,0.2339,-0.4095,-0.0520,-0.1657,-0.3509
20.4480,clay,0.566,0.050,-0.6998,0.0638,0.0207,-0.0026,-0.3775,-0.6971,0.2665,-0.4647,-0.1233,-0.0689,-0.3441
20.4600,clay,0.566,0.050,-0.6838,0.0521,-0.0053,-0.0001,0.6096,-0.1371,0.2847,-0.5361,-0.0275,-0.1377,-0.3353
20.4720,clay,0.566,0.050,-0.6668,0.0462,-0.0948,0.0013,0.4975,0.1789,0.2556,-0.4213,-0.0605,-0.1717,-0.3287
20.4840,clay,0.566,0.050,-0.6488,0.0381,0.0492,-0.0034,-0.1222,-0.4472,0.2796,-0.5139,0.0141,-0.0901,-0.3226
20.4960,clay,0.566,0.050,-0.6297,0.0049,-0.0028,-0.0014,-0.1810,0.6009,0.3086,-0.5923,-0.1721,0.1092,-0.3135
20.5080,clay,0.566,0.050,-0.6096,0.0358,-0.0428,-0.0035,-0.4934,-0.8788,0.2755,-0.5288,-0.2356,-0.0654,-0.3034
20.5200,clay,0.566,0.050,-0.5886,-0.0104,-0.0118,-0.0019,0.3025,-0.3729,0.2133,-0.5357,-0.3819,0.2255,-0.2932
20.5320,clay,0.566,0.050,-0.5666,0.0737,-0.0321,-0.0039,0.2139,0.2635,0.3225,-0.6000,0.0100,-0.2336,-0.2841
20.5440,clay,0.566,0.050,-0.5438,0.0904,0.0098,-0.0078,0.3873,0.1304,0.3426,-0.6075,-0.1005,-0.1619,-0.2724
20.5560,clay,0.566,0.050,-0.5201,-0.0137,0.0584,-0.0042,0.9518,0.0756,0.1224,-0.4411,-0.2332,-0.1629,-0.2610
20.5680,clay,0.566,0.050,-0.4955,0.0717,-0.0309,-0.0011,0.0724,-0.1461,0.0568,-0.4758,-0.0132,-0.1186,-0.2516
20.5800,clay,0.566,0.050,-0.4702,0.0639,-0.0579,-0.0029,-0.3325,0.4318,0.2047,-0.5129,-0.1043,0.0480,-0.2411
20.5920,clay,0.566,0.050,-0.4442,0.1086,0.0332,-0.0075,-0.1523,0.1166,0.2966,-0.5562,-0.2917,0.1958,-0.2273
20.6040,clay,0.566,0.050,-0.4174,-0.0020,-0.0989,-0.0068,-0.1108,0.1630,0.2234,-0.5182,-0.2489,-0.1115,-0.2136
20.6160,clay,0.566,0.050,-0.3900,0.0707,0.0360,-0.0071,-0.5343,-0.2986,0.1969,-0.4878,-0.0205,-0.1634,-0.2017
20.6280,clay,0.566,0.050,-0.3620,0.0288,-0.0199,-0.0042,1.2389,0.5180,0.1992,-0.5664,-0.0425,0.0429,-0.1885
20.6400,clay,0.566,0.050,-0.3334,0.0702,-0.0389,-0.0075,0.2040,-0.2004,0.2161,-0.5661,0.1373,-0.1808,-0.1748
20.6520,clay,0.566,0.050,-0.3043,0.1304,0.0404,-0.0083,0.2009,-0.2727,0.2612,-0.5859,-0.1446,-0.1135,-0.1601
20.6640,clay,0.566,0.050,-0.2747,0.0485,-0.0045,-0.0122,-0.2499,-0.0762,0.1963,-0.5593,-0.1614,0.0458,-0.1460
20.6760,clay,0.566,0.050,-0.2447,-0.0476,-0.0237,-0.0165,-0.2801,0.9711,0.2171,-0.5984,-0.3382,0.2219,-0.1294
20.6880,clay,0.566,0.050,-0.2143,0.0508,0.0610,-0.0074,0.5703,0.0559,0.1342,-0.4366,-0.2177,0.2257,-0.1171
20.7000,clay,0.566,0.050,-0.1835,0.0451,0.0451,-0.0138,0.1371,0.5521,0.1359,-0.4790,0.0995,-0.2189,-0.1014
20.7120,clay,0.566,0.050,-0.1525,0.0581,0.0064,-0.0145,0.4870,-0.1390,0.2914,-0.6123,-0.2255,-0.2580,-0.0826
20.7240,clay,0.566,0.050,-0.1212,-0.0932,-0.0541,-0.0132,0.4826,-0.8450,0.1196,-0.3877,-0.0071,-0.1799,-0.0710
20.7360,clay,0.566,0.050,-0.0898,0.0903,0.0078,-0.0073,-0.1197,-0.2027,0.1895,-0.3591,0.1079,-0.1923,-0.0574
20.7480,clay,0.566,0.050,-0.0582,0.1054,-0.0019,-0.0131,-0.9890,0.6600,0.1914,-0.3579,-0.1293,-0.1138,-0.0414
20.7600,clay,0.566,0.050,-0.0265,0.1340,0.1003,-0.0131,0.0959,-0.4468,0.2803,-0.4084,0.1167,-0.2585,-0.0244
20.7720,clay,0.566,0.050,0.0053,0.0305,-0.0436,-0.0081,0.0538,0.2648,0.2766,-0.3940,0.1893,-0.2766,-0.0083
20.7840,clay,0.566,0.050,0.0370,0.0267,0.0198,-0.0091,-1.4023,-0.2346,0.2169,-0.3391,0.1753,-0.2127,0.0043
20.7960,clay,0.566,0.050,0.0687,0.1509,-0.0024,-0.0153,-0.6975,-0.1605,0.3529,-0.4212,-0.0430,-0.1355,0.0233
20.8080,clay,0.566,0.050,0.1003,-0.0314,0.0709,-0.0143,-0.3157,-0.0438,0.3305,-0.2176,0.2503,-0.1733,0.0386
20.8200,clay,0.566,0.050,0.1317,0.0802,-0.0591,-0.0138,0.1236,-0.2697,0.2346,-0.1516,0.0930,-0.1384,0.0521
20.8320,clay,0.566,0.050,0.1629,0.0809,-0.0620,-0.0178,0.3110,-0.1639,0.2970,-0.1805,0.0005,-0.0412,0.0669
20.8440,clay,0.566,0.050,0.1938,-0.0835,-0.0480,-0.0279,3.2933,1.6207,0.5505,-0.2744,-0.0362,-0.0827,0.0924
20.8560,clay,0.566,0.050,0.2245,-0.0061,0.0116,-0.0194,0.1292,-0.7572,0.0162,-0.0804,0.2056,-0.1401,0.1006
20.8680,clay,0.566,0.050,0.2547,-0.1401,-0.1112,-0.0096,-0.6864,0.0581,0.1217,-0.0382,0.1023,-0.0524,0.1068
20.8800,clay,0.566,0.050,0.2846,-0.0569,0.0198,-0.0121,0.1858,1.4223,0.2482,-0.1507,0.2313,-0.1144,0.1167
20.8920,clay,0.566,0.050,0.3141,-0.0628,-0.0511,-0.0198,-0.1209,-0.8241,0.5320,-0.4389,0.2051,-0.1303,0.1437
20.9040,clay,0.566,0.050,0.3430,-0.0132,-0.0223,-0.0157,-0.8021,-0.8235,0.3184,-0.2334,-0.0424,-0.0726,0.1612
20.9160,clay,0.566,0.050,0.3714,-0.0168,-0.0400,-0.0115,0.7865,0.8945,0.2833,-0.1284,-0.0304,-0.0286,0.1722
20.9280,clay,0.566,0.050,0.3992,-0.0670,-0.0452,-0.0105,-0.5233,-0.6849,0.3511,-0.2351,0.2469,-0.0850,0.1831
20.9400,clay,0.566,0.050,0.4264,-0.0855,0.0272,-0.0130,-0.4325,0.3085,0.4891,-0.3608,-0.0807,0.2051,0.1986
20.9520,clay,0.566,0.050,0.4529,-0.0517,-0.0676,-0.0126,-1.3252,0.3107,0.3515,-0.2200,-0.1996,0.3239,0.2129
20.9640,clay,0.566,0.050,0.4787,0.0098,-0.0675,-0.0095,0.1538,-0.4788,0.2936,-0.2258,0.0707,0.1965,0.2271
20.9760,clay,0.566,0.050,0.5038,0.0170,-0.0218,-0.0103,-1.6850,-0.0670,0.3519,-0.2026,-0.0443,0.2661,0.2389
20.9880,clay,0.566,0.050,0.5281,0.0503,-0.0218,-0.0049,-0.2106,0.1441,0.2257,-0.0740,-0.0043,0.2194,0.2472
21.0000,clay,0.566,0.050,0.5515,-0.0347,-0.0814,-0.0085,-1.1563,-0.1102,0.3395,-0.0918,-0.0893,0.2591,0.2572
21.0120,clay,0.566,0.050,0.5740,-0.0865,-0.0382,-0.0116,-0.1284,-0.3844,0.3206,-0.1204,0.0491,0.1725,0.2691
21.0240,clay,0.566,0.050,0.5957,0.0022,0.0186,-0.0125,0.1195,-0.5458,0.3131,0.0404,-0.1562,0.3070,0.2814
21.0360,clay,0.566,0.050,0.6164,-0.0696,-0.0383,-0.0137,-0.1137,0.1358,0.2543,0.0518,-0.1592,0.2691,0.2896
21.0480,clay,0.566,0.050,0.6362,-0.0319,-0.0216,-0.0167,-0.3049,-0.4064,0.3840,-0.0493,-0.0930,0.1944,0.3007
21.0600,clay,0.566,0.050,0.6549,-0.0277,-0.1265,-0.0169,-0.4304,-0.1885,0.2513,0.1048,-0.1026,0.1614,0.3097
21.0720,clay,0.566,0.050,0.6726,-0.1232,0.1270,-0.0173,-0.4301,-0.0024,0.2518,0.0185,-0.1712,0.2588,0.3191
21.0840,clay,0.566,0.050,0.6893,-0.0252,-0.0649,-0.0129,0.0832,-0.1373,0.2204,-0.0142,-0.1011,0.0781,0.3256
21.0960,clay,0.566,0.050,0.7048,-0.0510,-0.0152,-0.0180,0.1988,0.3606,0.2032,-0.0424,-0.1274,0.2331,0.3344
21.1080,clay,0.566,0.050,0.7193,-0.1173,-0.0531,-0.0060,-1.3696,-0.1024,0.1203,0.0426,0.0146,-0.0903,0.3410
21.1200,clay,0.566,0.050,0.7326,-0.0702,-0.0448,-0.0066,-0.0754,0.4825,0.1083,0.0482,-0.0498,0.0843,0.3485
21.1320,clay,0.566,0.050,0.7448,-0.0199,0.0097,-0.0025,0.8786,-0.0976,0.1624,-0.0072,-0.0252,0.1299,0.3537
21.1440,clay,0.566,0.050,0.7558,-0.0954,-0.0459,-0.0041,0.2399,0.0652,0.1798,-0.0417,-0.0465,0.0599,0.3575
21.1560,clay,0.566,0.050,0.7656,0.0598,-0.0146,-0.0030,1.5345,0.2579,0.0985,0.0372,-0.0884,0.0659,0.3654
21.1680,clay,0.566,0.050,0.7742,0.0008,0.0039,0.0013,-0.1146,-0.1311,-0.0290,0.0771,-0.0906,0.0600,0.3685
21.1800,clay,0.566,0.050,0.7816,0.0020,-0.0188,0.0007,-0.0472,-0.1565,0.0071,0.0443,-0.1624,0.1840,0.3722
21.1920,clay,0.566,0.050,0.7877,-0.0379,0.0019,-0.0022,1.2221,0.4914,0.1373,-0.0563,0.0708,-0.0596,0.3749
21.2040,clay,0.566,0.050,0.7927,-0.0200,-0.0091,-0.0030,-0.5865,0.3023,-0.2140,0.2638,0.0058,0.0511,0.3781
21.2160,clay,0.566,0.050,0.7963,-0.0414,0.0013,-0.0042,-0.1868,0.3437,0.0640,-0.0164,-0.2286,0.0397,0.3801
21.2280,clay,0.566,0.050,0.7987,-0.0753,0.0097,-0.0031,-0.7180,-0.3542,-0.1730,0.1652,0.1780,-0.2762,0.3807
21.2400,clay,0.566,0.050,0.7999,-0.0679,-0.0153,-0.0050,-0.1657,0.1234,0.0820,-0.0540,0.1024,-0.2807,0.3824
21.2520,clay,0.566,0.050,0.7998,-0.0388,-0.0494,-0.0046,-0.3525,-0.8561,0.0255,0.0067,-0.2117,-0.0096,0.3846
21.2640,clay,0.566,0.050,0.7984,0.0053,0.0429,-0.0065,-0.5285,0.6459,-0.1712,0.0476,-0.0608,0.0706,0.3842
21.2760,clay,0.566,0.050,0.7958,0.0023,0.0485,-0.0040,0.0738,0.0419,0.0392,-0.0678,-0.0993,-0.2067,0.3828
21.2880,clay,0.566,0.050,0.7919,-0.0794,0.0105,-0.0015,0.2463,-0.2769,-0.4034,0.3132,-0.2707,0.0309,0.3817
21.3000,clay,0.566,0.050,0.7868,0.0805,0.0567,-0.0018,1.3334,-0.1492,-0.2179,0.1259,0.2332,-0.3570,0.3805
21.3120,clay,0.566,0.050,0.7804,0.0369,-0.0518,0.0001,-0.9855,0.0285,-0.0898,-0.0062,0.0210,-0.1193,0.3779
21.3240,clay,0.566,0.050,0.7729,0.0706,-0.0339,-0.0011,-0.0488,0.1266,-0.0606,-0.0288,0.1668,-0.4459,0.3751
21.3360,clay,0.566,0.050,0.7640,0.0532,0.1372,-0.0019,0.4420,-0.0837,-0.0625,0.0179,0.1728,-0.3212,0.3721
21.3480,clay,0.566,0.050,0.7540,-0.0101,-0.0129,-0.0038,0.6395,0.3529,-0.1584,0.0240,-0.1157,-0.0520,0.3676
21.3600,clay,0.566,0.050,0.7428,0.0293,0.0653,-0.0007,0.2827,-0.0564,-0.1582,0.0375,-0.0619,-0.0900,0.3627
21.3720,clay,0.566,0.050,0.7305,0.0854,-0.0023,-0.0013,1.2274,0.0372,-0.1524,0.1026,-0.1921,0.1266,0.3579
21.3840,clay,0.566,0.050,0.7170,0.0057,0.0050,-0.0003,-0.2538,-0.1112,-0.2941,0.2205,-0.0839,-0.1034,0.3530
21.3960,clay,0.566,0.050,0.7023,-0.0589,0.0534,0.0009,0.4712,-0.5870,-0.1959,0.2405,0.2421,-0.4139,0.3453
21.4080,clay,0.566,0.050,0.6866,-0.0637,0.1022,0.0049,-0.3903,0.3531,-0.2627,0.2640,-0.2541,0.0474,0.3394
21.4200,clay,0.566,0.050,0.6697,-0.0041,0.0280,0.0013,0.9633,0.3783,-0.3402,0.3609,-0.0573,-0.1589,0.3328
21.4320,clay,0.566,0.050,0.6518,0.0505,-0.0005,0.0018,1.0804,0.1956,-0.3479,0.3434,-0.0729,0.1500,0.3247
21.4440,clay,0.566,0.050,0.6329,-0.0167,0.0107,0.0046,-0.0589,0.4118,-0.1978,0.2160,0.1088,-0.0106,0.3152
21.4560,clay,0.566,0.050,0.6130,-0.0233,-0.1329,0.0060,0.3205,0.3054,-0.1690,0.2121,-0.1220,0.1066,0.3061
21.4680,clay,0.566,0.050,0.5921,0.0178,0.0080,0.0046,0.1721,0.1417,-0.1739,0.3110,0.0384,-0.0131,0.2971
21.4800,clay,0.566,0.050,0.5703,0.0488,-0.0525,0.0034,0.0143,-0.6661,-0.1941,0.2602,0.2267,-0.2011,0.2880
21.4920,clay,0.566,0.050,0.5476,-0.0108,0.0263,0.0087,-0.1679,0.5301,-0.2492,0.2877,0.1838,-0.2481,0.2767
21.5040,clay,0.566,0.050,0.5241,-0.0633,-0.0516,0.0058,-0.3218,-0.0971,-0.1980,0.2408,0.3193,-0.3513,0.2661
21.5160,clay,0.566,0.050,0.4997,-0.0140,0.0576,0.0078,-0.1666,0.4960,-0.1817,0.2513,-0.1387,0.1950,0.2552
21.5280,clay,0.566,0.050,0.4745,-0.0094,-0.0573,0.0087,0.0165,0.0870,-0.2473,0.3021,0.0022,0.0598,0.2428
21.5400,clay,0.566,0.050,0.4486,0.0378,0.0037,0.0072,-1.9022,0.0771,-0.2048,0.2704,0.1603,-0.1016,0.2318
21.5520,clay,0.566,0.050,0.4219,0.0261,-0.0887,0.0084,-0.9117,-0.1768,-0.2062,0.4069,0.0932,-0.1196,0.2234
21.5640,clay,0.566,0.050,0.3946,-0.0617,0.0349,0.0178,-0.6999,1.2920,-0.2014,0.3912,0.1653,-0.1993,0.2050
21.5760,clay,0.566,0.050,0.3667,-0.0933,0.0188,0.0168,-0.1565,-0.0664,-0.1280,0.3052,0.2889,-0.2673,0.1899
21.5880,clay,0.566,0.050,0.3382,-0.0138,-0.0214,0.0077,-0.3555,-0.2182,-0.1192,0.2795,0.1128,-0.0717,0.1785
21.6000,clay,0.566,0.050,0.3092,-0.1368,0.0753,0.0098,-0.2815,-0.2738,-0.1568,0.3283,0.0796,-0.2391,0.1668
21.6120,clay,0.566,0.050,0.2797,-0.0470,-0.0107,0.0077,-1.0107,0.3304,-0.4430,0.4421,-0.0282,0.0533,0.1488
21.6240,clay,0.566,0.050,0.2497,-0.0669,-0.0840,0.0116,0.4148,0.9617,-0.3800,0.2618,0.0768,0.1003,0.1323
21.6360,clay,0.566,0.050,0.2194,0.0069,0.0301,0.0035,-0.7387,-0.3580,-0.2795,0.2809,0.2249,-0.1288,0.1208
21.6480,clay,0.566,0.050,0.1887,-0.0660,0.0982,0.0060,-0.1086,0.1435,-0.3119,0.3351,-0.2989,0.3431,0.1085
21.6600,clay,0.566,0.050,0.1577,-0.0878,-0.0518,0.0074,-0.5389,0.4511,-0.4285,0.4283,-0.1403,-0.0051,0.0921
21.6720,clay,0.566,0.050,0.1265,-0.0417,0.0020,0.0121,-0.4495,0.2172,-0.3787,0.5028,0.0123,-0.2879,0.0751
21.6840,clay,0.566,0.050,0.0950,-0.0374,-0.0338,0.0142,-0.1689,0.7710,-0.3059,0.4397,0.0113,-0.0511,0.0596
21.6960,clay,0.566,0.050,0.0634,-0.0592,-0.0851,0.0089,-1.0989,0.5897,-0.2136,0.3878,0.0039,0.1100,0.0445
21.7080,clay,0.566,0.050,0.0317,-0.0587,-0.0376,0.0072,0.9185,-0.0891,-0.3474,0.3687,-0.0235,0.1127,0.0299
21.7200,clay,0.566,0.050,-0.0000,0.0071,0.0819,0.0082,-0.5817,-0.3812,-0.3307,0.2236,-0.2582,0.0664,0.0151
21.7320,clay,0.566,0.050,-0.0317,-0.0720,0.1021,0.0149,0.1270,-0.7005,-0.3104,0.2370,-0.0622,-0.0447,-0.0003
21.7440,clay,0.566,0.050,-0.0634,-0.0214,0.0257,0.0153,-0.2235,0.3321,-0.3249,0.2764,0.0132,-0.3118,-0.0211
21.7560,clay,0.566,0.050,-0.0950,0.0077,0.0354,0.0084,1.2721,0.4265,-0.1341,0.1361,-0.2854,0.0681,-0.0320
21.7680,clay,0.566,0.050,-0.1265,-0.0306,0.0666,0.0123,0.6263,-0.2435,-0.1539,0.1795,-0.0763,-0.0176,-0.0439
21.7800,clay,0.566,0.050,-0.1577,-0.0776,-0.0315,0.0162,1.3529,0.7621,-0.4557,0.3119,-0.0905,0.0203,-0.0662
21.7920,clay,0.566,0.050,-0.1887,-0.0125,0.0124,0.0142,1.0195,-0.7084,-0.2801,0.2370,0.1159,-0.2196,-0.0820
21.8040,clay,0.566,0.050,-0.2194,0.0945,0.0861,0.0139,-0.2529,0.4201,-0.1759,0.1765,0.0659,-0.1509,-0.0948
21.8160,clay,0.566,0.050,-0.2497,0.0476,0.1009,0.0127,-0.1457,-0.7247,-0.2155,0.1757,0.1670,-0.3032,-0.1061
21.8280,clay,0.566,0.050,-0.2797,0.1217,-0.0301,0.0157,-0.4123,0.3423,-0.3198,0.3421,-0.0070,-0.2901,-0.1256
21.8400,clay,0.566,0.050,-0.3092,0.0330,-0.0455,0.0119,-0.8520,-0.3856,-0.2045,0.1593,-0.0729,-0.2864,-0.1378
21.8520,clay,0.566,0.050,-0.3382,0.0068,-0.0251,0.0181,-0.1747,-0.0147,-0.3087,0.1169,0.0320,-0.2358,-0.1536
21.8640,clay,0.566,0.050,-0.3667,-0.0160,0.0855,0.0197,-1.0326,1.5918,-0.3525,0.2052,-0.1646,0.0208,-0.1724
21.8760,clay,0.566,0.050,-0.3946,-0.0057,0.0191,0.0172,0.0249,0.1636,0.0020,0.0728,-0.0749,-0.0050,-0.1799
21.8880,clay,0.566,0.050,-0.4219,0.0374,0.0338,0.0141,0.9458,0.2017,0.0130,0.0425,-0.0534,0.0150,-0.1879
21.9000,clay,0.566,0.050,-0.4486,0.0587,-0.0111,0.0262,-0.4324,0.6512,0.0904,0.1618,-0.0412,-0.0110,-0.2076
21.9120,clay,0.566,0.050,-0.4745,-0.0565,0.0093,0.0219,-0.5314,-0.0685,0.1281,0.0242,-0.0756,-0.0050,-0.2218
21.9240,clay,0.566,0.050,-0.4997,0.0996,0.0506,0.0219,-0.2926,0.2318,0.0536,-0.0496,-0.0304,0.0721,-0.2327
21.9360,clay,0.566,0.050,-0.5241,0.0485,0.0620,0.0200,-0.3210,0.0742,-0.0213,-0.0607,-0.1505,0.1557,-0.2386
21.9480,clay,0.566,0.050,-0.5476,-0.0469,0.0321,0.0220,0.9655,0.3977,0.0090,-0.1761,-0.0147,0.0290,-0.2527
21.9600,clay,0.566,0.050,-0.5703,0.0530,0.0090,0.0242,-0.2820,0.2442,0.0185,-0.2187,0.1131,-0.2403,-0.2685
21.9720,clay,0.566,0.050,-0.5921,-0.0254,0.0389,0.0211,-0.4435,0.5007,-0.0159,-0.3068,-0.3053,0.2200,-0.2776
21.9840,clay,0.566,0.050,-0.6130,0.0471,0.0103,0.0240,-0.1624,0.1158,0.0099,-0.3228,-0.0889,-0.0651,-0.2893
21.9960,clay,0.566,0.050,-0.6329,-0.0113,0.1448,0.0297,-0.8159,-0.5541,-0.0755,-0.2150,-0.0899,0.1514,-0.3007
22.0080,clay,0.566,0.411,0.0795,-0.0928,0.0469,0.0202,-0.1490,-1.1472,0.1678,-0.3093,0.1403,-0.0347,-0.3055
22.0200,clay,0.566,0.417,0.0920,-0.0856,0.0433,-0.0113,3.6114,-1.9713,0.2855,-0.3901,-0.1443,0.0629,-0.2849
22.0320,clay,0.566,0.422,0.1046,0.0343,0.0518,-0.0407,0.8375,-1.2450,1.7403,-1.2356,-0.2937,0.1409,-0.2077
22.0440,clay,0.566,0.427,0.1172,-0.0215,0.0562,-0.0426,0.7013,-1.7569,2.2264,-1.9623,-0.2564,0.0691,-0.1128
22.0560,clay,0.566,0.432,0.1299,-0.0007,0.0204,-0.0420,0.2816,-1.2916,2.3819,-2.0806,-0.2248,0.0904,-0.0055
22.0680,clay,0.566,0.437,0.1427,0.0077,0.0671,0.0006,0.0260,-1.6607,2.3172,-1.8650,-0.2302,-0.0636,0.0821
22.0800,clay,0.566,0.442,0.1556,0.0646,-0.0404,0.0247,0.5402,-0.8680,0.7442,-0.1030,-0.0691,-0.1542,0.0974
22.0920,clay,0.566,0.447,0.1685,0.0800,0.0129,0.0160,-0.8428,1.7287,-0.2170,0.0844,0.0935,-0.2737,0.0963
22.1040,clay,0.566,0.452,0.1815,0.0046,0.0011,0.0083,-0.9351,-0.0957,-0.2924,0.2791,0.0647,-0.1396,0.0915
22.1160,clay,0.566,0.457,0.1944,0.0125,0.0185,0.0050,-0.9295,0.1170,-0.4034,0.3370,-0.0611,-0.0071,0.0882
22.1280,clay,0.566,0.462,0.2074,0.0498,0.0126,-0.0064,-0.4933,0.1573,0.1404,-0.0669,-0.2683,0.2101,0.0957
22.1400,clay,0.566,0.466,0.2204,0.1330,0.0746,-0.0086,-0.1711,0.1928,0.0973,-0.0679,-0.2787,0.2828,0.1036
22.1520,clay,0.566,0.471,0.2334,-0.0673,-0.0165,-0.0112,-0.2275,-0.1478,0.1310,-0.0245,-0.2396,0.0291,0.1116
22.1640,clay,0.566,0.476,0.2464,0.0349,0.0563,-0.0084,-0.0156,-0.2867,0.1202,-0.0927,0.2257,-0.1816,0.1152
22.1760,clay,0.566,0.481,0.2593,-0.0302,0.0261,-0.0034,-0.3878,0.5679,0.0425,-0.0285,0.2046,-0.1837,0.1198
22.1880,clay,0.566,0.485,0.2722,-0.0007,-0.0340,-0.0126,0.1509,-1.0118,0.2621,-0.1493,0.0924,-0.0683,0.1278
22.2000,clay,0.566,0.490,0.2850,-0.0293,-0.0103,-0.0148,-0.1183,-0.3732,0.1062,-0.0382,0.1461,-0.1365,0.1363
22.2120,clay,0.566,0.494,0.2977,0.0445,0.0503,-0.0089,-0.2806,0.6552,0.1711,-0.1073,0.0403,-0.0994,0.1403
22.2240,clay,0.566,0.498,0.3103,-0.0662,-0.0850,-0.0089,0.2676,-0.1447,0.1338,-0.0683,-0.1232,-0.0851,0.1469
22.2360,clay,0.566,0.503,0.3228,0.0493,0.0395,-0.0083,0.8367,0.3415,0.1588,-0.1432,-0.0925,-0.0422,0.1542
22.2480,clay,0.566,0.507,0.3352,0.0578,-0.0641,-0.0062,1.6980,0.9451,0.0996,-0.0409,0.0890,0.2292,0.1592
22.2600,clay,0.566,0.511,0.3475,-0.0270,-0.0910,-0.0088,0.0139,-0.2422,0.1391,-0.1179,0.1026,-0.2424,0.1639
22.2720,clay,0.566,0.515,0.3595,0.1014,0.0270,-0.0070,0.1389,-0.5925,0.1462,-0.0818,-0.0151,-0.2358,0.1698
22.2840,clay,0.566,0.519,0.3714,-0.0597,-0.1190,-0.0087,-0.0898,-0.4623,0.0444,-0.1298,0.0442,0.0585,0.1776
22.2960,clay,0.566,0.523,0.3831,-0.0635,-0.0344,-0.0074,1.6851,-0.4383,-0.0021,-0.0241,-0.0051,-0.1503,0.1822
22.3080,clay,0.566,0.527,0.3945,0.0608,0.0111,-0.0063,0.1969,-0.1596,-0.0006,-0.1355,-0.3148,0.2596,0.1872
22.3200,clay,0.566,0.531,0.4057,0.0069,0.0085,-0.0093,-0.1106,-0.0579,0.0255,-0.1223,-0.2392,0.0770,0.1925
22.3320,clay,0.566,0.534,0.4167,-0.0348,0.0403,-0.0072,0.2724,0.4264,-0.0121,-0.1735,-0.0580,-0.0846,0.1989
22.3440,clay,0.566,0.538,0.4274,-0.0058,-0.0180,-0.0113,0.3938,-0.5441,-0.0653,-0.1277,0.1470,-0.3631,0.2044
22.3560,clay,0.566,0.541,0.4377,0.0264,-0.0476,-0.0077,1.1108,0.2561,-0.0826,-0.1160,-0.3465,0.0887,0.2119
22.3680,clay,0.566,0.545,0.4478,0.0301,-0.0418,-0.0028,0.8764,0.4258,-0.2217,0.0629,-0.1324,-0.1179,0.2146
22.3800,clay,0.566,0.548,0.4575,0.0437,0.0416,-0.0068,1.5792,-0.4776,-0.0491,-0.1097,-0.2452,-0.0220,0.2190
22.3920,clay,0.566,0.551,0.4668,0.0709,-0.0107,-0.0073,1.3719,0.0640,-0.1254,-0.0999,-0.1586,-0.0581,0.2225
22.4040,clay,0.566,0.555,0.4758,-0.0300,0.0595,-0.0069,0.2523,0.0957,-0.0751,-0.1646,0.0534,-0.4120,0.2256
22.4160,clay,0.566,0.558,0.4844,0.0861,0.0327,-0.0075,0.1845,-0.5672,-0.1659,-0.1099,-0.0077,-0.4419,0.2304
22.4280,clay,0.566,0.561,0.4925,0.1243,0.0025,-0.0090,1.8915,0.4256,-0.1153,-0.2373,-0.1669,-0.0782,0.2379
22.4400,clay,0.566,0.563,0.5002,0.0408,0.0271,-0.0032,0.4273,0.4259,-0.1276,-0.2030,-0.3691,-0.0340,0.2409
22.4520,clay,0.566,0.566,0.5074,0.0040,-0.0967,-0.0058,1.3342,-0.3075,-0.1646,-0.2519,-0.0225,-0.3422,0.2456
22.4640,clay,0.566,0.569,0.5141,0.0356,-0.0109,0.0002,0.5808,-0.0509,-0.2535,-0.2405,-0.0731,-0.1924,0.2473
22.4760,clay,0.566,0.571,0.5203,0.0026,0.0145,0.0031,-0.4365,1.5182,-0.1739,-0.3358,0.0566,-0.6264,0.2487
22.4880,clay,0.566,0.574,0.5260,0.0552,0.1138,0.0006,-0.7763,0.5999,-0.2963,-0.2252,-0.2741,-0.4489,0.2530
22.5000,clay,0.566,0.576,0.5311,0.0640,-0.0143,-0.0028,0.1546,0.2963,-0.2772,-0.3119,-0.4885,-0.3041,0.2572
22.5120,clay,0.566,0.578,0.5357,0.0237,0.0002,0.0008,0.2737,0.4966,-0.4321,-0.2626,-0.3052,-0.1925,0.2586
22.5240,clay,0.566,0.581,0.5397,0.0667,0.0436,0.0003,0.4873,0.9227,-0.5257,-0.3221,-0.2910,-0.3325,0.2605
22.5360,clay,0.566,0.583,0.5430,0.0869,-0.0140,0.0024,2.1569,0.5149,-0.4158,-0.4243,-0.2470,-0.6882,0.2631
22.5480,clay,0.566,0.585,0.5457,0.1794,0.0759,0.0080,1.0495,0.1586,-0.4506,-0.4477,-0.5417,-0.2872,0.2650
22.5600,clay,0.566,0.586,0.5478,0.2344,0.0885,0.0083,1.7559,0.1127,-0.6880,-0.4277,-0.3524,-0.5214,0.2666
22.5720,clay,0.566,0.588,0.5492,0.0759,0.0531,0.0133,1.1447,-0.1016,-0.5221,-0.5965,-0.3912,-0.9261,0.2679
22.5840,clay,0.566,0.590,0.5499,0.1578,0.0414,0.0143,1.8725,0.2996,-0.7242,-0.5410,-0.6479,-0.7757,0.2682
22.5960,clay,0.566,0.591,0.5499,0.2001,0.0431,0.0172,2.0472,0.2047,-0.7125,-0.7186,-0.5572,-0.8015,0.2681
22.6080,clay,0.566,0.592,0.5492,0.2911,0.1106,0.0206,2.5391,0.6695,-0.7316,-0.7836,-0.9033,-0.7659,0.2686
22.6200,clay,0.566,0.594,0.5478,0.3121,0.1041,0.0169,2.4101,0.5483,-0.7215,-1.1698,-0.6322,-0.8538,0.2692
22.6320,clay,0.566,0.595,0.5456,0.3466,0.0855,0.0279,2.1428,-0.3747,-0.7728,-1.6396,-0.7636,-1.0152,0.2689
22.6440,clay,0.566,0.596,0.5426,0.3637,0.0472,0.0338,1.4910,0.3724,-1.1156,-1.5939,-0.8297,-0.9552,0.2680
22.6560,clay,0.566,0.597,0.5389,0.4732,0.0512,0.0383,2.4645,0.3957,-1.3369,-1.6435,-1.0882,-1.1712,0.2665
22.6680,clay,0.566,0.598,0.5344,0.4065,0.0332,0.0490,2.7934,0.5729,-1.8164,-1.7030,-0.8705,-1.2738,0.2642
22.6800,clay,0.566,0.598,0.5291,0.4659,0.1569,0.0482,3.0267,0.3920,-1.7330,-1.9862,-0.9834,-1.4349,0.2612
22.6920,clay,0.566,0.599,0.5230,0.4354,0.0661,0.0443,2.0257,0.8951,-1.8739,-2.5636,-0.9639,-1.7201,0.2582
22.7040,clay,0.566,0.599,0.5160,0.5382,0.1583,0.0494,2.3313,0.4789,-1.9397,-2.8110,-1.0445,-1.8135,0.2563
22.7160,clay,0.566,0.600,0.5083,0.5529,0.0624,0.0549,2.6619,-0.3245,-1.9410,-3.1935,-1.0272,-2.1800,0.2540
22.7280,clay,0.566,0.600,0.4997,0.5561,0.0595,0.0589,2.7523,0.1756,-1.9271,-3.6193,-1.1562,-2.2864,0.2506
22.7400,clay,0.566,0.600,0.4903,0.5848,0.1272,0.0639,2.0032,0.4240,-1.9790,-3.8825,-1.3768,-2.4487,0.2460
22.7520,clay,0.566,0.600,0.4801,0.6089,0.1935,0.0669,2.6481,0.4906,-2.1869,-4.0595,-1.3270,-2.8512,0.2417
22.7640,clay,0.566,0.600,0.4691,0.7202,0.0890,0.0654,1.9054,0.8531,-2.3833,-4.2526,-1.5381,-2.9639,0.2369
22.7760,clay,0.566,0.600,0.4572,0.5951,0.0751,0.0639,2.3018,0.6657,-2.5173,-4.5959,-1.4001,-3.2737,0.2300
22.7880,clay,0.566,0.599,0.4445,0.6596,0.1690,0.0688,2.8145,0.1136,-2.6398,-4.8756,-1.4515,-3.6083,0.2238
22.8000,clay,0.566,0.599,0.4310,0.6943,0.1959,0.0713,2.1669,0.6116,-2.8321,-5.1712,-1.5517,-3.6414,0.2177
22.8120,clay,0.566,0.598,0.4167,0.7222,0.0998,0.0732,2.2150,0.5156,-2.7333,-5.6559,-1.6585,-3.9077,0.2112
22.8240,clay,0.566,0.597,0.4016,0.7467,0.1531,0.0718,2.5958,0.3257,-2.8753,-6.0123,-1.7032,-4.1184,0.2047
22.8360,clay,0.566,0.597,0.3857,0.8448,0.0998,0.0759,2.6622,0.0700,-2.6855,-6.5497,-1.6871,-4.2192,0.1958
22.8480,clay,0.566,0.596,0.3690,0.8450,0.1652,0.0757,2.3409,-0.1808,-2.5020,-7.1793,-1.7790,-4.4628,0.1896
22.8600,clay,0.566,0.595,0.3516,0.8739,0.1371,0.0756,2.2394,0.3082,-2.5035,-7.8588,-1.9731,-4.4834,0.1830
22.8720,clay,0.566,0.594,0.3334,0.8122,0.1143,0.0775,2.2195,0.2593,-2.5201,-8.3462,-2.0191,-4.5623,0.1727
22.8840,clay,0.566,0.592,0.3145,0.9982,0.1172,0.0816,1.7930,0.2807,-2.5704,-8.9946,-2.1767,-4.7264,0.1625
22.8960,clay,0.566,0.591,0.2950,1.0301,0.1683,0.0791,1.5661,0.1855,-2.6042,-9.7608,-2.3596,-4.8008,0.1549
22.9080,clay,0.566,0.589,0.2747,1.0192,0.1150,0.0828,2.7184,0.6354,-2.8473,-10.0077,-2.2228,-4.8779,0.1477
22.9200,clay,0.566,0.588,0.2538,1.0184,0.1452,0.0905,2.0881,0.0096,-3.1562,-10.1181,-2.0602,-5.0339,0.1349
22.9320,clay,0.566,0.586,0.2324,1.0934,0.1090,0.0886,1.8769,0.1603,-3.3580,-10.3027,-2.3217,-4.9154,0.1240
22.9440,clay,0.566,0.584,0.2103,1.0435,0.0959,0.0868,3.1723,-0.0272,-3.5841,-10.6776,-2.5090,-4.8682,0.1179
22.9560,clay,0.566,0.582,0.1877,1.0236,0.1434,0.0933,1.5848,-0.2617,-3.4620,-11.1077,-2.4097,-4.9709,0.1006
22.9680,clay,0.566,0.580,0.1645,1.0503,0.1551,0.0929,1.9524,0.1832,-3.7051,-11.2891,-2.5840,-5.0742,0.0887
22.9800,clay,0.566,0.578,0.1410,1.1456,0.1366,0.0897,2.8439,-0.1640,-3.6930,-11.6645,-2.7095,-5.1459,0.0808
22.9920,clay,0.566,0.576,0.1169,1.1412,0.0731,0.0894,2.0822,-0.2167,-3.6905,-12.2475,-2.5525,-5.2968,0.0710
23.0040,clay,0.566,0.573,0.0925,1.1938,0.1343,0.0929,2.2584,0.2342,-3.8640,-12.5753,-2.4465,-5.3672,0.0579
23.0160,clay,0.566,0.571,0.0678,1.1452,0.1122,0.0972,1.9109,0.2071,-3.9517,-12.8559,-2.6024,-5.2632,0.0432
23.0280,clay,0.566,0.568,0.0428,1.1181,0.1721,0.0912,1.3190,-0.0786,-4.0047,-13.1583,-2.7334,-5.3842,0.0325
23.0400,clay,0.566,0.566,0.0175,1.2100,0.1334,0.0913,1.5426,0.1176,-3.9817,-13.3958,-2.7446,-5.4504,0.0205
23.0520,clay,0.566,0.563,-0.0079,1.1890,0.0952,0.0940,2.3771,-0.1903,-4.2858,-13.5503,-2.8426,-5.5765,0.0089
23.0640,clay,0.566,0.560,-0.0335,1.3667,0.2055,0.0923,2.0912,0.0823,-4.4583,-13.6824,-2.9433,-5.4945,-0.0026
23.0760,clay,0.566,0.557,-0.0592,1.3172,0.1742,0.0929,2.1061,-0.2599,-4.6118,-13.9708,-2.9289,-5.4525,-0.0174
23.0880,clay,0.566,0.554,-0.0849,1.3768,0.1168,0.0870,1.3858,0.1442,-4.7339,-14.2526,-3.1453,-5.3770,-0.0321
23.1000,clay,0.566,0.551,-0.1105,1.4224,0.1525,0.0880,2.2675,0.5375,-4.6947,-14.5071,-3.3595,-5.3134,-0.0448
23.1120,clay,0.566,0.548,-0.1360,1.4070,0.1146,0.0862,1.8814,0.0928,-4.8817,-14.6615,-3.4807,-5.1650,-0.0575
23.1240,clay,0.566,0.544,-0.1614,1.4796,0.1330,0.0895,2.3749,0.1535,-5.1703,-14.8178,-3.6356,-4.9840,-0.0700
23.1360,clay,0.566,0.541,-0.1865,1.5357,0.1277,0.0832,1.4458,-1.5865,-5.2187,-15.1041,-3.6143,-4.9569,-0.0828
23.1480,clay,0.566,0.537,-0.2114,1.5096,0.1133,0.0814,2.1134,-0.0287,-5.3100,-15.3798,-3.4924,-4.8930,-0.0958
23.1600,clay,0.566,0.534,-0.2358,1.6066,0.1041,0.0763,2.0641,0.1041,-5.4584,-15.7660,-3.6687,-4.7868,-0.1066
23.1720,clay,0.566,0.530,-0.2599,1.5020,0.0980,0.0738,1.7264,-0.9127,-5.4279,-16.0264,-3.7576,-4.5289,-0.1191
23.1840,clay,0.566,0.526,-0.2834,1.6538,0.0385,0.0716,2.4324,-0.0689,-5.5685,-16.0655,-3.8843,-4.5943,-0.1316
23.1960,clay,0.566,0.522,-0.3064,1.6485,0.0416,0.0687,2.1008,0.0077,-5.6661,-16.2258,-3.7935,-4.6119,-0.1434
23.2080,clay,0.566,0.519,-0.3288,1.5908,0.1189,0.0632,1.8266,-0.4782,-5.6012,-16.5902,-3.6313,-4.8289,-0.1550
23.2200,clay,0.566,0.514,-0.3505,1.7395,-0.0306,0.0546,1.8646,0.1452,-5.5016,-17.0575,-3.8189,-4.8035,-0.1656
23.2320,clay,0.566,0.510,-0.3713,1.5807,0.0047,0.0506,2.0649,-0.6392,-5.4896,-17.1745,-3.9516,-4.7634,-0.1762
23.2440,clay,0.566,0.506,-0.3914,1.7572,0.0457,0.0493,2.2964,0.0854,-5.5899,-17.1746,-3.9647,-4.9171,-0.1858
23.2560,clay,0.566,0.502,-0.4105,1.7029,0.1385,0.0457,2.4894,-0.8699,-5.5264,-17.4085,-3.9579,-5.0173,-0.1961
23.2680,clay,0.566,0.498,-0.4287,1.7218,0.1361,0.0373,1.5450,0.3346,-5.4754,-17.9144,-3.9716,-5.0643,-0.2051
23.2800,clay,0.566,0.493,-0.4459,1.7824,0.1427,0.0336,1.7211,-0.7385,-5.4718,-17.8420,-4.1671,-5.0242,-0.2129
23.2920,clay,0.566,0.489,-0.4619,1.8986,0.0426,0.0337,1.3708,-0.7294,-5.4769,-17.7339,-4.1791,-5.1195,-0.2239
23.3040,clay,0.566,0.484,-0.4768,1.7011,-0.0072,0.0320,2.4960,-0.4383,-5.4422,-17.7927,-4.2443,-5.1182,-0.2315
23.3160,clay,0.566,0.480,-0.4905,1.9064,-0.0599,0.0225,1.8214,-0.8439,-5.4938,-18.0369,-4.3413,-5.0892,-0.2365
23.3280,clay,0.566,0.475,-0.5029,1.8563,0.0307,0.0164,1.8792,-0.4615,-5.5062,-18.0315,-4.3957,-5.0488,-0.2426
23.3400,clay,0.566,0.470,-0.5139,1.8178,0.0720,0.0106,1.7156,-1.1828,-5.4134,-18.0739,-4.3002,-5.1179,-0.2495
23.3520,clay,0.566,0.466,-0.5236,1.8632,0.0638,0.0083,1.8239,-0.8108,-5.4093,-18.2785,-4.2053,-5.2763,-0.2548
23.3640,clay,0.566,0.461,-0.5318,1.8872,0.0296,0.0043,1.1784,-0.2011,-5.3764,-18.6871,-4.4243,-5.1108,-0.2590
23.3760,clay,0.566,0.456,-0.5386,1.9367,-0.0253,-0.0007,1.9413,-0.5683,-5.3417,-18.5578,-4.5165,-5.0277,-0.2629
23.3880,clay,0.566,0.451,-0.5438,1.9629,-0.0951,-0.0052,2.1005,-0.9947,-5.3440,-18.5718,-4.3633,-5.2162,-0.2660
23.4000,clay,0.566,0.446,-0.5475,2.0424,-0.0724,-0.0099,1.4041,-0.4417,-5.3305,-18.7403,-4.5179,-5.1183,-0.2677
23.4120,clay,0.566,0.441,-0.5495,2.1551,0.0519,-0.0154,1.6611,-0.1635,-5.3182,-18.7455,-4.7231,-4.9209,-0.2691
23.4240,clay,0.566,0.436,-0.5500,1.9705,0.0250,-0.0187,1.9208,-1.5103,-5.3486,-18.7051,-4.5527,-5.0399,-0.2702
23.4360,clay,0.566,0.431,-0.5487,2.0744,0.0061,-0.0220,1.8076,-0.9320,-5.4199,-18.8424,-4.5900,-5.0886,-0.2698
23.4480,clay,0.566,0.426,-0.5458,2.0675,-0.0482,-0.0278,1.7555,-0.4185,-5.4418,-18.8630,-4.7591,-5.0067,-0.2684
23.4600,clay,0.566,0.421,-0.5412,1.9759,-0.0703,-0.0355,1.3358,-1.3717,-5.4622,-18.7143,-4.7713,-5.1056,-0.2668
23.4720,clay,0.566,0.416,-0.5350,2.0915,-0.0479,-0.0386,1.5307,-0.8384,-5.5624,-18.6180,-4.7527,-5.2306,-0.2645
23.4840,clay,0.566,0.410,-0.5270,2.1421,-0.0553,-0.0426,1.2317,-0.3287,-5.4790,-18.7330,-5.0054,-5.1583,-0.2609
23.4960,clay,0.566,0.405,-0.5173,2.0180,-0.0831,-0.0469,1.4638,-0.3937,-5.4391,-18.5630,-5.0936,-5.2642,-0.2570
23.5080,clay,0.566,0.400,-0.5059,2.1610,-0.1296,-0.0543,2.0469,-0.8556,-5.5032,-18.4195,-5.0096,-5.3904,-0.2527
23.5200,clay,0.566,0.395,-0.4928,2.1229,-0.1127,-0.0597,1.1211,-0.3960,-5.5776,-18.4729,-5.0436,-5.4722,-0.2455
23.5320,clay,0.566,0.389,-0.4780,2.1529,-0.1424,-0.0635,1.8790,-0.7324,-5.4981,-18.3564,-5.1682,-5.4180,-0.2387
23.5440,clay,0.566,0.384,-0.4616,2.1845,-0.1781,-0.0662,1.3839,-0.7942,-5.4512,-18.3226,-5.1324,-5.4830,-0.2320
23.5560,clay,0.566,0.379,-0.4436,2.2285,-0.1729,-0.0681,0.9290,-0.2715,-5.4196,-18.4625,-5.2486,-5.4870,-0.2244
23.5680,clay,0.566,0.373,-0.4240,2.2100,-0.1117,-0.0741,1.6481,-1.1917,-5.4746,-18.1237,-5.2022,-5.6363,-0.2140
23.5800,clay,0.566,0.368,-0.4029,2.3434,-0.2195,-0.0746,0.9334,-0.1971,-5.5214,-17.9720,-5.1417,-5.5962,-0.2023
23.5920,clay,0.566,0.363,-0.3804,2.2467,-0.1251,-0.0740,1.2214,-0.7478,-5.5642,-18.0292,-5.2240,-5.5914,-0.1934
23.6040,clay,0.566,0.357,-0.3564,2.2833,-0.0598,-0.0724,1.2287,-0.4463,-5.6749,-17.7660,-5.2858,-5.6101,-0.1858
23.6160,clay,0.566,0.352,-0.3310,2.2588,-0.0659,-0.0801,1.8534,-0.5719,-5.7516,-17.5727,-5.2811,-5.6605,-0.1722
23.6280,clay,0.566,0.346,-0.3044,2.3246,-0.0901,-0.0777,2.0040,0.0994,-5.7990,-17.5542,-5.4566,-5.6857,-0.1601
23.6400,clay,0.566,0.341,-0.2766,2.3183,-0.0898,-0.0798,2.0394,-0.3545,-5.9748,-17.0340,-5.4507,-5.5926,-0.1430
23.6520,clay,0.566,0.336,-0.2477,2.3449,-0.0871,-0.0740,0.9371,-0.1231,-6.1268,-16.8729,-5.6369,-5.6065,-0.1311
23.6640,clay,0.566,0.330,-0.2177,2.4179,-0.1022,-0.0835,1.6647,-1.0964,-6.0929,-16.8043,-5.5973,-5.7075,-0.1162
23.6760,clay,0.566,0.325,-0.1868,2.4181,-0.1578,-0.0791,1.0816,0.3521,-6.1855,-16.4148,-5.6040,-5.6845,-0.1033
23.6880,clay,0.566,0.320,-0.1551,2.4020,-0.1558,-0.0804,0.6696,-0.6474,-6.2140,-16.4262,-5.7989,-5.5888,-0.0881
23.7000,clay,0.566,0.314,-0.1227,2.4437,-0.2176,-0.0801,2.1692,0.0479,-6.2705,-16.3261,-5.8322,-5.4687,-0.0754
23.7120,clay,0.566,0.309,-0.0897,2.5233,-0.1328,-0.0845,1.8146,-0.5226,-6.2934,-16.1384,-5.6702,-5.5934,-0.0560
23.7240,clay,0.566,0.304,-0.0562,2.5273,-0.2120,-0.0833,2.2636,-0.7825,-6.2291,-16.0482,-5.8041,-5.7436,-0.0374
23.7360,clay,0.566,0.298,-0.0223,2.6036,-0.1658,-0.0828,1.4368,0.5990,-6.2863,-15.7633,-5.9638,-5.6907,-0.0216
23.7480,clay,0.566,0.293,0.0118,2.5386,-0.1711,-0.0778,1.7451,0.3747,-6.2314,-15.6899,-6.1543,-5.7175,-0.0074
23.7600,clay,0.566,0.288,0.0460,2.6116,-0.1121,-0.0754,1.2905,0.1173,-6.2177,-15.4172,-6.1609,-5.8448,0.0092
23.7720,clay,0.566,0.283,0.0802,2.5862,-0.0974,-0.0762,1.5292,0.1342,-6.3391,-15.1965,-6.0769,-5.9707,0.0266
23.7840,clay,0.566,0.277,0.1142,2.5859,-0.1244,-0.0749,2.0423,-0.1437,-6.3152,-15.0168,-5.9962,-5.9151,0.0491
23.7960,clay,0.566,0.272,0.1479,2.5910,-0.1127,-0.0680,1.9037,0.0076,-6.4419,-14.8344,-5.8631,-6.0715,0.0651
23.8080,clay,0.566,0.267,0.1812,2.7044,-0.1028,-0.0539,2.0941,0.2668,-6.6724,-14.5571,-5.9443,-6.0467,0.0765
23.8200,clay,0.566,0.262,0.2138,2.6660,-0.1068,-0.0592,1.4605,0.1946,-6.6614,-14.2881,-6.1488,-5.8959,0.1027
23.8320,clay,0.566,0.257,0.2458,2.6274,-0.1450,-0.0452,1.7539,0.1571,-6.7346,-14.0605,-6.0072,-6.0494,0.1190
23.8440,clay,0.566,0.252,0.2768,2.7463,-0.0940,-0.0400,2.3877,0.6440,-6.9185,-13.7572,-6.1382,-6.0426,0.1297
23.8560,clay,0.566,0.247,0.3069,2.7407,-0.0451,-0.0309,1.2048,0.3578,-7.0608,-13.3581,-6.1807,-6.0771,0.1401
23.8680,clay,0.566,0.242,0.3357,2.7920,-0.1329,-0.0204,2.5183,0.4262,-7.1479,-13.0139,-6.2770,-5.8818,0.1558
23.8800,clay,0.566,0.238,0.3633,2.8107,-0.0760,-0.0214,1.4875,0.0628,-7.1453,-12.8350,-6.2569,-6.1364,0.1732
23.8920,clay,0.566,0.233,0.3895,2.7089,-0.1290,-0.0137,1.8195,0.9559,-7.2631,-12.4119,-6.3032,-5.9827,0.1877
23.9040,clay,0.566,0.228,0.4141,2.8446,-0.0638,-0.0131,1.1903,0.8770,-7.3994,-12.0893,-6.4213,-6.1354,0.1983
23.9160,clay,0.566,0.223,0.4370,2.7690,0.0376,-0.0083,1.3025,1.1697,-7.6135,-11.6360,-6.4400,-6.2404,0.2092
23.9280,clay,0.566,0.219,0.4581,2.8661,-0.0088,0.0041,1.7483,1.4140,-7.7522,-11.2267,-6.5376,-6.1301,0.2207
23.9400,clay,0.566,0.214,0.4773,2.9323,-0.0802,0.0091,1.6794,1.0019,-7.8073,-10.8377,-6.4644,-6.3099,0.2302
23.9520,clay,0.566,0.210,0.4944,2.8605,-0.0532,0.0147,1.6632,0.7034,-7.9459,-10.5822,-6.4555,-6.3243,0.2396
23.9640,clay,0.566,0.205,0.5094,2.9270,-0.1247,0.0170,1.3908,1.0054,-8.0560,-10.1778,-6.6148,-6.4041,0.2469
23.9760,clay,0.566,0.201,0.5222,2.9282,0.0036,0.0233,1.2657,0.9835,-8.0843,-9.8982,-6.5522,-6.5342,0.2546
23.9880,clay,0.566,0.197,0.5326,2.9469,-0.0300,0.0405,1.5995,0.9948,-8.0773,-9.7354,-6.6179,-6.4858,0.2595
24.0000,clay,0.566,0.192,0.5407,2.9440,0.0460,0.0447,1.8480,0.9135,-8.1362,-9.3972,-6.5936,-6.6319,0.2627
24.0120,clay,0.566,0.188,0.5463,3.0637,0.0656,0.0524,1.3174,0.7398,-8.2186,-9.2043,-6.5154,-6.6190,0.2670
24.0240,clay,0.566,0.184,0.5494,3.0270,0.0357,0.0573,1.4829,1.2789,-8.1478,-9.0419,-6.4647,-6.6695,0.2705
24.0360,clay,0.566,0.180,0.5499,2.9531,0.0846,0.0629,1.6452,1.3302,-8.1278,-8.9234,-6.5649,-6.6475,0.2713
24.0480,clay,0.566,0.176,0.5478,3.0473,0.0781,0.0714,1.0893,1.1775,-8.0613,-8.8402,-6.5328,-6.7929,0.2710
24.0600,clay,0.566,0.172,0.5431,3.0561,0.1157,0.0778,1.0825,1.0222,-8.0385,-8.6484,-6.5137,-6.7188,0.2696
24.0720,clay,0.566,0.169,0.5358,2.9939,0.1599,0.0811,1.0526,1.3289,-8.0191,-8.3894,-6.7135,-6.7998,0.2669
24.0840,clay,0.566,0.165,0.5258,3.1043,0.1961,0.0883,1.1508,1.0016,-8.0980,-8.2444,-6.6409,-6.9182,0.2629
24.0960,clay,0.566,0.161,0.5133,3.0616,0.1651,0.0899,1.0845,1.3871,-8.1191,-8.0500,-6.6117,-6.8952,0.2580
24.1080,clay,0.566,0.158,0.4982,3.1571,0.1466,0.0954,0.7713,1.6398,-8.1185,-7.8993,-6.6648,-6.9054,0.2522
24.1200,clay,0.566,0.155,0.4805,3.0767,0.1863,0.0973,0.6508,1.4789,-8.0938,-7.8471,-6.6648,-6.9122,0.2434
24.1320,clay,0.566,0.151,0.4604,3.1129,0.1602,0.1028,1.1536,1.1647,-7.9976,-7.7454,-6.6376,-6.8626,0.2354
24.1440,clay,0.566,0.148,0.4380,3.0895,0.1575,0.1065,0.8973,0.8690,-7.8774,-7.6758,-6.7035,-6.9567,0.2255
24.1560,clay,0.566,0.145,0.4132,3.0280,0.1636,0.1132,1.8132,0.3639,-7.8268,-7.5680,-6.6648,-7.1429,0.2096
24.1680,clay,0.566,0.142,0.3862,3.1436,0.1906,0.1232,0.9347,0.9447,-7.7866,-7.3981,-6.8724,-7.0490,0.1989
24.1800,clay,0.566,0.139,0.3571,3.1371,0.1547,0.1280,0.9288,0.8666,-7.6139,-7.3790,-6.6889,-7.2897,0.1897
24.1920,clay,0.566,0.136,0.3260,3.1503,0.1595,0.1357,1.3363,-0.3077,-7.5160,-7.3848,-6.7088,-7.1748,0.1767
24.2040,clay,0.566,0.133,0.2931,3.2169,0.2745,0.1423,0.4872,0.7145,-7.6883,-7.2289,-6.6167,-7.1200,0.1555
24.2160,clay,0.566,0.131,0.2586,3.2365,0.1123,0.1466,1.1337,0.4383,-7.6463,-7.1654,-6.6035,-7.2300,0.1378
24.2280,clay,0.566,0.128,0.2226,3.1807,0.0988,0.1437,0.6613,0.4223,-7.5390,-7.1371,-6.6931,-7.3711,0.1237
24.2400,clay,0.566,0.126,0.1852,3.1877,0.1490,0.1443,0.0385,0.2506,-7.5980,-7.0600,-6.8106,-7.3629,0.1023
24.2520,clay,0.566,0.123,0.1467,3.3043,0.1678,0.1460,0.2307,0.1903,-7.4949,-7.0469,-6.7590,-7.3573,0.0861
24.2640,clay,0.566,0.121,0.1073,3.1847,0.1008,0.1438,0.1018,0.7738,-7.5474,-6.9338,-6.8309,-7.3797,0.0682
24.2760,clay,0.566,0.119,0.0672,3.1226,0.1941,0.1447,-3.1771,0.9234,-7.6671,-6.7610,-6.9928,-7.4543,0.0370
24.2880,clay,0.566,0.117,0.0265,3.1430,0.1610,0.1083,0.1078,0.8368,-7.6435,-6.7794,-7.0686,-7.1766,0.0212
24.3000,clay,0.566,0.115,-0.0145,3.1715,0.2244,0.0997,-0.0726,0.4305,-7.5851,-6.8470,-6.8498,-7.2093,0.0067
24.3120,clay,0.566,0.113,-0.0555,3.2582,0.1640,0.0929,0.0375,-1.1325,-7.5068,-6.9186,-6.8745,-7.2214,-0.0118
24.3240,clay,0.566,0.112,-0.0964,3.2972,0.1553,0.0976,0.1575,-0.5382,-7.5090,-6.9197,-6.8385,-7.1955,-0.0332
24.3360,clay,0.566,0.110,-0.1369,3.3157,0.1570,0.0950,0.0050,-0.7290,-7.4777,-6.9347,-6.8652,-7.1039,-0.0558
24.3480,clay,0.566,0.109,-0.1767,3.2074,0.1498,0.0783,-0.1213,0.1708,-7.4500,-6.8854,-6.8321,-7.0935,-0.0753
24.3600,clay,0.566,0.107,-0.2157,3.1976,0.0927,0.0721,-0.1991,-1.0686,-7.2407,-6.9379,-6.8380,-6.9748,-0.0938
24.3720,clay,0.566,0.106,-0.2535,3.1473,0.0571,0.0639,-0.2908,-0.0822,-7.2785,-6.8754,-6.8160,-7.0282,-0.1121
24.3840,clay,0.566,0.105,-0.2900,3.2586,0.0445,0.0601,-0.2262,0.0276,-7.2994,-6.7870,-6.8094,-6.8748,-0.1307
24.3960,clay,0.566,0.104,-0.3250,3.1311,0.0909,0.0551,-0.5061,-1.0176,-7.3887,-6.6394,-6.8326,-6.9784,-0.1496
24.4080,clay,0.566,0.103,-0.3581,3.2737,0.1086,0.0400,0.2814,-0.6785,-7.2201,-6.5947,-6.8598,-7.0441,-0.1649
24.4200,clay,0.566,0.102,-0.3893,3.1568,0.0113,0.0326,-0.7609,-0.5388,-7.1038,-6.5987,-6.8066,-6.9308,-0.1827
24.4320,clay,0.566,0.102,-0.4182,3.1966,0.0874,0.0204,-0.1277,-0.8179,-6.8760,-6.7195,-6.9285,-6.9654,-0.1959
24.4440,clay,0.566,0.101,-0.4447,3.1426,0.0287,0.0112,0.2613,-0.4879,-6.8265,-6.7274,-6.8556,-6.9475,-0.2089
24.4560,clay,0.566,0.101,-0.4686,3.2434,0.1484,0.0018,-0.2293,-1.3867,-6.6743,-6.7057,-6.9066,-6.9060,-0.2213
24.4680,clay,0.566,0.100,-0.4897,3.1697,0.0605,-0.0121,-0.2833,-0.9180,-6.6306,-6.6589,-6.9080,-6.9675,-0.2327
24.4800,clay,0.566,0.100,-0.5078,3.2104,0.0994,-0.0218,-0.3165,-1.3889,-6.6155,-6.6232,-6.8954,-6.8935,-0.2422
24.4920,clay,0.566,0.100,-0.5229,3.1351,-0.0074,-0.0300,-0.8905,-0.7261,-6.5668,-6.5889,-6.9899,-6.8740,-0.2502
24.5040,clay,0.566,0.100,-0.5347,3.1406,0.0318,-0.0360,-0.7703,-1.1784,-6.4257,-6.6461,-7.0064,-6.8413,-0.2572
24.5160,clay,0.566,0.100,-0.5432,3.1314,0.0359,-0.0419,-0.5222,-2.0089,-6.3546,-6.6208,-6.8920,-6.8443,-0.2630
24.5280,clay,0.566,0.100,-0.5484,3.0979,0.0279,-0.0502,-0.7073,-1.3302,-6.2525,-6.6726,-6.9526,-6.8434,-0.2670
24.5400,clay,0.566,0.101,-0.5500,3.1508,-0.0618,-0.0507,-0.8512,-0.8056,-6.2026,-6.6797,-7.0402,-6.7467,-0.2685
24.5520,clay,0.566,0.101,-0.5481,3.2210,-0.0283,-0.0541,-0.8092,-1.2530,-6.2289,-6.6764,-6.8267,-6.8502,-0.2677
24.5640,clay,0.566,0.102,-0.5427,3.0538,-0.0533,-0.0517,-0.3931,-2.1431,-6.3072,-6.6432,-6.9318,-6.7761,-0.2662
24.5760,clay,0.566,0.103,-0.5337,3.1420,-0.0838,-0.0575,-0.4892,-0.5050,-6.2786,-6.5734,-6.9303,-6.8002,-0.2639
24.5880,clay,0.566,0.103,-0.5212,3.1717,0.0316,-0.0666,-0.4369,-1.0283,-6.2404,-6.6165,-6.9814,-6.7296,-0.2599
24.6000,clay,0.566,0.104,-0.5052,3.1512,-0.1137,-0.0727,-0.2794,-1.4138,-6.2077,-6.6172,-6.9073,-6.7658,-0.2520
24.6120,clay,0.566,0.105,-0.4858,3.2095,-0.0737,-0.0733,-0.3748,-1.6648,-6.1451,-6.7158,-6.9332,-6.7161,-0.2435
24.6240,clay,0.566,0.107,-0.4631,3.1868,-0.1675,-0.0783,-0.0526,-0.9661,-6.1542,-6.6928,-7.0741,-6.6132,-0.2359
24.6360,clay,0.566,0.108,-0.4372,3.1468,-0.1148,-0.0804,-0.4651,-1.3253,-6.0999,-6.7953,-6.8636,-6.6929,-0.2251
24.6480,clay,0.566,0.109,-0.4082,2.9940,-0.1614,-0.0851,-0.4742,-1.1294,-6.1107,-6.8055,-6.9734,-6.5708,-0.2106
24.6600,clay,0.566,0.111,-0.3764,3.1906,-0.1045,-0.0875,-0.5245,-1.8912,-6.0646,-6.9333,-6.9709,-6.4915,-0.1942
24.6720,clay,0.566,0.113,-0.3419,3.0094,-0.2331,-0.0874,-0.2873,-0.3933,-6.1109,-6.8980,-6.8800,-6.5997,-0.1771
24.6840,clay,0.566,0.114,-0.3049,3.0999,-0.1119,-0.0896,-0.7301,-1.9098,-6.1972,-6.9320,-6.7763,-6.6467,-0.1622
24.6960,clay,0.566,0.116,-0.2657,3.1802,-0.1019,-0.0937,-0.4066,-0.1837,-6.2124,-6.8541,-6.7475,-6.6490,-0.1464
24.7080,clay,0.566,0.118,-0.2245,3.0723,-0.2582,-0.1037,0.0259,-0.9232,-6.0700,-6.9683,-6.8099,-6.5319,-0.1287
24.7200,clay,0.566,0.120,-0.1816,3.0957,-0.2639,-0.1137,-0.0252,0.4376,-5.8187,-7.0874,-6.8790,-6.4655,-0.0988
24.7320,clay,0.566,0.122,-0.1372,3.0340,-0.1526,-0.1070,-0.5746,-2.0019,-5.9897,-7.1050,-6.9914,-6.4550,-0.0764
24.7440,clay,0.566,0.125,-0.0918,3.0945,-0.1874,-0.1061,0.1975,-1.0875,-6.0975,-6.9468,-6.8834,-6.4642,-0.0592
24.7560,clay,0.566,0.127,-0.0455,3.0636,-0.2189,-0.0990,-0.2258,0.9264,-6.3657,-6.7674,-6.9097,-6.4270,-0.0445
24.7680,clay,0.566,0.129,0.0013,3.0693,-0.2739,-0.0952,-0.1528,-0.1076,-6.0749,-6.8736,-6.8754,-6.3576,-0.0177
24.7800,clay,0.566,0.132,0.0481,3.1176,-0.1161,-0.0876,-0.4416,-0.4613,-5.8558,-7.0059,-6.8117,-6.4414,0.0125
24.7920,clay,0.566,0.135,0.0948,3.0492,-0.2006,-0.0791,0.0112,-0.1358,-5.8429,-6.9495,-6.7783,-6.4524,0.0361
24.8040,clay,0.566,0.137,0.1410,3.0053,-0.1377,-0.0738,0.8633,-0.4986,-5.8888,-6.9274,-6.7688,-6.5240,0.0569
24.8160,clay,0.566,0.140,0.1862,3.1429,-0.1057,-0.0647,0.6624,0.7667,-5.9306,-6.8496,-6.7138,-6.4215,0.0772
24.8280,clay,0.566,0.143,0.2302,3.0153,-0.2328,-0.0519,-0.2326,0.4112,-5.8072,-6.8701,-6.6299,-6.4613,0.1000
24.8400,clay,0.566,0.146,0.2726,3.0984,-0.1025,-0.0444,-0.5207,0.5250,-5.8417,-6.8204,-6.7476,-6.4086,0.1234
24.8520,clay,0.566,0.150,0.3131,3.0753,-0.2016,-0.0422,0.1062,1.0958,-5.7753,-6.7966,-6.5957,-6.4982,0.1435
24.8640,clay,0.566,0.153,0.3513,2.9935,-0.0624,-0.0424,-0.3313,0.7161,-5.8766,-6.6484,-6.6575,-6.4906,0.1592
24.8760,clay,0.566,0.156,0.3869,3.0423,-0.1621,-0.0403,2.2261,0.9395,-5.8303,-6.6018,-6.5648,-6.5600,0.1848
24.8880,clay,0.566,0.160,0.4197,3.0226,0.0004,-0.0220,-0.8316,0.5764,-5.7920,-6.5846,-6.7105,-6.4892,0.2029
24.9000,clay,0.566,0.163,0.4494,2.9673,-0.1402,-0.0167,-0.8719,0.7250,-5.8780,-6.4362,-6.6107,-6.5217,0.2148
24.9120,clay,0.566,0.167,0.4756,3.1154,-0.0811,-0.0061,-0.4564,1.1137,-5.9485,-6.3053,-6.5645,-6.5115,0.2240
24.9240,clay,0.566,0.171,0.4982,2.9908,-0.0775,-0.0025,-0.7006,0.7442,-5.9510,-6.3370,-6.5526,-6.4937,0.2380
24.9360,clay,0.566,0.174,0.5169,2.9986,0.0337,0.0019,-0.3446,1.4126,-5.9431,-6.2639,-6.4873,-6.5029,0.2504
24.9480,clay,0.566,0.178,0.5316,3.0238,-0.0895,0.0236,-0.4434,1.2629,-6.0173,-6.1573,-6.4954,-6.5470,0.2578
24.9600,clay,0.566,0.182,0.5421,2.9697,-0.0556,0.0245,-0.0900,1.0761,-6.0702,-6.1192,-6.4975,-6.5274,0.2611
24.9720,clay,0.566,0.186,0.5482,2.9832,0.0250,0.0322,-0.1305,1.3014,-6.0837,-6.1064,-6.3040,-6.6757,0.2656
24.9840,clay,0.566,0.190,0.5500,2.9693,-0.0385,0.0346,-0.5730,1.3575,-6.0950,-6.1069,-6.3996,-6.5883,0.2698
24.9960,clay,0.566,0.194,0.5473,2.9397,0.0980,0.0409,-0.2462,1.3810,-6.1105,-6.0675,-6.3143,-6.4947,0.2704
25.0080,clay,0.566,0.199,0.5401,2.9237,0.0957,0.0533,-0.5587,1.7964,-6.2366,-6.0278,-6.2765,-6.6220,0.2679
25.0200,clay,0.566,0.203,0.5284,2.9688,0.0020,0.0569,-0.0032,1.5011,-6.2853,-6.0475,-6.3563,-6.4276,0.2635
25.0320,clay,0.566,0.207,0.5123,3.0403,0.0840,0.0610,-1.0799,1.3975,-6.3706,-5.9951,-6.3753,-6.5331,0.2567
25.0440,clay,0.566,0.212,0.4920,2.9486,0.1797,0.0651,-0.3302,1.5161,-6.4218,-5.9877,-6.3896,-6.3892,0.2482
25.0560,clay,0.566,0.216,0.4674,2.8989,0.1808,0.0651,-0.5992,1.2865,-6.5066,-5.9746,-6.2730,-6.4887,0.2374
25.0680,clay,0.566,0.221,0.4388,2.9410,0.0774,0.0739,-0.6301,-0.1207,-6.5563,-5.9654,-6.3091,-6.4803,0.2247
25.0800,clay,0.566,0.226,0.4064,2.9751,0.1484,0.0807,-0.2893,1.4436,-6.6552,-5.8629,-6.3166,-6.5119,0.2105
25.0920,clay,0.566,0.230,0.3705,2.9782,0.0590,0.0887,-0.1773,0.7974,-6.6712,-5.8960,-6.2930,-6.5394,0.1960
25.1040,clay,0.566,0.235,0.3313,2.9383,0.0416,0.0965,-0.4831,1.6746,-6.7719,-5.9404,-6.2385,-6.6229,0.1775
25.1160,clay,0.566,0.240,0.2891,2.9589,0.1136,0.1009,-0.3749,0.6359,-6.8269,-5.9893,-6.2684,-6.5587,0.1591
25.1280,clay,0.566,0.245,0.2443,3.0069,0.2462,0.1047,-0.2274,0.6258,-6.8840,-6.0113,-6.1956,-6.6962,0.1372
25.1400,clay,0.566,0.250,0.1972,2.9892,0.2036,0.1098,0.0721,0.6442,-6.9488,-5.9990,-6.2691,-6.5099,0.1137
25.1520,clay,0.566,0.255,0.1483,2.9777,0.2035,0.1065,-0.5451,0.2966,-6.9042,-6.0774,-6.2578,-6.4956,0.0910
25.1640,clay,0.566,0.260,0.0979,2.9410,0.1715,0.1065,0.3560,1.2689,-6.9054,-6.0863,-6.2613,-6.5785,0.0663
25.1760,clay,0.566,0.265,0.0465,2.9414,0.1792,0.1066,0.9522,-0.5966,-7.0012,-5.9600,-6.1607,-6.6568,0.0384
25.1880,clay,0.566,0.270,-0.0055,2.8853,0.1768,0.0924,-0.6412,0.1975,-6.9850,-5.9886,-6.2434,-6.6234,0.0150
25.2000,clay,0.566,0.275,-0.0576,2.9351,0.2158,0.0856,-0.0732,0.9365,-6.9844,-6.0734,-6.2548,-6.6780,-0.0052
25.2120,clay,0.566,0.280,-0.1093,3.0840,0.1137,0.0860,-0.2214,-0.1478,-7.1765,-5.9733,-6.2605,-6.7034,-0.0308
25.2240,clay,0.566,0.285,-0.1601,2.9575,0.1143,0.0847,0.0203,1.1129,-7.3597,-5.8609,-6.3028,-6.6237,-0.0605
25.2360,clay,0.566,0.290,-0.2097,2.9665,0.1739,0.0773,0.5652,-0.6928,-7.3495,-5.9000,-6.4313,-6.5662,-0.0875
25.2480,clay,0.566,0.296,-0.2574,2.9860,0.2303,0.0545,0.5954,-0.3676,-7.2575,-6.1285,-6.3458,-6.5662,-0.1114
25.2600,clay,0.566,0.301,-0.3029,2.9207,0.1495,0.0538,-0.3643,-0.4679,-7.1288,-6.3121,-6.4786,-6.6432,-0.1384
25.2720,clay,0.566,0.306,-0.3457,3.0280,0.0516,0.0473,0.4799,-1.1103,-7.0850,-6.4275,-6.4413,-6.6553,-0.1568
25.2840,clay,0.566,0.312,-0.3854,2.9979,0.1484,0.0319,0.5248,0.2167,-6.8092,-6.6165,-6.5637,-6.6725,-0.1667
25.2960,clay,0.566,0.317,-0.4216,2.9658,0.1421,0.0489,0.5338,-0.0642,-7.0003,-6.5578,-6.4374,-6.7170,-0.1983
25.3080,clay,0.566,0.322,-0.4540,3.0709,0.0719,0.0197,0.7131,-0.6159,-6.9055,-6.6522,-6.5454,-6.6909,-0.2136
25.3200,clay,0.566,0.328,-0.4821,2.9471,0.1763,0.0210,-0.1510,-1.4680,-6.9188,-6.7200,-6.4734,-6.8275,-0.2282
25.3320,clay,0.566,0.333,-0.5056,3.0552,0.0799,0.0176,-0.2425,-0.8679,-6.8078,-6.9294,-6.5985,-6.7429,-0.2436
25.3440,clay,0.566,0.338,-0.5244,3.0718,0.1229,0.0106,0.4661,-0.4308,-6.7384,-7.0500,-6.5812,-6.6609,-0.2528
25.3560,clay,0.566,0.344,-0.5381,3.0189,0.0727,0.0033,0.1923,-1.3063,-6.7019,-7.2485,-6.6377,-6.6419,-0.2584
25.3680,clay,0.566,0.349,-0.5467,3.0276,-0.0095,-0.0091,0.5220,-0.2812,-6.7848,-7.3198,-6.6042,-6.6734,-0.2637
25.3800,clay,0.566,0.354,-0.5500,3.1307,0.0291,-0.0079,0.2765,-1.6981,-6.8261,-7.2794,-6.6428,-6.8024,-0.2682
25.3920,clay,0.566,0.360,-0.5478,3.1019,-0.0018,-0.0225,0.5464,-0.5184,-6.8031,-7.4150,-6.7055,-6.7884,-0.2707
25.4040,clay,0.566,0.365,-0.5403,3.0544,0.0390,-0.0328,0.6721,-0.6839,-6.7703,-7.5355,-6.7439,-6.8746,-0.2683
25.4160,clay,0.566,0.371,-0.5273,3.1391,0.1025,-0.0387,0.6169,-0.6221,-6.6882,-7.7121,-6.7889,-6.9760,-0.2617
25.4280,clay,0.566,0.376,-0.5091,3.1313,-0.1068,-0.0499,0.3476,-1.5508,-6.7063,-7.7650,-6.8313,-7.0560,-0.2560
25.4400,clay,0.566,0.381,-0.4857,3.1561,-0.0216,-0.0579,0.9369,-1.4035,-6.7020,-7.8955,-6.8088,-7.0416,-0.2479
25.4520,clay,0.566,0.387,-0.4573,3.1011,-0.0855,-0.0661,0.9275,-1.1176,-6.7583,-7.9667,-6.8693,-6.9767,-0.2357
25.4640,clay,0.566,0.392,-0.4243,3.1081,-0.0066,-0.0753,0.1774,-2.9900,-6.7388,-8.1433,-6.9047,-6.9221,-0.2215
25.4760,clay,0.566,0.397,-0.3868,3.1629,0.0069,-0.0740,-0.2606,-0.6890,-6.8813,-8.1679,-6.9713,-6.7120,-0.2050
25.4880,clay,0.566,0.403,-0.3452,3.0576,-0.0599,-0.0881,1.0159,-1.9742,-6.7015,-8.3658,-7.0205,-6.7568,-0.1831
25.5000,clay,0.566,0.408,-0.3000,3.1807,-0.1030,-0.0913,1.2455,-1.2761,-6.6748,-8.5312,-7.0421,-6.7200,-0.1604
25.5120,clay,0.566,0.413,-0.2515,3.0921,-0.1133,-0.0958,0.6422,-1.3051,-6.5906,-8.6980,-7.0211,-6.8959,-0.1376
25.5240,clay,0.566,0.418,-0.2003,3.1271,-0.0895,-0.0949,1.4479,-0.5592,-6.7066,-8.7437,-7.1493,-6.8773,-0.1156
25.5360,clay,0.566,0.423,-0.1468,3.1289,-0.1512,-0.0975,1.6920,-1.0324,-6.7717,-8.8376,-7.1870,-6.8606,-0.0908
25.5480,clay,0.566,0.429,-0.0917,3.1738,-0.1972,-0.0967,1.5208,-0.2084,-6.6046,-8.9786,-7.1847,-6.9432,-0.0615
25.5600,clay,0.566,0.434,-0.0355,3.2100,-0.2137,-0.0939,1.1578,-0.1457,-6.6749,-9.0346,-7.2193,-6.9664,-0.0328
25.5720,clay,0.566,0.439,0.0213,3.2187,-0.0955,-0.0888,1.4836,0.8400,-6.6954,-9.0432,-7.1618,-6.9473,-0.0092
25.5840,clay,0.566,0.444,0.0780,3.2509,-0.2016,-0.0884,8.9544,0.0528,-6.8685,-9.1848,-7.3480,-7.1861,0.0290
25.5960,clay,0.566,0.449,0.1340,3.2049,-0.0801,-0.0735,1.8709,-0.5866,-6.8838,-9.2728,-7.2036,-7.0402,0.0561
25.6080,clay,0.566,0.454,0.1887,3.2548,-0.0935,-0.0583,1.3647,-0.0933,-7.0624,-9.3586,-7.2105,-7.0731,0.0792
25.6200,clay,0.566,0.458,0.2415,3.2861,0.0054,-0.0525,0.8231,0.1450,-7.2353,-9.5208,-7.3289,-7.2188,0.1108
25.6320,clay,0.566,0.463,0.2918,3.3368,-0.1038,-0.0504,1.2673,0.3222,-7.2266,-9.5241,-7.2807,-7.1331,0.1302
25.6440,clay,0.566,0.468,0.3390,3.3467,-0.1424,-0.0427,0.6268,-0.1051,-7.3351,-9.5474,-7.3033,-7.1587,0.1543
25.6560,clay,0.566,0.473,0.3826,3.3073,-0.1351,-0.0440,1.6935,1.4612,-7.4204,-9.5162,-7.3862,-7.2862,0.1798
25.6680,clay,0.566,0.477,0.4221,3.2533,-0.0295,-0.0248,1.6709,0.9869,-7.5924,-9.4900,-7.4729,-7.2756,0.1971
25.6800,clay,0.566,0.482,0.4569,3.3288,-0.0022,-0.0182,1.4799,1.0051,-7.7022,-9.4120,-7.3923,-7.2924,0.2171
25.6920,clay,0.566,0.487,0.4867,3.4268,-0.0280,-0.0093,1.4385,0.4000,-7.8642,-9.4151,-7.4696,-7.4610,0.2358
25.7040,clay,0.566,0.491,0.5112,3.3522,-0.0570,-0.0057,1.3928,0.3726,-7.9822,-9.3448,-7.4823,-7.4837,0.2482
25.7160,clay,0.566,0.495,0.5299,3.4015,0.0270,0.0110,1.2335,0.9362,-8.1743,-9.2705,-7.5108,-7.5131,0.2554
25.7280,clay,0.566,0.500,0.5426,3.4074,-0.0198,0.0260,1.6989,1.0120,-8.3642,-9.1789,-7.4617,-7.6215,0.2611
25.7400,clay,0.566,0.504,0.5491,3.4612,0.0486,0.0313,1.5551,0.9487,-8.4997,-9.1184,-7.5015,-7.6560,0.2710
25.7520,clay,0.566,0.508,0.5493,3.4045,0.0129,0.0405,1.2369,0.6621,-8.7132,-9.1044,-7.4674,-7.7348,0.2735
25.7640,clay,0.566,0.512,0.5432,3.4609,-0.0372,0.0440,1.4672,1.0293,-8.9243,-9.0611,-7.5169,-7.7443,0.2706
25.7760,clay,0.566,0.517,0.5308,3.4524,0.0428,0.0533,1.1283,1.0423,-9.1067,-9.0407,-7.5336,-7.7650,0.2664
25.7880,clay,0.566,0.520,0.5121,3.5168,-0.0494,0.0638,1.1743,1.2968,-9.2145,-9.0662,-7.6120,-7.8256,0.2603
25.8000,clay,0.566,0.524,0.4874,3.5250,0.0687,0.0660,1.4819,1.4139,-9.3289,-8.9750,-7.5671,-7.8650,0.2514
25.8120,clay,0.566,0.528,0.4568,3.5239,0.0912,0.0733,1.3170,1.9106,-9.4436,-8.9681,-7.7363,-7.8303,0.2369
25.8240,clay,0.566,0.532,0.4208,3.5987,0.1187,0.0748,1.0882,1.6256,-9.6408,-8.8726,-7.7632,-8.0006,0.2199
25.8360,clay,0.566,0.536,0.3797,3.5726,-0.0388,0.0790,1.6026,0.2712,-9.7555,-8.7694,-7.9388,-7.9332,0.2023
25.8480,clay,0.566,0.539,0.3339,3.6061,0.0818,0.0883,1.5294,0.8677,-9.8869,-8.7245,-7.8882,-8.1417,0.1826
25.8600,clay,0.566,0.543,0.2840,3.5096,0.0771,0.0946,1.3190,1.1079,-9.9202,-8.7568,-8.0230,-8.0349,0.1639
25.8720,clay,0.566,0.546,0.2306,3.6618,0.0329,0.0997,1.3215,-0.0636,-9.9350,-8.8076,-8.0395,-8.2504,0.1378
25.8840,clay,0.566,0.549,0.1742,3.6318,0.1187,0.1080,1.8180,1.7497,-9.9192,-8.7244,-8.1066,-8.1513,0.1059
25.8960,clay,0.566,0.553,0.1155,3.6273,0.0313,0.1065,2.0032,0.1040,-9.9895,-8.7841,-7.9241,-8.3578,0.0767
25.9080,clay,0.566,0.556,0.0553,3.6711,0.2005,0.0995,0.8932,1.0000,-10.0402,-8.7793,-7.9123,-8.3723,0.0513
25.9200,clay,0.566,0.559,-0.0057,3.6791,0.0804,0.1061,1.8888,-1.0166,-10.0082,-8.8528,-7.8899,-8.3792,0.0317
25.9320,clay,0.566,0.562,-0.0668,3.6437,0.1070,0.1081,0.8214,1.7524,-10.1152,-8.9204,-7.9532,-8.3917,-0.0081
25.9440,clay,0.566,0.564,-0.1273,3.6692,0.1548,0.1164,-0.2645,1.6400,-10.3727,-8.8115,-8.0359,-8.2881,-0.0521
25.9560,clay,0.566,0.567,-0.1862,3.6726,0.1751,0.0921,-0.1227,0.5284,-10.3352,-8.9316,-7.9885,-8.4719,-0.0723
25.9680,clay,0.566,0.570,-0.2430,3.7823,0.1568,0.0784,1.4457,0.4804,-10.2760,-9.1122,-8.1859,-8.3779,-0.1010
25.9800,clay,0.566,0.572,-0.2969,3.8394,0.1408,0.0737,0.6520,-0.4870,-10.1418,-9.2563,-8.1676,-8.5882,-0.1318
25.9920,clay,0.566,0.575,-0.3471,3.7102,0.1092,0.0618,0.8336,-0.1749,-10.0860,-9.3225,-8.2626,-8.4115,-0.1590
26.0040,clay,0.566,0.577,-0.3930,3.8909,0.0927,0.0548,1.5534,-0.4944,-10.0182,-9.4407,-8.2220,-8.4645,-0.1796
26.0160,clay,0.566,0.579,-0.4340,3.7284,0.0608,0.0467,1.3385,-0.3926,-9.9166,-9.5087,-8.2849,-8.4169,-0.2007
26.0280,clay,0.566,0.581,-0.4695,3.7655,0.0767,0.0243,0.4059,-0.5157,-9.7966,-9.6801,-8.3164,-8.4349,-0.2213
26.0400,clay,0.566,0.583,-0.4990,3.8568,0.0684,0.0202,0.2087,-0.9149,-9.7088,-9.7880,-8.3814,-8.4322,-0.2366
26.0520,clay,0.566,0.585,-0.5221,3.8842,0.1270,0.0211,0.7497,-1.2908,-9.7212,-9.8217,-8.3633,-8.5340,-0.2494
26.0640,clay,0.566,0.587,-0.5384,3.8473,0.0060,0.0145,1.3455,-0.0793,-9.7531,-9.7404,-8.4258,-8.4744,-0.2602
26.0760,clay,0.566,0.589,-0.5477,3.9972,0.1063,0.0040,0.8911,-1.3444,-9.6111,-9.9826,-8.5527,-8.5113,-0.2682
26.0880,clay,0.566,0.590,-0.5498,3.8615,-0.0381,-0.0162,0.7708,-1.7329,-9.5325,-10.1163,-8.5177,-8.5064,-0.2709
26.1000,clay,0.566,0.592,-0.5447,3.9564,0.0163,-0.0285,1.0463,-0.8359,-9.3900,-10.2468,-8.5926,-8.5668,-0.2704
26.1120,clay,0.566,0.593,-0.5322,3.8431,0.1093,-0.0357,0.9071,-1.3808,-9.2524,-10.3781,-8.5808,-8.6833,-0.2668
26.1240,clay,0.566,0.594,-0.5126,3.9858,-0.0443,-0.0418,1.4005,-0.7788,-9.2021,-10.4390,-8.6063,-8.6736,-0.2608
26.1360,clay,0.566,0.595,-0.4861,4.0690,-0.0355,-0.0458,0.4632,-1.0448,-9.0438,-10.6317,-8.7276,-8.6805,-0.2525
26.1480,clay,0.566,0.596,-0.4530,3.9353,-0.0514,-0.0623,0.2947,-1.7759,-8.9321,-10.7306,-8.7112,-8.8136,-0.2327
26.1600,clay,0.566,0.597,-0.4136,3.9882,-0.0378,-0.0673,1.0895,-1.4145,-8.7192,-10.8846,-8.7873,-8.6972,-0.2137
26.1720,clay,0.566,0.598,-0.3685,3.9809,0.0182,-0.0665,0.9945,-1.4324,-8.7440,-10.8530,-8.8191,-8.7105,-0.1946
26.1840,clay,0.566,0.599,-0.3183,3.9332,-0.0592,-0.0699,1.2058,-1.3364,-8.7806,-10.7619,-8.8307,-8.5783,-0.1760
26.1960,clay,0.566,0.599,-0.2636,4.0136,-0.0483,-0.0795,1.6213,-1.1979,-8.7409,-10.7857,-8.8788,-8.6270,-0.1508
26.2080,clay,0.566,0.599,-0.2051,4.0154,0.0228,-0.0881,1.0093,-1.1873,-8.6804,-10.8556,-8.9135,-8.7706,-0.1229
26.2200,clay,0.566,0.600,-0.1436,4.0552,-0.1070,-0.0950,1.9256,-1.1906,-8.4916,-10.9308,-9.0972,-8.7671,-0.0900
26.2320,clay,0.566,0.600,-0.0800,4.0166,-0.0759,-0.1042,0.2330,-0.8296,-8.3862,-11.0233,-9.0401,-8.8307,-0.0461
26.2440,clay,0.566,0.600,-0.0151,3.9561,-0.0226,-0.0964,1.6613,-1.6963,-8.4755,-11.0086,-9.0727,-8.7310,-0.0250
26.2560,clay,0.566,0.600,0.0501,4.0890,-0.2018,-0.0856,0.2416,0.8194,-8.6491,-10.9352,-8.9926,-8.8112,-0.0023
26.2680,clay,0.566,0.600,0.1148,4.1896,-0.1675,-0.0834,0.0410,-0.7354,-8.5088,-10.9870,-9.0724,-8.8341,0.0373
26.2800,clay,0.566,0.600,0.1780,4.0911,-0.1408,-0.0761,1.2627,0.0938,-8.4750,-11.0161,-9.0659,-8.8436,0.0746
26.2920,clay,0.566,0.599,0.2388,4.0507,-0.1105,-0.0723,1.1695,0.1167,-8.5760,-10.9845,-9.0663,-8.8317,0.1066
26.3040,clay,0.566,0.599,0.2963,4.1087,-0.0509,-0.0636,1.0108,-0.2600,-8.7875,-10.8913,-9.0643,-8.8787,0.1328
26.3160,clay,0.566,0.598,0.3497,4.1654,-0.0928,-0.0593,0.2319,1.6200,-8.8516,-10.7785,-8.9531,-8.8577,0.1602
26.3280,clay,0.566,0.597,0.3981,4.0987,-0.1238,-0.0338,0.9633,0.1062,-8.9679,-10.7496,-9.0803,-9.0538,0.1846
26.3400,clay,0.566,0.596,0.4409,4.0615,-0.0758,-0.0243,1.0734,0.7244,-9.0445,-10.6369,-9.0010,-8.9966,0.2056
26.3520,clay,0.566,0.595,0.4774,4.1506,-0.1176,-0.0199,0.8175,0.3320,-9.1105,-10.5954,-9.0555,-8.9987,0.2264
26.3640,clay,0.566,0.594,0.5069,4.1651,-0.0571,-0.0121,1.8632,-0.0452,-9.1766,-10.5448,-9.0767,-9.0995,0.2452
26.3760,clay,0.566,0.593,0.5290,4.1334,0.0297,0.0013,0.4770,0.2749,-9.2802,-10.4920,-9.0570,-9.1310,0.2533
26.3880,clay,0.566,0.592,0.5434,4.1771,-0.0185,0.0211,0.2823,1.3280,-9.4772,-10.2449,-9.0100,-9.1258,0.2567
26.4000,clay,0.566,0.590,0.5497,4.1541,-0.0024,0.0271,0.7590,1.3054,-9.4940,-10.2300,-9.0483,-9.1511,0.2685
26.4120,clay,0.566,0.589,0.5478,4.2383,0.0539,0.0319,0.1977,1.1509,-9.5743,-10.1349,-9.0172,-9.1997,0.2769
26.4240,clay,0.566,0.587,0.5377,4.1824,0.1069,0.0381,0.7045,1.8990,-9.7577,-10.1038,-9.2290,-9.3263,0.2751
26.4360,clay,0.566,0.585,0.5196,4.2040,-0.0142,0.0515,0.6495,0.7961,-9.8887,-9.7831,-9.1642,-9.2830,0.2612
26.4480,clay,0.566,0.584,0.4935,4.1471,0.0343,0.0617,0.8213,0.2539,-10.0158,-9.6222,-9.2393,-9.2740,0.2491
26.4600,clay,0.566,0.582,0.4598,4.3235,0.0040,0.0695,0.5060,0.8010,-10.1210,-9.5032,-9.2227,-9.2834,0.2432
26.4720,clay,0.566,0.580,0.4191,4.1507,0.0565,0.0881,0.1502,1.1025,-10.2235,-9.3898,-9.0440,-9.4594,0.2180
26.4840,clay,0.566,0.577,0.3719,4.2920,0.0949,0.0902,0.5193,1.6642,-10.2002,-9.3589,-9.1067,-9.3773,0.2025
26.4960,clay,0.566,0.575,0.3188,4.1992,0.1186,0.0976,0.7977,0.5487,-10.2460,-9.2713,-9.0986,-9.3869,0.1806
26.5080,clay,0.566,0.573,0.2607,4.3085,0.0325,0.1069,0.3903,1.6015,-10.3665,-9.2080,-9.0683,-9.4471,0.1551
26.5200,clay,0.566,0.570,0.1984,4.3180,0.1101,0.1138,0.3693,1.6846,-10.4790,-9.1177,-9.1352,-9.4546,0.1222
26.5320,clay,0.566,0.568,0.1329,4.2487,0.1335,0.1132,0.1100,1.8379,-10.6609,-8.9308,-9.0092,-9.5734,0.0824
26.5440,clay,0.566,0.565,0.0652,4.2094,0.1855,0.1080,0.5260,1.4363,-10.5320,-9.0171,-9.2115,-9.4569,0.0526
26.5560,clay,0.566,0.562,-0.0037,4.2971,0.2181,0.0973,1.4711,1.2274,-10.4768,-9.0012,-9.2447,-9.4764,0.0237
26.5680,clay,0.566,0.559,-0.0726,4.3090,0.1311,0.0937,0.1930,0.1060,-10.3445,-9.1042,-9.1968,-9.5088,-0.0020
26.5800,clay,0.566,0.556,-0.1406,4.2361,0.0942,0.1011,0.6977,0.0383,-10.5111,-8.9386,-9.2067,-9.5013,-0.0470
26.5920,clay,0.566,0.553,-0.2065,4.2817,0.0651,0.0963,0.4432,0.0514,-10.7966,-8.7460,-9.1610,-9.5200,-0.0877
26.6040,clay,0.566,0.550,-0.2692,4.3835,0.1161,0.0877,0.2312,1.3733,-10.8585,-8.7631,-9.2791,-9.6038,-0.1149
26.6160,clay,0.566,0.547,-0.3278,4.2896,0.1505,0.0801,1.3231,0.3994,-10.6680,-8.8836,-9.3034,-9.5535,-0.1467
26.6280,clay,0.566,0.543,-0.3811,4.3557,0.1373,0.0553,0.1388,0.1119,-10.5619,-9.0421,-9.2313,-9.6364,-0.1778
26.6400,clay,0.566,0.540,-0.4284,4.3100,0.0974,0.0455,0.2782,-0.3458,-10.4357,-9.2384,-9.3226,-9.4649,-0.1995
26.6520,clay,0.566,0.536,-0.4689,4.3320,0.0759,0.0313,-0.3931,-0.0478,-10.2114,-9.3680,-9.4621,-9.4890,-0.2191
26.6640,clay,0.566,0.533,-0.5017,4.3702,0.0980,0.0213,0.5696,-0.7225,-10.0773,-9.4818,-9.4201,-9.4872,-0.2367
26.6760,clay,0.566,0.529,-0.5264,4.3737,0.0716,0.0122,0.8671,-0.8313,-9.9777,-9.5699,-9.4330,-9.4537,-0.2509
26.6880,clay,0.566,0.525,-0.5425,4.3185,0.0788,-0.0138,0.5391,-0.7978,-9.7614,-9.7364,-9.4602,-9.5175,-0.2611
26.7000,clay,0.566,0.521,-0.5496,4.2494,0.0713,-0.0218,0.4706,-1.0622,-9.6504,-9.8841,-9.4908,-9.4537,-0.2701
26.7120,clay,0.566,0.517,-0.5476,4.4211,-0.0771,-0.0258,-0.2186,-0.9072,-9.6858,-9.8213,-9.4669,-9.4760,-0.2727
26.7240,clay,0.566,0.513,-0.5365,4.3795,-0.0221,-0.0342,0.2474,-1.6861,-9.5398,-9.9848,-9.5683,-9.3532,-0.2675
26.7360,clay,0.566,0.509,-0.5164,4.4246,-0.0003,-0.0389,-0.0592,-0.8718,-9.3930,-10.1759,-9.5829,-9.4180,-0.2610
26.7480,clay,0.566,0.505,-0.4875,4.3802,-0.0067,-0.0549,0.5398,-1.1941,-9.3586,-10.2727,-9.5715,-9.3668,-0.2515
26.7600,clay,0.566,0.501,-0.4503,4.3583,0.0671,-0.0659,0.4600,-0.7028,-9.2069,-10.4146,-9.6767,-9.3790,-0.2332
26.7720,clay,0.566,0.496,-0.4054,4.4548,-0.0380,-0.0741,0.3709,-1.4996,-9.1316,-10.5623,-9.6350,-9.4994,-0.2150
26.7840,clay,0.566,0.492,-0.3535,4.3649,-0.0248,-0.0815,0.4201,-1.1228,-9.1099,-10.5824,-9.6961,-9.4984,-0.1953
26.7960,clay,0.566,0.487,-0.2955,4.3984,0.0119,-0.0996,0.9396,-0.6002,-8.7896,-10.7466,-9.7580,-9.4048,-0.1662
26.8080,clay,0.566,0.483,-0.2322,4.3458,-0.0589,-0.0953,0.7160,-1.4081,-8.7358,-10.9328,-9.7012,-9.4352,-0.1367
26.8200,clay,0.566,0.478,-0.1649,4.3449,0.0349,-0.0970,0.5626,-1.2668,-8.7408,-10.9521,-9.7382,-9.4009,-0.1041
26.8320,clay,0.566,0.474,-0.0945,4.4160,-0.0934,-0.0909,0.5082,-2.0025,-8.7035,-10.9893,-9.7743,-9.3958,-0.0685
26.8440,clay,0.566,0.469,-0.0223,4.3974,-0.0248,-0.0970,1.2910,-0.8507,-8.6471,-11.0123,-9.7414,-9.3972,-0.0272
26.8560,clay,0.566,0.464,0.0504,4.4733,-0.0627,-0.1042,2.4092,-1.5332,-8.4591,-11.2075,-9.7164,-9.4826,0.0229
26.8680,clay,0.566,0.459,0.1224,4.5178,-0.0603,-0.0758,0.8984,-0.0355,-8.7611,-11.0676,-9.7844,-9.5374,0.0528
26.8800,clay,0.566,0.454,0.1923,4.4600,-0.0866,-0.0700,1.1115,0.3363,-8.8558,-10.9886,-9.7017,-9.5860,0.0770
26.8920,clay,0.566,0.449,0.2590,4.4885,-0.1336,-0.0618,0.5240,1.0448,-9.0156,-10.8856,-9.6946,-9.5316,0.1034
26.9040,clay,0.566,0.445,0.3212,4.3382,-0.0969,-0.0581,0.7119,-1.0128,-8.8766,-10.9466,-9.6713,-9.5731,0.1378
26.9160,clay,0.566,0.440,0.3779,4.3199,-0.0275,-0.0419,0.5253,0.1946,-8.9153,-10.8343,-9.7158,-9.6018,0.1669
26.9280,clay,0.566,0.434,0.4279,4.4902,-0.1313,-0.0174,0.6919,0.0902,-8.9698,-10.9584,-9.8430,-9.7527,0.2050
26.9400,clay,0.566,0.429,0.4703,4.4177,-0.1199,-0.0070,0.6730,1.1680,-8.9730,-10.7215,-9.7355,-9.6265,0.2248
26.9520,clay,0.566,0.424,0.5043,4.4354,-0.1056,0.0002,0.3516,1.1387,-9.1668,-10.6237,-9.7306,-9.6579,0.2409
26.9640,clay,0.566,0.419,0.5292,4.4503,-0.1008,0.0074,0.6326,0.6309,-9.2752,-10.4141,-9.6311,-9.6783,0.2535
26.9760,clay,0.566,0.414,0.5446,4.5442,0.0215,0.0141,0.4499,1.1977,-9.4047,-10.2892,-9.6315,-9.6900,0.2648
26.9880,clay,0.566,0.409,0.5500,4.4854,-0.0221,0.0355,0.2607,0.2909,-9.4954,-10.1831,-9.5642,-9.7844,0.2734
27.0000,clay,0.566,0.403,0.5454,4.3693,0.0576,0.0437,0.4698,0.8899,-9.6267,-10.0354,-9.6002,-9.7954,0.2750
27.0120,clay,0.566,0.398,0.5307,4.4820,0.1159,0.0589,0.4540,0.8311,-9.8227,-9.8108,-9.5302,-9.7617,0.2677
27.0240,clay,0.566,0.393,0.5062,4.5203,0.0557,0.0673,0.2858,2.0026,-9.9827,-9.6705,-9.5771,-9.7513,0.2586
27.0360,clay,0.566,0.388,0.4722,4.4665,0.1211,0.0723,-0.2375,1.6033,-10.1093,-9.5627,-9.5859,-9.7370,0.2467
27.0480,clay,0.566,0.382,0.4294,4.5002,0.0387,0.0809,0.0659,2.2711,-10.2815,-9.4214,-9.5502,-9.8775,0.2270
27.0600,clay,0.566,0.377,0.3784,4.5116,0.0227,0.0852,-0.2674,1.6781,-10.4157,-9.3193,-9.6427,-9.8832,0.2044
27.0720,clay,0.566,0.372,0.3203,4.3789,0.1110,0.0898,0.2101,1.1702,-10.4341,-9.2161,-9.6304,-9.8109,0.1797
27.0840,clay,0.566,0.366,0.2560,4.4776,0.0825,0.0969,0.4585,1.8836,-10.5455,-9.0613,-9.6046,-9.8266,0.1524
27.0960,clay,0.566,0.361,0.1867,4.4569,0.1456,0.1015,0.0465,1.7429,-10.5481,-9.0778,-9.5877,-9.9255,0.1240
27.1080,clay,0.566,0.355,0.1138,4.4594,0.0828,0.1076,2.5997,0.9032,-10.6858,-8.8846,-9.5734,-9.9912,0.0865
27.1200,clay,0.566,0.350,0.0385,4.5096,0.0471,0.1126,0.1291,1.2172,-10.8499,-8.8269,-9.4573,-9.9571,0.0459
27.1320,clay,0.566,0.345,-0.0377,4.3513,0.2319,0.1103,-0.6936,1.1829,-10.8439,-8.8759,-9.5308,-9.8991,0.0030
27.1440,clay,0.566,0.339,-0.1132,4.4245,0.0802,0.1054,-0.9005,1.5695,-10.8716,-8.9162,-9.6165,-9.8487,-0.0336
27.1560,clay,0.566,0.334,-0.1868,4.5287,0.0833,0.1121,3.3809,-2.9857,-10.8340,-8.7839,-9.4976,-9.7293,-0.0909
27.1680,clay,0.566,0.328,-0.2568,4.5349,0.0883,0.0651,0.2680,0.1267,-10.7975,-8.8790,-9.6476,-9.7914,-0.1236
27.1800,clay,0.566,0.323,-0.3220,4.4441,0.0231,0.0473,0.4224,-0.7986,-10.5839,-8.9979,-9.6464,-9.8279,-0.1485
27.1920,clay,0.566,0.318,-0.3811,4.5319,0.1083,0.0417,-1.0260,-0.7216,-10.4756,-9.0121,-9.7159,-9.8441,-0.1762
27.2040,clay,0.566,0.312,-0.4327,4.4562,0.0956,0.0379,0.1066,-0.1162,-10.4874,-9.0532,-9.7348,-9.8488,-0.1998
27.2160,clay,0.566,0.307,-0.4760,4.4368,0.0721,0.0252,1.0716,-0.9826,-10.4118,-8.9835,-9.6974,-9.8498,-0.2211
27.2280,clay,0.566,0.302,-0.5099,4.5412,0.1029,0.0023,-0.6674,-0.9450,-10.2847,-9.1682,-9.7323,-9.7860,-0.2412
27.2400,clay,0.566,0.297,-0.5338,4.5130,0.0938,-0.0006,0.0124,-0.8495,-10.1009,-9.3064,-9.7915,-9.7319,-0.2556
27.2520,clay,0.566,0.291,-0.5472,4.5109,0.0558,-0.0108,-0.1354,-1.3095,-9.9352,-9.4576,-9.9241,-9.7030,-0.2674
27.2640,clay,0.566,0.286,-0.5496,4.4687,0.0287,-0.0186,0.5089,-0.5926,-9.8094,-9.6054,-9.8118,-9.6665,-0.2714
27.2760,clay,0.566,0.281,-0.5409,4.5289,0.0917,-0.0436,-0.3720,-0.5547,-9.6424,-9.7845,-9.8386,-9.7113,-0.2669
27.2880,clay,0.566,0.276,-0.5214,4.4308,0.0916,-0.0557,0.4817,-1.0458,-9.4150,-9.9885,-9.8919,-9.7205,-0.2639
27.3000,clay,0.566,0.271,-0.4913,4.4881,-0.0423,-0.0623,0.2185,-1.0607,-9.2565,-10.1137,-9.9402,-9.7186,-0.2571
27.3120,clay,0.566,0.266,-0.4512,4.5763,-0.0011,-0.0772,0.6162,-1.0424,-9.1048,-10.2573,-9.8570,-9.7243,-0.2375
27.3240,clay,0.566,0.260,-0.4018,4.4328,-0.0371,-0.0780,-0.3592,-2.0453,-9.0192,-10.3905,-9.9026,-9.6437,-0.2168
27.3360,clay,0.566,0.255,-0.3441,4.4995,-0.0762,-0.0819,-1.0917,-0.1511,-8.9901,-10.4745,-9.9128,-9.5950,-0.1902
27.3480,clay,0.566,0.251,-0.2792,4.4980,-0.0240,-0.0840,0.4046,-1.2522,-8.9800,-10.5502,-9.8701,-9.6419,-0.1623
27.3600,clay,0.566,0.246,-0.2085,4.5277,-0.0672,-0.0910,0.5785,-0.3590,-8.9362,-10.5991,-9.9425,-9.6456,-0.1320
27.3720,clay,0.566,0.241,-0.1333,4.5060,-0.1365,-0.0977,0.0227,-1.3866,-8.9531,-10.6690,-9.8987,-9.6542,-0.0987
27.3840,clay,0.566,0.236,-0.0552,4.5140,-0.0165,-0.1127,0.9355,-1.9656,-8.6566,-10.9202,-9.9216,-9.6668,-0.0486
27.3960,clay,0.566,0.231,0.0242,4.5457,-0.0760,-0.1184,-0.2333,-1.8836,-8.4219,-11.1490,-9.9367,-9.6652,0.0037
27.4080,clay,0.566,0.226,0.1033,4.4883,-0.0575,-0.0875,-0.6554,-0.8081,-8.6726,-11.0171,-9.9444,-9.6411,0.0371
27.4200,clay,0.566,0.222,0.1803,4.5149,-0.0903,-0.0764,0.3706,-0.2962,-8.8869,-10.8433,-9.8903,-9.6311,0.0635
27.4320,clay,0.566,0.217,0.2536,4.5026,-0.0774,-0.0601,0.3161,-0.5330,-8.9483,-10.7819,-9.8914,-9.7361,0.0953
27.4440,clay,0.566,0.213,0.3218,4.5067,-0.0372,-0.0541,-0.0548,-0.1952,-8.9554,-10.7123,-9.8894,-9.6642,0.1260
27.4560,clay,0.566,0.208,0.3832,4.4639,-0.0749,-0.0453,0.6704,0.0337,-8.8418,-10.7716,-9.8765,-9.7103,0.1669
27.4680,clay,0.566,0.204,0.4366,4.5232,-0.0598,-0.0359,0.4980,0.2106,-8.7010,-10.7518,-9.7654,-9.7290,0.2076
27.4800,clay,0.566,0.199,0.4807,4.6566,-0.0146,-0.0252,0.6794,-0.1430,-8.5965,-10.8024,-9.7217,-9.7878,0.2422
27.4920,clay,0.566,0.195,0.5146,4.4823,-0.0850,-0.0031,-0.3903,0.8390,-8.8023,-10.5409,-9.7923,-9.8188,0.2574
27.5040,clay,0.566,0.191,0.5375,4.4898,0.0484,0.0086,1.8779,0.8838,-8.9267,-10.3017,-9.7100,-9.8091,0.2684
27.5160,clay,0.566,0.187,0.5488,4.5142,-0.0460,0.0177,-0.0496,0.3339,-9.1649,-10.0416,-9.7440,-9.8094,0.2702
27.5280,clay,0.566,0.183,0.5482,4.4525,-0.0014,0.0299,-0.3958,1.5264,-9.3849,-9.8229,-9.7224,-9.8656,0.2680
27.5400,clay,0.566,0.179,0.5357,4.5200,0.0083,0.0362,-0.1300,0.7884,-9.5255,-9.6498,-9.6982,-9.9013,0.2691
27.5520,clay,0.566,0.175,0.5114,4.4686,0.0835,0.0446,-0.0606,1.0706,-9.6432,-9.5178,-9.7129,-9.8412,0.2645
27.5640,clay,0.566,0.171,0.4758,4.5411,-0.0234,0.0544,-0.5702,1.3008,-9.7933,-9.3503,-9.7173,-9.8729,0.2477
27.5760,clay,0.566,0.167,0.4298,4.4413,0.1051,0.0600,0.0514,0.8053,-9.9179,-9.1640,-9.7162,-9.8638,0.2280
27.5880,clay,0.566,0.164,0.3741,4.5596,0.0135,0.0717,-0.3850,1.2264,-9.9866,-9.0197,-9.6882,-9.9132,0.2076
27.6000,clay,0.566,0.160,0.3100,4.5561,0.0535,0.0810,-0.3382,1.2585,-10.1115,-8.9298,-9.5862,-9.9775,0.1809
27.6120,clay,0.566,0.157,0.2389,4.4998,0.0493,0.0944,-0.3130,1.2779,-10.2695,-8.7914,-9.5605,-9.9516,0.1481
27.6240,clay,0.566,0.153,0.1624,4.4734,0.1128,0.1023,-1.1312,5.0049,-10.3894,-8.6817,-9.4658,-9.9565,0.1098
27.6360,clay,0.566,0.150,0.0821,4.4478,0.1054,0.0998,-0.0845,-0.1199,-10.4522,-8.6885,-9.5017,-9.9637,0.0724
27.6480,clay,0.566,0.147,-0.0003,4.5021,0.0813,0.0960,-1.0705,0.2271,-10.4643,-8.6418,-9.5128,-9.9395,0.0312
27.6600,clay,0.566,0.144,-0.0827,4.4135,0.0684,0.1030,-0.4414,-0.3922,-10.4981,-8.4603,-9.4488,-9.8869,-0.0212
27.6720,clay,0.566,0.141,-0.1635,4.4769,0.1811,0.0809,0.1456,-1.0620,-10.1658,-8.7500,-9.5336,-9.9061,-0.0479
27.6840,clay,0.566,0.138,-0.2406,4.4788,0.1635,0.0778,-0.1340,0.6135,-10.1360,-8.6715,-9.5562,-9.7664,-0.0852
27.6960,clay,0.566,0.135,-0.3124,4.5182,0.0728,0.0788,-0.0455,1.0858,-10.2730,-8.3476,-9.5356,-9.7809,-0.1313
27.7080,clay,0.566,0.132,-0.3772,4.4869,0.0830,0.0592,-0.3481,-0.4036,-10.3930,-8.1722,-9.5369,-9.7519,-0.1750
27.7200,clay,0.566,0.130,-0.4334,4.4219,0.0608,0.0467,-2.4069,2.5094,-10.2023,-8.1312,-9.5800,-9.6987,-0.2003
27.7320,clay,0.566,0.127,-0.4797,4.3357,0.0224,0.0264,-0.7291,-1.2974,-9.8539,-8.4823,-9.6057,-9.6880,-0.2135
27.7440,clay,0.566,0.125,-0.5150,4.5612,-0.0091,0.0235,-0.8698,-0.2886,-9.6290,-8.5622,-9.5501,-9.8096,-0.2360
27.7560,clay,0.566,0.123,-0.5384,4.4859,0.0370,0.0118,0.1096,-1.0346,-9.5079,-8.6123,-9.6485,-9.6316,-0.2602
27.7680,clay,0.566,0.120,-0.5492,4.3947,-0.0020,-0.0170,0.1326,-0.7419,-9.4263,-8.6958,-9.7731,-9.6443,-0.2742
27.7800,clay,0.566,0.118,-0.5472,4.4142,-0.0499,-0.0374,-0.2620,-1.6871,-9.1308,-8.7352,-9.6226,-9.5656,-0.2737
27.7920,clay,0.566,0.116,-0.5324,4.4385,-0.0795,-0.0400,-0.2686,-1.7282,-8.8158,-8.9726,-9.6780,-9.5246,-0.2671
27.8040,clay,0.566,0.115,-0.5050,4.5283,-0.1495,-0.0466,-0.2973,-0.4563,-8.6178,-9.1311,-9.6605,-9.5489,-0.2586
27.8160,clay,0.566,0.113,-0.4655,4.4810,-0.0636,-0.0551,-1.0358,-0.7899,-8.5429,-9.1681,-9.6389,-9.5066,-0.2445
27.8280,clay,0.566,0.111,-0.4150,4.4442,-0.0092,-0.0630,-0.5652,-1.3138,-8.4811,-9.2800,-9.6889,-9.3846,-0.2267
27.8400,clay,0.566,0.110,-0.3545,4.4521,-0.0264,-0.0741,-0.4500,-1.6420,-8.3523,-9.4417,-9.6448,-9.3933,-0.1981
27.8520,clay,0.566,0.108,-0.2854,4.3927,-0.1122,-0.0860,-0.0104,-2.1270,-8.1487,-9.6134,-9.6181,-9.3975,-0.1562
27.8640,clay,0.566,0.107,-0.2093,4.4019,-0.1124,-0.0873,-0.6162,-1.6846,-8.1303,-9.7388,-9.6336,-9.2862,-0.1216
27.8760,clay,0.566,0.106,-0.1281,4.4032,-0.0255,-0.0877,0.0342,-2.2234,-8.1550,-9.8739,-9.5918,-9.3414,-0.0882
27.8880,clay,0.566,0.105,-0.0436,4.3295,-0.1232,-0.0783,-0.7528,-1.7878,-7.9820,-9.9343,-9.5766,-9.2819,-0.0506
27.9000,clay,0.566,0.104,0.0421,4.2956,-0.0587,-0.0854,-0.1691,-0.6015,-8.1628,-9.8393,-9.6229,-9.2382,-0.0142
27.9120,clay,0.566,0.103,0.1269,4.3008,-0.0794,-0.0809,2.1701,-0.3735,-7.8682,-9.9138,-9.5529,-9.2826,0.0275
27.9240,clay,0.566,0.102,0.2087,4.4601,-0.1472,-0.0830,2.7782,-1.6510,-7.8142,-9.9536,-9.5270,-9.2287,0.0806
27.9360,clay,0.566,0.101,0.2856,4.3464,-0.1418,-0.0743,-1.2687,-1.1549,-7.7136,-9.9187,-9.6023,-9.3139,0.1177
27.9480,clay,0.566,0.101,0.3556,4.3846,-0.0708,-0.0451,-0.1549,-0.2193,-7.7722,-9.7861,-9.4659,-9.2909,0.1493
27.9600,clay,0.566,0.100,0.4169,4.3208,0.0130,-0.0431,-0.3913,0.6565,-7.8911,-9.5758,-9.4557,-9.2851,0.1776
27.9720,clay,0.566,0.100,0.4681,4.3537,-0.1738,-0.0419,-0.2221,0.0234,-7.6237,-9.6576,-9.3772,-9.3184,0.2243
27.9840,clay,0.566,0.100,0.5076,4.4250,-0.0701,-0.0221,-0.7832,-0.3989,-7.6895,-9.4496,-9.3948,-9.3397,0.2517
27.9960,clay,0.566,0.100,0.5346,4.2788,-0.1006,-0.0103,-0.6267,1.2581,-7.8107,-9.2320,-9.3193,-9.3223,0.2649
28.0080,clay,0.566,0.100,0.5483,4.3943,-0.0672,0.0181,-1.1193,0.3272,-7.9977,-8.9366,-9.2475,-9.4480,0.2668
28.0200,clay,0.566,0.100,0.5482,4.3115,-0.0351,0.0253,-0.9173,1.0923,-8.1843,-8.7005,-9.2350,-9.3998,0.2674
28.0320,clay,0.566,0.101,0.5344,4.3245,0.0251,0.0334,-0.9244,0.7398,-8.2550,-8.5493,-9.2971,-9.2945,0.2702
28.0440,clay,0.566,0.101,0.5070,4.3523,-0.0063,0.0388,-0.6491,1.4635,-8.3911,-8.4089,-9.2357,-9.3091,0.2647
28.0560,clay,0.566,0.101,0.4667,4.3000,0.0255,0.0409,-0.7648,1.0529,-8.5219,-8.2049,-9.1398,-9.4362,0.2478
28.0680,clay,0.566,0.102,0.4144,4.2990,0.0796,0.0559,-0.5647,0.4978,-8.7217,-8.0194,-9.1227,-9.3240,0.2257
28.0800,clay,0.566,0.103,0.3515,4.2134,-0.0566,0.0614,-0.9998,1.3096,-8.8966,-7.8185,-9.1163,-9.3193,0.1999
28.0920,clay,0.566,0.104,0.2795,4.3270,0.0278,0.0734,-1.9486,1.2759,-9.1145,-7.5962,-9.0615,-9.2638,0.1621
28.1040,clay,0.566,0.105,0.2002,4.2101,0.0218,0.0842,0.6566,1.7997,-9.3476,-7.4536,-8.9983,-9.2557,0.1215
28.1160,clay,0.566,0.106,0.1156,4.2775,0.0377,0.0832,-0.7000,1.9810,-9.4103,-7.4770,-8.9714,-9.2817,0.0887
28.1280,clay,0.566,0.107,0.0278,4.2666,0.1324,0.0790,-1.2551,1.3321,-9.5049,-7.4800,-8.9299,-9.2089,0.0477
28.1400,clay,0.566,0.108,-0.0608,4.2645,0.1562,0.0817,-0.8866,0.8465,-9.4732,-7.6274,-8.9144,-9.2136,0.0031
28.1520,clay,0.566,0.110,-0.1480,4.2472,0.1220,0.0757,-1.8874,0.7753,-9.4499,-7.6165,-8.8702,-9.1808,-0.0432
28.1640,clay,0.566,0.111,-0.2314,4.2104,0.0787,0.0751,-2.4985,1.7187,-9.4264,-7.4760,-8.8646,-9.1318,-0.0966
28.1760,clay,0.566,0.113,-0.3090,4.1659,0.1258,0.0583,-0.0105,-0.4393,-9.3286,-7.4276,-8.9375,-9.0270,-0.1384
28.1880,clay,0.566,0.115,-0.3785,4.1157,0.0377,0.0305,-0.4200,-1.2038,-9.1318,-7.4284,-8.9239,-9.0076,-0.1738
28.2000,clay,0.566,0.117,-0.4381,4.0837,0.1223,0.0070,-0.3823,-0.3570,-9.0050,-7.3466,-8.9658,-9.0422,-0.2015
28.2120,clay,0.566,0.119,-0.4863,4.1358,0.0349,0.0064,-0.5441,-1.1505,-8.8058,-7.4514,-8.9683,-9.0400,-0.2216
28.2240,clay,0.566,0.121,-0.5216,4.2265,0.0241,0.0055,-1.0065,0.3545,-8.7826,-7.4341,-8.9415,-8.9683,-0.2473
28.2360,clay,0.566,0.123,-0.5430,4.1702,0.0471,-0.0013,-0.3000,-1.4472,-8.7365,-7.4415,-8.9323,-8.9348,-0.2671
28.2480,clay,0.566,0.125,-0.5500,4.1671,0.0713,-0.0232,-0.7658,-1.4532,-8.5595,-7.4605,-9.0110,-8.9350,-0.2760
28.2600,clay,0.566,0.128,-0.5422,4.0975,0.0135,-0.0334,-0.7211,-1.2499,-8.2836,-7.7109,-9.0438,-8.8247,-0.2740
28.2720,clay,0.566,0.130,-0.5198,4.0829,0.0984,-0.0416,0.0503,-1.1813,-8.0302,-7.8888,-8.8269,-9.0097,-0.2640
28.2840,clay,0.566,0.133,-0.4833,4.1699,-0.0692,-0.0483,-0.5558,-1.6455,-7.8312,-8.1775,-9.0288,-8.7364,-0.2511
28.2960,clay,0.566,0.136,-0.4337,4.0310,0.0532,-0.0676,-0.5310,-0.7892,-7.7159,-8.3695,-8.9149,-8.7318,-0.2335
28.3080,clay,0.566,0.138,-0.3721,4.0747,-0.0675,-0.0798,-0.5257,-1.3395,-7.6196,-8.5377,-8.9428,-8.7072,-0.2087
28.3200,clay,0.566,0.141,-0.3004,4.1155,-0.0627,-0.0902,-0.4043,-1.2926,-7.3037,-8.8618,-9.0027,-8.6580,-0.1750
28.3320,clay,0.566,0.144,-0.2203,3.9928,-0.0439,-0.0918,-1.2557,-1.6189,-7.0968,-9.0838,-8.9707,-8.6432,-0.1381
28.3440,clay,0.566,0.147,-0.1340,4.1367,-0.0266,-0.1037,-0.0864,-4.9931,-6.9303,-9.3353,-8.9683,-8.6294,-0.0880
28.3560,clay,0.566,0.151,-0.0438,4.0968,-0.0820,-0.0943,-0.8419,-2.1730,-7.0652,-9.4350,-8.9153,-8.6509,-0.0482
28.3680,clay,0.566,0.154,0.0476,4.0008,-0.1125,-0.0749,-1.0603,-0.7669,-7.2573,-9.3519,-8.9259,-8.5826,-0.0127
28.3800,clay,0.566,0.157,0.1380,4.0517,-0.0908,-0.0745,0.2465,-1.0590,-7.4011,-9.2379,-8.8985,-8.4843,0.0302
28.3920,clay,0.566,0.161,0.2246,3.9985,-0.0675,-0.0714,-0.0481,-0.2828,-7.2517,-9.3264,-8.8500,-8.5884,0.0766
28.4040,clay,0.566,0.164,0.3051,4.0781,-0.1227,-0.0710,2.3134,-0.2437,-7.0218,-9.4227,-8.8485,-8.5794,0.1349
28.4160,clay,0.566,0.168,0.3771,4.0066,-0.1562,-0.0637,-1.1173,1.1584,-6.9457,-9.4259,-8.8094,-8.5111,0.1773
28.4280,clay,0.566,0.172,0.4387,4.0384,-0.0660,-0.0200,-0.7506,0.8786,-7.1865,-9.1582,-8.7200,-8.6479,0.1978
28.4400,clay,0.566,0.176,0.4880,4.0644,-0.0573,-0.0085,-0.2458,0.6269,-7.4738,-8.7889,-8.7448,-8.7216,0.2093
28.4520,clay,0.566,0.180,0.5237,3.9347,-0.0492,-0.0035,-0.5040,0.9412,-7.4969,-8.7380,-8.6758,-8.7013,0.2371
28.4640,clay,0.566,0.183,0.5445,3.9568,-0.0722,-0.0051,-1.5124,-0.2907,-7.3440,-8.7857,-8.6990,-8.6979,0.2727
28.4760,clay,0.566,0.188,0.5498,3.9450,-0.0955,0.0171,-1.3179,0.8488,-7.5677,-8.5047,-8.5710,-8.7818,0.2705
28.4880,clay,0.566,0.192,0.5395,3.9699,-0.0704,0.0318,-0.3120,1.9395,-7.8308,-8.2152,-8.5525,-8.7856,0.2666
28.5000,clay,0.566,0.196,0.5136,3.9798,0.0331,0.0356,-0.2332,1.1732,-7.9998,-8.0672,-8.5540,-8.7518,0.2645
28.5120,clay,0.566,0.200,0.4730,3.9803,0.0327,0.0511,-0.3957,0.1374,-8.1801,-7.8595,-8.5786,-8.7093,0.2505
28.5240,clay,0.566,0.205,0.4187,3.9138,-0.0223,0.0577,-0.3331,1.7296,-8.3747,-7.6873,-8.4729,-8.7855,0.2329
28.5360,clay,0.566,0.209,0.3522,3.9643,-0.0318,0.0668,-0.3346,2.4029,-8.6626,-7.4277,-8.5043,-8.7188,0.2000
28.5480,clay,0.566,0.213,0.2754,3.9317,0.1033,0.0726,-0.3296,1.6601,-8.8846,-7.2436,-8.4211,-8.7742,0.1654
28.5600,clay,0.566,0.218,0.1904,3.8792,-0.0046,0.0747,0.1583,2.2889,-9.0502,-7.2044,-8.4115,-8.8656,0.1343
28.5720,clay,0.566,0.223,0.0998,3.9930,0.1649,0.0982,-0.4439,4.2223,-9.4506,-6.8174,-8.3803,-8.8311,0.0599
28.5840,clay,0.566,0.227,0.0061,3.9479,0.0409,0.0843,-0.6812,1.9128,-9.6287,-6.7687,-8.4020,-8.6539,0.0121
28.5960,clay,0.566,0.232,-0.0880,3.9242,0.0943,0.0659,-0.6159,2.1933,-9.3679,-7.2828,-8.3113,-8.6301,-0.0108
28.6080,clay,0.566,0.237,-0.1796,3.9417,0.0522,0.0420,0.3082,0.9462,-8.9066,-7.7693,-8.3990,-8.5997,-0.0275
28.6200,clay,0.566,0.242,-0.2660,3.9395,0.1001,0.0425,0.6728,0.7540,-9.0001,-7.5115,-8.5178,-8.4880,-0.0723
28.6320,clay,0.566,0.246,-0.3447,3.9078,0.0502,0.0398,-3.6448,0.4227,-9.0399,-7.3269,-8.5079,-8.5129,-0.1173
28.6440,clay,0.566,0.251,-0.4132,3.9330,0.1307,0.0353,-0.2349,2.0648,-9.0631,-7.2129,-8.5185,-8.4935,-0.1583
28.6560,clay,0.566,0.256,-0.4696,3.9499,0.1149,0.0261,0.2543,-1.6267,-8.9834,-7.1922,-8.5604,-8.5376,-0.2009
28.6680,clay,0.566,0.261,-0.5119,3.9218,0.0666,0.0088,0.8953,-0.6441,-9.1324,-6.9541,-8.5012,-8.5595,-0.2531
28.6800,clay,0.566,0.266,-0.5390,3.9185,0.0688,-0.0179,-2.1073,0.2455,-8.9971,-7.0927,-8.4955,-8.5219,-0.2779
28.6920,clay,0.566,0.271,-0.5498,3.9836,0.0595,-0.0271,-0.2262,-1.6479,-8.7173,-7.4073,-8.5948,-8.4367,-0.2832
28.7040,clay,0.566,0.277,-0.5440,3.9713,-0.0355,-0.0400,-0.8615,-0.6889,-8.3761,-7.7319,-8.6879,-8.4442,-0.2767
28.7160,clay,0.566,0.282,-0.5218,3.8911,0.0473,-0.0497,-0.4252,-1.5292,-8.1237,-7.9670,-8.6200,-8.4244,-0.2645
28.7280,clay,0.566,0.287,-0.4836,3.8911,-0.0322,-0.0669,0.0587,-1.3049,-7.8767,-8.3357,-8.6415,-8.3736,-0.2518
28.7400,clay,0.566,0.292,-0.4307,3.8990,-0.0156,-0.0806,0.1388,-1.1704,-7.7490,-8.5478,-8.7556,-8.4163,-0.2304
28.7520,clay,0.566,0.297,-0.3645,3.9919,-0.0384,-0.0917,0.2353,-1.9403,-7.6021,-8.7963,-8.7046,-8.3643,-0.2056
28.7640,clay,0.566,0.303,-0.2869,4.0363,-0.0166,-0.1043,-0.0331,-4.3620,-7.5023,-9.0363,-8.7309,-8.4634,-0.1746
28.7760,clay,0.566,0.308,-0.2005,3.9136,-0.0787,-0.1121,0.0322,-2.1019,-7.4056,-9.2335,-8.6026,-8.4167,-0.1338
28.7880,clay,0.566,0.313,-0.1077,3.9675,-0.0443,-0.1053,-0.3232,-2.4034,-7.1259,-9.5647,-8.7269,-8.3941,-0.0879
28.8000,clay,0.566,0.319,-0.0114,3.9957,-0.0642,-0.1106,-0.2885,-1.7552,-6.8704,-9.9372,-8.6939,-8.4305,-0.0285
28.8120,clay,0.566,0.324,0.0853,3.8875,-0.0720,-0.1010,0.4498,-1.1907,-6.7494,-10.2110,-8.7067,-8.5112,0.0312
28.8240,clay,0.566,0.329,0.1796,3.9032,-0.0867,-0.0925,0.2685,-1.4395,-6.7813,-10.2975,-8.6825,-8.4084,0.0788
28.8360,clay,0.566,0.335,0.2684,3.8730,-0.0924,-0.0705,-0.3358,0.8608,-7.1456,-10.2581,-8.5459,-8.5462,0.1197
28.8480,clay,0.566,0.340,0.3489,3.9314,-0.1161,-0.0374,-1.1275,0.3468,-7.3706,-10.1869,-8.8614,-8.5636,0.1543
28.8600,clay,0.566,0.346,0.4185,4.0077,-0.0135,-0.0296,0.3917,-0.1136,-7.3444,-10.0495,-8.5397,-8.5892,0.1951
28.8720,clay,0.566,0.351,0.4751,3.9056,-0.0982,-0.0171,0.5484,-0.0370,-7.4497,-9.9335,-8.5442,-8.5834,0.2249
28.8840,clay,0.566,0.356,0.5167,3.9634,-0.0840,-0.0112,0.7391,1.6418,-7.5469,-9.8264,-8.5438,-8.7516,0.2531
28.8960,clay,0.566,0.362,0.5419,3.9471,-0.1094,0.0071,0.5173,1.1229,-7.6835,-9.6289,-8.5064,-8.7393,0.2685
28.9080,clay,0.566,0.367,0.5500,3.8718,-0.1015,0.0427,0.5033,1.1133,-7.9768,-9.3095,-8.4089,-8.7112,0.2731
28.9200,clay,0.566,0.372,0.5405,3.8767,-0.0429,0.0532,0.2065,1.6107,-8.3169,-9.0882,-8.4446,-8.6359,0.2717
28.9320,clay,0.566,0.378,0.5137,3.8424,0.0679,0.0619,0.1720,1.3162,-8.6153,-8.8881,-8.5127,-8.6353,0.2650
28.9440,clay,0.566,0.383,0.4703,3.9829,-0.0415,0.0709,-0.0132,1.3888,-8.9148,-8.7636,-8.5887,-8.6271,0.2509
28.9560,clay,0.566,0.388,0.4117,3.9336,0.0375,0.0807,0.4923,1.9948,-9.2883,-8.4531,-8.5583,-8.7147,0.2221
28.9680,clay,0.566,0.394,0.3397,3.9015,0.0244,0.0854,-0.0670,1.8561,-9.5670,-8.2621,-8.7135,-8.7951,0.1937
28.9800,clay,0.566,0.399,0.2566,3.9172,0.0056,0.1022,0.8867,1.5358,-9.7577,-8.0619,-8.5611,-8.8287,0.1566
28.9920,clay,0.566,0.404,0.1650,3.9518,0.0809,0.1066,-0.1185,1.7477,-9.9450,-7.8997,-8.6337,-8.9408,0.1177
29.0040,clay,0.566,0.410,0.0679,3.9900,0.1763,0.1122,0.4880,1.8659,-10.0679,-7.7440,-8.6056,-8.8292,0.0736
29.0160,clay,0.566,0.415,-0.0315,4.0484,0.0919,0.1201,1.3792,1.3971,-10.3756,-7.5148,-8.5495,-9.0524,0.0162
29.0280,clay,0.566,0.420,-0.1301,3.9962,0.0455,0.1034,0.0557,1.1320,-10.6886,-7.3584,-8.6308,-8.8910,-0.0360
29.0400,clay,0.566,0.425,-0.2245,4.0138,0.0286,0.0888,0.8349,0.9249,-10.7620,-7.4339,-8.5902,-8.8998,-0.0846
29.0520,clay,0.566,0.430,-0.3117,3.9860,0.0747,0.0844,-0.5015,0.9443,-10.8395,-7.5563,-8.5875,-8.9013,-0.1472
29.0640,clay,0.566,0.435,-0.3887,3.9346,0.0429,0.0659,0.0116,2.1151,-10.8289,-7.7586,-8.8273,-8.7395,-0.1896
29.0760,clay,0.566,0.440,-0.4529,3.9971,0.0633,0.0390,1.5383,-0.7489,-10.6206,-8.0503,-8.8801,-8.7766,-0.2083
29.0880,clay,0.566,0.445,-0.5021,4.0018,0.0939,0.0015,0.6061,-0.3038,-10.2387,-8.3279,-8.8872,-8.7832,-0.2269
29.1000,clay,0.566,0.450,-0.5346,4.0444,0.0772,-0.0082,0.5561,-0.8691,-10.0838,-8.3862,-8.9811,-8.7748,-0.2562
29.1120,clay,0.566,0.455,-0.5492,3.9650,0.0054,-0.0230,0.5213,-0.3333,-9.9285,-8.4771,-8.9375,-8.7272,-0.2733
29.1240,clay,0.566,0.460,-0.5454,3.9760,0.0634,-0.0453,-0.0409,-0.9651,-9.6435,-8.9322,-8.9313,-8.7216,-0.2722
29.1360,clay,0.566,0.465,-0.5232,4.0570,-0.0286,-0.0564,0.5283,-0.5814,-9.3605,-9.2892,-8.9488,-8.7925,-0.2668
29.1480,clay,0.566,0.470,-0.4833,4.0483,-0.0310,-0.0717,0.5986,-0.9911,-9.0802,-9.6120,-9.0522,-8.7448,-0.2562
29.1600,clay,0.566,0.474,-0.4270,4.0280,0.0728,-0.0801,1.0002,-2.0424,-8.7930,-10.0312,-9.0857,-8.7471,-0.2364
29.1720,clay,0.566,0.479,-0.3561,4.1292,-0.0528,-0.0941,0.7375,1.2517,-8.6867,-10.2161,-9.0726,-8.7745,-0.2060
29.1840,clay,0.566,0.484,-0.2729,4.1620,-0.0018,-0.1051,1.1224,-1.6449,-8.3479,-10.5641,-9.1371,-8.7487,-0.1674
29.1960,clay,0.566,0.488,-0.1803,4.1127,-0.0165,-0.1164,1.2580,-0.8392,-8.1682,-10.8015,-9.0384,-8.8728,-0.1238
29.2080,clay,0.566,0.493,-0.0813,4.0540,-0.1473,-0.1257,0.1587,-1.5696,-7.8211,-11.2283,-9.2242,-8.9551,-0.0508
29.2200,clay,0.566,0.497,0.0206,4.0606,-0.0697,-0.1272,2.7877,-2.1597,-7.5311,-11.6120,-9.2284,-9.1004,0.0254
29.2320,clay,0.566,0.501,0.1219,4.0241,0.0034,-0.1037,0.2557,-0.5706,-7.8358,-11.6367,-9.2211,-9.1829,0.0624
29.2440,clay,0.566,0.506,0.2191,4.0406,0.0037,-0.0840,0.4771,-1.4590,-8.1570,-11.4593,-9.0887,-9.2055,0.0861
29.2560,clay,0.566,0.510,0.3089,4.1384,-0.1106,-0.0704,-0.1725,0.7934,-8.1269,-11.4220,-9.0413,-9.2691,0.1205
29.2680,clay,0.566,0.514,0.3881,4.1232,-0.0413,-0.0457,0.6388,-0.3916,-8.0414,-11.4931,-9.1276,-9.2486,0.1673
29.2800,clay,0.566,0.518,0.4538,4.0955,-0.1453,-0.0181,0.7378,-0.7189,-8.0889,-11.5407,-9.0689,-9.2510,0.2114
29.2920,clay,0.566,0.522,0.5038,4.1095,-0.0061,-0.0069,0.6617,-0.1997,-8.2377,-11.4620,-9.0733,-9.1457,0.2371
29.3040,clay,0.566,0.526,0.5361,4.1673,-0.0017,0.0039,0.9836,0.8668,-8.4930,-11.2280,-9.0097,-9.2097,0.2554
29.3160,clay,0.566,0.529,0.5496,4.1336,0.0342,0.0147,0.4535,0.8972,-8.6745,-11.0095,-9.0859,-9.2474,0.2721
29.3280,clay,0.566,0.533,0.5437,4.1897,0.0568,0.0494,0.3241,1.0074,-8.8796,-10.7379,-9.0299,-9.3811,0.2765
29.3400,clay,0.566,0.537,0.5186,4.2212,0.0366,0.0625,0.7948,1.0187,-9.1690,-10.4482,-8.9564,-9.4122,0.2688
29.3520,clay,0.566,0.540,0.4750,4.1782,-0.0866,0.0782,0.5854,0.8824,-9.5301,-10.0250,-9.0612,-9.2984,0.2539
29.3640,clay,0.566,0.544,0.4145,4.1676,0.0037,0.0894,0.4155,1.0947,-9.8313,-9.7624,-9.0326,-9.2688,0.2322
29.3760,clay,0.566,0.547,0.3390,4.1435,0.0232,0.1169,-0.3461,1.7935,-10.2978,-9.3557,-8.9469,-9.4169,0.1908
29.3880,clay,0.566,0.550,0.2513,4.2143,0.0110,0.1124,1.1100,0.2779,-10.6989,-9.0458,-9.0746,-9.3606,0.1481
29.4000,clay,0.566,0.554,0.1545,4.2187,0.0307,0.1169,0.8028,2.2328,-10.8419,-8.8037,-9.0765,-9.3615,0.1064
29.4120,clay,0.566,0.557,0.0519,4.1378,0.0310,0.1214,1.0125,0.4522,-10.9356,-8.6993,-9.2097,-9.4622,0.0616
29.4240,clay,0.566,0.560,-0.0526,4.1884,0.0480,0.1181,1.6095,0.2292,-11.0521,-8.5433,-9.2343,-9.4942,0.0211
29.4360,clay,0.566,0.563,-0.1555,4.2469,0.0578,0.1482,-7.7330,4.9156,-11.4102,-8.1456,-9.1970,-9.6498,-0.0687
29.4480,clay,0.566,0.565,-0.2528,4.2127,-0.0179,0.0980,-0.2617,0.2549,-11.5348,-7.9185,-9.2868,-9.4942,-0.1179
29.4600,clay,0.566,0.568,-0.3410,4.2136,0.1063,0.0859,-2.9326,2.2047,-11.4816,-8.1057,-9.3275,-9.4266,-0.1536
29.4720,clay,0.566,0.571,-0.4169,4.2775,0.0693,0.0655,0.7754,1.6365,-11.3322,-8.2411,-9.2257,-9.5040,-0.1762
29.4840,clay,0.566,0.573,-0.4776,4.3601,0.0310,0.0659,0.4477,0.1645,-11.1972,-8.4373,-9.3127,-9.4328,-0.2158
29.4960,clay,0.566,0.575,-0.5209,4.3389,0.0528,0.0516,1.0456,-0.3736,-11.1136,-8.5158,-9.2883,-9.3890,-0.2547
29.5080,clay,0.566,0.578,-0.5450,4.2682,0.0302,-0.0141,0.2414,0.7751,-10.8055,-8.6330,-9.3228,-9.1683,-0.2740
29.5200,clay,0.566,0.580,-0.5491,4.3161,0.0833,-0.0406,0.9926,0.5966,-10.5340,-9.0300,-9.6317,-9.0868,-0.2719
29.5320,clay,0.566,0.582,-0.5328,4.2531,-0.0142,-0.0518,0.7387,-0.8869,-10.1534,-9.3494,-9.4803,-9.2356,-0.2671
29.5440,clay,0.566,0.584,-0.4966,4.2961,0.1122,-0.0609,0.4665,-0.9783,-9.8957,-9.6001,-9.4931,-9.2126,-0.2624
29.5560,clay,0.566,0.586,-0.4420,4.2796,0.0630,-0.0771,0.0546,-0.8420,-9.6104,-9.8542,-9.4649,-9.2331,-0.2501
29.5680,clay,0.566,0.587,-0.3707,4.2884,0.1116,-0.1127,0.6145,-1.6571,-9.0811,-10.3017,-9.5335,-9.2614,-0.2150
29.5800,clay,0.566,0.589,-0.2855,4.2868,0.0414,-0.1315,0.8508,-1.1935,-8.7282,-10.7815,-9.5846,-9.2820,-0.1605
29.5920,clay,0.566,0.591,-0.1894,4.2142,-0.0548,-0.1308,0.9826,-2.1482,-8.2946,-11.1351,-9.6629,-9.1668,-0.1052
29.6040,clay,0.566,0.592,-0.0860,4.3811,0.0376,-0.1233,0.0095,-2.6701,-8.3567,-11.1693,-9.7084,-9.1660,-0.0637
29.6160,clay,0.566,0.593,0.0208,4.3134,-0.0885,-0.1345,2.9675,-2.8322,-8.0332,-11.3606,-9.5207,-9.2439,0.0012
29.6280,clay,0.566,0.595,0.1269,4.2865,-0.0276,-0.0918,-0.2522,-0.1642,-8.1892,-11.4977,-9.6572,-9.4521,0.0411
29.6400,clay,0.566,0.596,0.2283,4.3078,-0.0164,-0.0953,1.0260,-0.5794,-8.3067,-11.3712,-9.6153,-9.4067,0.0779
29.6520,clay,0.566,0.597,0.3212,4.3040,0.0574,-0.0915,1.3528,-0.0570,-8.3150,-11.4807,-9.6760,-9.4980,0.1236
29.6640,clay,0.566,0.597,0.4019,4.2966,-0.0008,-0.0898,0.8588,-0.5511,-8.2485,-11.6468,-9.6520,-9.7002,0.1781
29.6760,clay,0.566,0.598,0.4674,4.3884,0.0717,-0.0712,-0.7000,0.2962,-8.0982,-11.5864,-9.4309,-9.6784,0.2195
29.6880,clay,0.566,0.599,0.5150,4.3794,-0.0504,-0.0255,0.1598,-0.3673,-8.2463,-11.4727,-9.5374,-9.7263,0.2493
29.7000,clay,0.566,0.599,0.5428,4.3600,0.0393,0.0047,-0.3496,-0.2201,-8.4860,-11.2419,-9.5345,-9.8691,0.2669
29.7120,clay,0.566,0.600,0.5497,4.3991,0.0098,0.0188,0.5223,0.8327,-8.7734,-10.9516,-9.4893,-9.6607,0.2738
29.7240,clay,0.566,0.600,0.5353,4.3941,-0.0453,0.0327,0.7562,1.4879,-9.0914,-10.6508,-9.5131,-9.6901,0.2734
29.7360,clay,0.566,0.600,0.5001,4.4420,0.0150,0.0479,0.0583,0.6456,-9.3898,-10.3576,-9.3477,-9.8032,0.2651
29.7480,clay,0.566,0.600,0.4453,4.3893,-0.0087,0.0827,0.3527,0.9597,-9.6257,-10.0829,-9.3634,-9.7989,0.2453
29.7600,clay,0.566,0.600,0.3731,4.3552,-0.0677,0.0934,0.6203,1.0382,-9.9199,-9.7776,-9.3850,-9.7295,0.2160
29.7720,clay,0.566,0.600,0.2862,4.3604,0.0064,0.1093,0.4834,1.5361,-10.2324,-9.4260,-9.3937,-9.8394,0.1819
29.7840,clay,0.566,0.599,0.1880,4.4037,0.0777,0.1298,-1.0658,3.1908,-10.7309,-9.0249,-9.3306,-9.9092,0.1287
29.7960,clay,0.566,0.599,0.0822,4.4110,0.1556,0.1332,0.0035,2.4931,-11.0036,-8.7976,-9.3527,-9.8251,0.0790
29.8080,clay,0.566,0.598,-0.0270,4.3948,0.0959,0.1206,0.4595,0.8059,-11.1971,-8.7252,-9.3165,-9.8541,0.0207
29.8200,clay,0.566,0.598,-0.1353,4.3888,0.0228,0.1201,0.0961,1.5889,-11.3618,-8.5854,-9.4861,-9.8283,-0.0336
29.8320,clay,0.566,0.597,-0.2383,4.4372,0.0380,0.1072,-0.0952,0.0426,-11.4322,-8.5501,-9.5070,-9.8173,-0.0841
29.8440,clay,0.566,0.596,-0.3320,4.4126,0.0243,0.1009,-0.6702,1.0097,-11.3766,-8.5265,-9.5936,-9.8071,-0.1295
29.8560,clay,0.566,0.595,-0.4126,4.4279,0.0507,0.0953,-0.7617,1.3223,-11.3939,-8.5055,-9.5807,-9.6909,-0.1814
29.8680,clay,0.566,0.594,-0.4767,4.3920,0.0374,0.0553,0.0263,0.7794,-11.2394,-8.5769,-9.5661,-9.7648,-0.2121
29.8800,clay,0.566,0.593,-0.5218,4.4192,0.0510,0.0479,0.1429,0.3633,-11.2380,-8.5205,-9.5996,-9.7915,-0.2478
29.8920,clay,0.566,0.591,-0.5460,4.3838,-0.0085,0.0266,0.3761,0.2306,-11.1805,-8.5607,-9.6503,-9.7444,-0.2747
29.9040,clay,0.566,0.590,-0.5482,4.3933,0.0707,0.0054,0.1328,0.0282,-10.9472,-8.7811,-9.7148,-9.5915,-0.2847
29.9160,clay,0.566,0.588,-0.5282,4.3962,0.0441,-0.0266,0.0368,0.1510,-10.6143,-9.1272,-9.6672,-9.6179,-0.2790
29.9280,clay,0.566,0.587,-0.4868,4.4315,-0.0060,-0.0683,1.0435,-1.0207,-10.1782,-9.4115,-9.8216,-9.4582,-0.2662
29.9400,clay,0.566,0.585,-0.4255,4.4450,0.0299,-0.0819,-0.1427,-1.6675,-9.8203,-9.7786,-9.9066,-9.5158,-0.2476
29.9520,clay,0.566,0.583,-0.3467,4.3981,0.0117,-0.1056,1.3467,-2.1235,-9.4793,-10.1416,-9.9598,-9.4472,-0.2134
29.9640,clay,0.566,0.581,-0.2537,4.4123,0.0416,-0.1324,0.8003,-4.3848,-9.0488,-10.6101,-9.8827,-9.5577,-0.1591
29.9760,clay,0.566,0.579,-0.1502,4.3646,0.0712,-0.1351,-1.7978,-0.5158,-8.5493,-11.0018,-9.8350,-9.4285,-0.1096
29.9880,clay,0.566,0.577,-0.0404,4.4306,-0.0103,-0.1216,0.5760,-1.5036,-8.6985,-11.0550,-9.8983,-9.5211,-0.0726
30.0000,clay,0.566,0.574,0.0713,4.4433,0.0100,-0.1291,0.9204,-0.3383,-8.4274,-11.2903,-9.8638,-9.5035,-0.0160
